0 0.444531 0.434259 0.0276042 0.175926
0 0.0408854 0.410185 0.0244792 0.118519
0 0.40625 0.355556 0.0270833 0.0574074
0 0.301302 0.385185 0.0203125 0.0851852
0 0.995313 0.406019 0.00833333 0.0861111
0 0.211458 0.412963 0.034375 0.0981481
0 0.443229 0.393981 0.0239583 0.0935185
0 0.697917 0.418981 0.04375 0.215741
0 0.553646 0.437963 0.0270833 0.207407
0 0.0401042 0.466667 0.0364583 0.246296
0 0.875 0.415278 0.0395833 0.208333
0 0.0171875 0.42037 0.0260417 0.140741
0 0.472396 0.43287 0.028125 0.197222
0 0.526042 0.439352 0.05 0.225
0 0.0658854 0.463426 0.0515625 0.256481
0 0.507031 0.425463 0.0213542 0.176852
0 0.839583 0.446296 0.0427083 0.237037
0 0.147135 0.643981 0.186979 0.708333
0 0.378385 0.625926 0.146354 0.737037
0 0.913021 0.660648 0.16875 0.675
