0 0.302344 0.375926 0.0182292 0.0592593
0 0.208073 0.390278 0.0328125 0.0601852
0 0.44375 0.393056 0.021875 0.0824074
0 0.417188 0.452778 0.046875 0.251852
0 0.701823 0.418056 0.0380208 0.221296
0 0.0158854 0.419907 0.0244792 0.137963
0 0.875 0.418981 0.04375 0.208333
0 0.550781 0.423148 0.0296875 0.168519
0 0.471875 0.432407 0.03125 0.185185
0 0.0398437 0.465741 0.0369792 0.25
0 0.526563 0.443981 0.0614583 0.225
0 0.0700521 0.465741 0.0515625 0.257407
0 0.839844 0.449537 0.0473958 0.228704
0 0.158333 0.652315 0.197917 0.69537
0 0.365885 0.632407 0.145313 0.725926
0 0.919271 0.656944 0.161458 0.669444
