0 0.285677 0.376852 0.0307292 0.0611111
0 0.0338542 0.471296 0.0354167 0.227778
0 0.00598958 0.399074 0.00989583 0.0685185
0 0.954427 0.43287 0.0244792 0.130556
0 0.446875 0.374074 0.0302083 0.0777778
0 0.539062 0.430093 0.0645833 0.20463
0 0.0223958 0.412037 0.0208333 0.122222
0 0.988802 0.458333 0.0223958 0.190741
0 0.172917 0.411574 0.0354167 0.0990741
0 0.217187 0.464815 0.040625 0.216667
0 0.471354 0.430556 0.0270833 0.187037
0 0.560156 0.437963 0.0515625 0.233333
0 0.842708 0.416667 0.0427083 0.175926
0 0.519531 0.419907 0.0276042 0.180556
0 0.33776 0.490741 0.0671875 0.355556
0 0.103125 0.623611 0.205208 0.737963
0 0.901042 0.658796 0.194792 0.673148
0 0.407031 0.626852 0.153646 0.746296
