0 0.589583 0.37963 0.040625 0.131481
0 0.964323 0.440741 0.0380208 0.261111
0 0.738281 0.42037 0.0484375 0.237037
0 0.0341146 0.465741 0.0317708 0.246296
0 0.00911458 0.424537 0.0182292 0.149074
0 0.202083 0.470833 0.034375 0.228704
0 0.247656 0.472222 0.0463542 0.231481
0 0.93776 0.454167 0.0411458 0.25463
0 0.075 0.466204 0.0520833 0.247222
0 0.796875 0.422685 0.0385417 0.20463
0 0.55026 0.423148 0.0338542 0.183333
0 0.45 0.52037 0.078125 0.398148
0 0.372656 0.518981 0.0838542 0.410185
0 0.661979 0.589815 0.192708 0.807407
