0 0.953646 0.438426 0.025 0.160185
0 0.961458 0.362963 0.0208333 0.0796296
0 0.991146 0.651852 0.0177083 0.390741
0 0.620833 0.422685 0.0375 0.173148
0 0.327604 0.431019 0.03125 0.175
0 0.482031 0.405556 0.0380208 0.177778
0 0.178385 0.366667 0.0223958 0.0518519
0 0.586198 0.421759 0.0369792 0.180556
0 0.0979167 0.477315 0.040625 0.208333
0 0.435156 0.541204 0.0817708 0.499074
0 0.79401 0.421296 0.0369792 0.237037
0 0.244792 0.487037 0.0489583 0.25
0 0.0190104 0.4625 0.0348958 0.239815
0 0.90026 0.463889 0.0505208 0.251852
0 0.303906 0.479167 0.0463542 0.263889
0 0.833333 0.456944 0.0677083 0.300926
0 0.0570313 0.458796 0.0505208 0.250926
0 0.382552 0.623148 0.0984375 0.572222
0 0.536458 0.55463 0.0979167 0.474074
