0 0.642969 0.358333 0.0421875 0.0907407
0 0.229948 0.376852 0.0307292 0.0740741
0 0.0236979 0.400926 0.0182292 0.109259
0 0.539323 0.564352 0.0640625 0.469444
0 0.219792 0.37963 0.0166667 0.0611111
0 0.989062 0.651389 0.0208333 0.297222
0 0.00885417 0.398611 0.0177083 0.100926
0 0.438542 0.359259 0.021875 0.0777778
0 0.535156 0.400926 0.0432292 0.118519
0 0.300521 0.401389 0.0270833 0.117593
0 0.384635 0.45787 0.0348958 0.112037
0 0.841927 0.446759 0.0317708 0.252778
0 0.00963542 0.461574 0.0192708 0.226852
0 0.604167 0.390278 0.0291667 0.137963
0 0.827604 0.438426 0.0354167 0.247222
0 0.879427 0.455093 0.0546875 0.317593
0 0.971875 0.448148 0.0479167 0.264815
0 0.0476562 0.456481 0.0515625 0.25
0 0.0963542 0.484722 0.034375 0.19537
0 0.792969 0.431481 0.0359375 0.214815
0 0.570312 0.573611 0.102083 0.508333
0 0.254427 0.488426 0.0557292 0.267593
0 0.33099 0.611574 0.101562 0.532407
0 0.466927 0.567593 0.114063 0.546296
