0 0.182292 0.375 0.0197917 0.0388889
0 0.00755208 0.489815 0.0151042 0.17037
0 0.607292 0.388426 0.0333333 0.128704
0 0.988281 0.663426 0.0223958 0.325
0 0.14375 0.368519 0.01875 0.0518519
0 0.117188 0.373611 0.0177083 0.0453704
0 0.371094 0.36713 0.0255208 0.0898148
0 0.88099 0.421296 0.0338542 0.22037
0 0.0869792 0.477778 0.0395833 0.17963
0 0.984375 0.449074 0.03125 0.285185
0 0.443229 0.460648 0.0541667 0.163889
0 0.90651 0.450926 0.0328125 0.268519
0 0.766146 0.437963 0.0375 0.216667
0 0.34974 0.494907 0.0578125 0.282407
0 0.0361979 0.45787 0.0557292 0.228704
0 0.945052 0.460648 0.0578125 0.334259
0 0.278125 0.590278 0.0927083 0.486111
0 0.540365 0.590741 0.127604 0.607407
0 0.653646 0.599537 0.107292 0.578704
