0 0.382031 0.473148 0.0453125 0.148148
0 0.145833 0.373611 0.0177083 0.0638889
0 0.340365 0.454167 0.0328125 0.139815
0 0.978385 0.607407 0.0432292 0.514815
0 0.87474 0.436574 0.0442708 0.234259
0 0.314323 0.407407 0.0276042 0.12963
0 0.81875 0.455556 0.025 0.190741
0 0.0513021 0.458796 0.0276042 0.182407
0 0.759115 0.431481 0.0401042 0.218519
0 0.788802 0.428704 0.0494792 0.242593
0 0.838802 0.443519 0.0411458 0.238889
0 0.571354 0.442593 0.0354167 0.187037
0 0.126042 0.541667 0.0677083 0.353704
0 0.201302 0.462037 0.0463542 0.227778
0 0.482552 0.526852 0.0723958 0.362963
0 0.407292 0.534722 0.0833333 0.367593
0 0.0210938 0.449074 0.0401042 0.216667
0 0.932031 0.668056 0.126563 0.652778
