0 0.90599 0.391204 0.0286458 0.150926
0 0.301823 0.401389 0.0234375 0.119444
0 0.760417 0.363426 0.034375 0.0916667
0 0.85625 0.337037 0.0208333 0.0796296
0 0.182292 0.403241 0.0270833 0.139815
0 0.891927 0.633796 0.0640625 0.649074
0 0.390104 0.468981 0.028125 0.175
0 0.0640625 0.464815 0.0322917 0.175926
0 0.361458 0.523148 0.0552083 0.32963
0 0.0270833 0.449074 0.0479167 0.216667
0 0.220052 0.456019 0.0442708 0.219444
0 0.60599 0.431481 0.0348958 0.17963
0 0.756771 0.655556 0.084375 0.655556
0 0.13724 0.553241 0.0744792 0.384259
0 0.444792 0.515741 0.0625 0.338889
0 0.509896 0.422222 0.0333333 0.174074
0 0.953906 0.630093 0.0921875 0.726852
0 0.831771 0.625926 0.152083 0.744444
