0 0.854427 0.325926 0.0286458 0.0518519
0 0.0536458 0.448148 0.0260417 0.205556
0 0.859635 0.347685 0.0442708 0.0953704
0 0.0078125 0.448611 0.015625 0.206481
0 0.121875 0.368056 0.0197917 0.0509259
0 0.905208 0.352778 0.034375 0.087037
0 0.389062 0.469444 0.03125 0.155556
0 0.190625 0.420833 0.034375 0.180556
0 0.0648438 0.461574 0.0286458 0.186111
0 0.22474 0.456944 0.0442708 0.219444
0 0.86276 0.585185 0.0557292 0.512963
0 0.610937 0.434259 0.03125 0.177778
0 0.733594 0.634722 0.0796875 0.599074
0 0.0276042 0.448148 0.0427083 0.218519
0 0.792188 0.624074 0.125 0.751852
0 0.351823 0.515741 0.0682292 0.340741
0 0.438281 0.516204 0.0609375 0.336111
0 0.514063 0.42037 0.034375 0.175926
0 0.145833 0.559722 0.071875 0.387963
0 0.936979 0.64213 0.126042 0.715741
