0 0.575521 0.379167 0.0208333 0.0898148
0 0.159115 0.369907 0.0213542 0.0546296
0 0.466406 0.37963 0.0161458 0.0740741
0 0.340625 0.382407 0.028125 0.0833333
0 0.433073 0.435185 0.0328125 0.105556
0 0.328646 0.447685 0.0479167 0.128704
0 0.519271 0.428704 0.03125 0.155556
0 0.710156 0.424537 0.0380208 0.20463
0 0.754687 0.436574 0.034375 0.208333
0 0.376823 0.473611 0.0557292 0.156481
0 0.0174479 0.446296 0.0276042 0.198148
0 0.0507812 0.438889 0.0432292 0.198148
0 0.960938 0.438889 0.0479167 0.246296
0 0.475521 0.550463 0.0885417 0.40463
0 0.789062 0.426389 0.0416667 0.237963
0 0.558854 0.55 0.078125 0.403704
0 0.126563 0.521296 0.0666667 0.324074
0 0.897135 0.4375 0.0557292 0.252778
