0 0.470833 0.369907 0.0270833 0.0712963
0 0.327083 0.444907 0.0375 0.115741
0 0.322396 0.396296 0.0260417 0.116667
0 0.617969 0.425926 0.0307292 0.174074
0 0.0848958 0.425463 0.0427083 0.186111
0 0.95625 0.444444 0.0333333 0.155556
0 0.977083 0.720833 0.0458333 0.552778
0 0.78125 0.423148 0.0416667 0.248148
0 0.0414063 0.448148 0.0265625 0.194444
0 0.37526 0.472685 0.0526042 0.160185
0 0.807292 0.443981 0.04375 0.239815
0 0.74401 0.425926 0.0401042 0.225926
0 0.0208333 0.44537 0.040625 0.207407
0 0.429427 0.538889 0.0723958 0.374074
0 0.177344 0.466204 0.0390625 0.223148
0 0.558594 0.4375 0.0286458 0.186111
0 0.905729 0.441667 0.0447917 0.235185
0 0.855469 0.434259 0.0473958 0.242593
0 0.502865 0.534259 0.0796875 0.375926
0 0.13099 0.53287 0.0692708 0.343519
