0 0.161198 0.373611 0.0244792 0.0601852
0 0.771875 0.425463 0.025 0.215741
0 0.342969 0.390278 0.0276042 0.0916667
0 0.515365 0.415278 0.0286458 0.137963
0 0.468229 0.37963 0.0208333 0.0814815
0 0.433333 0.437037 0.0333333 0.101852
0 0.331771 0.446759 0.0427083 0.126852
0 0.745833 0.432407 0.03125 0.207407
0 0.0166667 0.448148 0.028125 0.188889
0 0.70625 0.427778 0.040625 0.218519
0 0.375781 0.473611 0.0567708 0.156481
0 0.0971354 0.472685 0.0380208 0.236111
0 0.0526042 0.436111 0.0416667 0.192593
0 0.969531 0.440278 0.0473958 0.24537
0 0.789583 0.423611 0.04375 0.230556
0 0.129167 0.521759 0.0645833 0.323148
0 0.902865 0.439815 0.0526042 0.255556
0 0.488542 0.553704 0.075 0.424074
0 0.566667 0.548148 0.078125 0.412963
