0 0.991146 0.663889 0.0177083 0.307407
0 0.602083 0.391667 0.0229167 0.109259
0 0.163281 0.372685 0.0255208 0.0583333
0 0.769531 0.424074 0.0276042 0.209259
0 0.470833 0.388889 0.025 0.103704
0 0.343229 0.388889 0.028125 0.1
0 0.434635 0.435185 0.0359375 0.103704
0 0.329167 0.448148 0.0479167 0.125926
0 0.702865 0.431944 0.0380208 0.213889
0 0.0143229 0.447685 0.0265625 0.182407
0 0.739062 0.430556 0.034375 0.212963
0 0.0526042 0.438426 0.0395833 0.197222
0 0.375521 0.473611 0.0583333 0.156481
0 0.0867188 0.469444 0.0369792 0.242593
0 0.792188 0.425463 0.04375 0.239815
0 0.91276 0.437963 0.0578125 0.259259
0 0.977083 0.443056 0.0447917 0.243519
0 0.127083 0.519444 0.0635417 0.325926
0 0.489062 0.555093 0.0875 0.425
0 0.576302 0.552778 0.0786458 0.418519
