0 0.167187 0.37037 0.0270833 0.0518519
0 0.334115 0.444907 0.0421875 0.125
0 0.349219 0.401389 0.0255208 0.119444
0 0.492708 0.400463 0.03125 0.0990741
0 0.0236979 0.434259 0.0328125 0.177778
0 0.56901 0.422685 0.0276042 0.152778
0 0.883333 0.425926 0.03125 0.175926
0 0.00989583 0.449074 0.0197917 0.181481
0 0.441927 0.465278 0.0505208 0.162037
0 0.466927 0.407407 0.0369792 0.140741
0 0.716927 0.431944 0.0453125 0.217593
0 0.376042 0.467593 0.0541667 0.166667
0 0.941667 0.378704 0.046875 0.148148
0 0.781771 0.430093 0.0291667 0.200926
0 0.0575521 0.470833 0.0442708 0.243519
0 0.810156 0.422685 0.0401042 0.230556
0 0.607031 0.562963 0.0848958 0.42963
0 0.129688 0.515278 0.0625 0.315741
0 0.914323 0.535648 0.170312 0.926852
0 0.515885 0.57037 0.0869792 0.427778
