0 0.148958 0.371296 0.021875 0.0555556
0 0.0447917 0.433796 0.01875 0.167593
0 0.454167 0.401389 0.021875 0.115741
0 0.173698 0.373611 0.0203125 0.0527778
0 0.356771 0.411574 0.0322917 0.136111
0 0.44375 0.464815 0.053125 0.161111
0 0.479167 0.425926 0.03125 0.168519
0 0.976823 0.425926 0.0463542 0.242593
0 0.376823 0.47037 0.0536458 0.161111
0 0.0692708 0.441667 0.0510417 0.203704
0 0.129427 0.506481 0.0598958 0.298148
0 0.0226563 0.475463 0.0442708 0.247222
0 0.649219 0.573611 0.0848958 0.460185
0 0.557031 0.573148 0.0911458 0.464815
0 0.843229 0.528241 0.305208 0.925
