0 0.983073 0.627778 0.0328125 0.594444
0 0.670573 0.351389 0.0265625 0.062037
0 0.0473958 0.421296 0.0197917 0.124074
0 0.316927 0.404167 0.0244792 0.106481
0 0.986979 0.39537 0.0260417 0.151852
0 0.964323 0.66713 0.0713542 0.649074
0 0.332552 0.445833 0.0421875 0.126852
0 0.465365 0.441204 0.0276042 0.171296
0 0.442969 0.46713 0.0515625 0.15463
0 0.621615 0.369907 0.0171875 0.0842593
0 0.485156 0.417593 0.0244792 0.155556
0 0.954687 0.440278 0.028125 0.165741
0 0.0109375 0.484722 0.021875 0.236111
0 0.363021 0.404167 0.0291667 0.126852
0 0.377604 0.473148 0.05625 0.155556
0 0.534375 0.424537 0.0302083 0.162037
0 0.0791667 0.443056 0.046875 0.212037
0 0.591927 0.583333 0.0901042 0.488889
0 0.133073 0.507407 0.0588542 0.287037
0 0.742188 0.551852 0.310417 0.883333
