0 0.432031 0.388426 0.0244792 0.0657407
0 0.938802 0.420833 0.0703125 0.202778
0 0.117448 0.391667 0.0380208 0.109259
0 0.686198 0.640741 0.0744792 0.594444
0 0.479688 0.39213 0.0208333 0.102778
0 0.452344 0.400926 0.0203125 0.137037
0 0.197656 0.37037 0.0223958 0.0481481
0 0.11276 0.441204 0.0442708 0.175
0 0.68776 0.46713 0.0723958 0.247222
0 0.986458 0.690741 0.0270833 0.348148
0 0.00755208 0.443519 0.0151042 0.151852
0 0.009375 0.67037 0.01875 0.2
0 0.915365 0.422685 0.0338542 0.20463
0 0.325 0.449074 0.04375 0.127778
0 0.959115 0.423148 0.0338542 0.209259
0 0.377604 0.386574 0.034375 0.087963
0 0.443229 0.465278 0.0520833 0.158333
0 0.883073 0.398148 0.0359375 0.192593
0 0.0429688 0.433333 0.0307292 0.140741
0 0.374479 0.475463 0.0552083 0.15463
0 0.985417 0.461574 0.0291667 0.287963
0 0.751042 0.668056 0.189583 0.650926
0 0.846875 0.615741 0.078125 0.562963
0 0.103646 0.689815 0.107292 0.616667
0 0.559635 0.586111 0.204688 0.811111
