0 0.440365 0.381944 0.0244792 0.0527778
0 0.464844 0.408796 0.0192708 0.102778
0 0.991406 0.65463 0.0171875 0.344444
0 0.0940104 0.390741 0.0286458 0.112963
0 0.0174479 0.426852 0.0213542 0.146296
0 0.3875 0.386574 0.015625 0.0675926
0 0.9125 0.368519 0.0270833 0.0962963
0 0.983854 0.364815 0.0291667 0.0962963
0 0.00807292 0.442593 0.0161458 0.159259
0 0.482552 0.416667 0.0338542 0.142593
0 0.504167 0.423148 0.0270833 0.157407
0 0.370052 0.393981 0.0255208 0.106481
0 0.19375 0.371296 0.025 0.0518519
0 0.934375 0.427778 0.03125 0.198148
0 0.327604 0.447685 0.0458333 0.130556
0 0.445052 0.464815 0.0557292 0.161111
0 0.872135 0.422222 0.0390625 0.227778
0 0.375521 0.475 0.0541667 0.155556
0 0.11849 0.499537 0.0473958 0.282407
0 0.790365 0.668519 0.189063 0.651852
0 0.0604167 0.700926 0.113542 0.585185
0 0.596094 0.573148 0.230729 0.833333
