0 0.336979 0.451852 0.0270833 0.122222
0 0.0195312 0.751389 0.0390625 0.486111
0 0.0179687 0.388889 0.0255208 0.0685185
0 0.396354 0.35787 0.0177083 0.0398148
0 0.358594 0.442593 0.0276042 0.218519
0 0.899479 0.433796 0.0385417 0.232407
0 0.0411458 0.695833 0.078125 0.608333
0 0.0463542 0.429167 0.0322917 0.147222
0 0.517448 0.418981 0.0328125 0.173148
0 0.54974 0.432407 0.0307292 0.188889
0 0.0794271 0.486574 0.0494792 0.256481
0 0.134375 0.45 0.05 0.240741
0 0.608333 0.675463 0.153125 0.626852
0 0.955469 0.659259 0.0890625 0.646296
0 0.854167 0.661111 0.127083 0.662963
0 0.436719 0.600926 0.175521 0.787037
