0 0.113542 0.377778 0.0166667 0.0537037
0 0.0109375 0.381944 0.0166667 0.0601852
0 0.471875 0.398148 0.0239583 0.12037
0 0.328906 0.374074 0.0223958 0.0740741
0 0.0960938 0.381019 0.0182292 0.0601852
0 0.989323 0.724074 0.0213542 0.492593
0 0.0455729 0.436574 0.0286458 0.149074
0 0.53724 0.413426 0.0307292 0.15463
0 0.496354 0.42963 0.0333333 0.196296
0 0.861719 0.446296 0.0442708 0.262963
0 0.13724 0.45463 0.0536458 0.242593
0 0.58776 0.673611 0.184896 0.643519
0 0.071875 0.486111 0.0458333 0.246296
0 0.913802 0.665278 0.124479 0.660185
0 0.0526042 0.697222 0.104167 0.585185
0 0.395312 0.609722 0.167708 0.775
