0 0.476823 0.425926 0.0286458 0.175926
0 0.341927 0.367593 0.0182292 0.0611111
0 0.316146 0.402778 0.0270833 0.135185
0 0.09375 0.379167 0.0177083 0.0638889
0 0.950781 0.362963 0.0338542 0.0851852
0 0.0463542 0.435648 0.03125 0.149074
0 0.540365 0.418056 0.0296875 0.160185
0 0.505729 0.429167 0.0364583 0.197222
0 0.978125 0.660648 0.0427083 0.675
0 0.867969 0.39213 0.0359375 0.150926
0 0.134115 0.450926 0.0536458 0.25
0 0.897396 0.665278 0.134375 0.662037
0 0.590104 0.674537 0.205208 0.639815
0 0.0575521 0.696759 0.114063 0.589815
0 0.0783854 0.488426 0.0473958 0.25463
0 0.403906 0.60463 0.171354 0.783333
