0 0.942187 0.42963 0.0229167 0.188889
0 0.440104 0.39537 0.0229167 0.109259
0 0.0132813 0.419907 0.0244792 0.128704
0 0.0625 0.446759 0.0322917 0.167593
0 0.358333 0.391204 0.0197917 0.10463
0 0.376042 0.476389 0.0520833 0.147222
0 0.985677 0.422222 0.0286458 0.225926
0 0.145313 0.452315 0.0291667 0.158333
0 0.0984375 0.443981 0.0364583 0.171296
0 0.44375 0.467593 0.0541667 0.161111
0 0.899219 0.448148 0.0536458 0.257407
0 0.820052 0.44537 0.0463542 0.262963
0 0.0304688 0.475 0.0463542 0.211111
0 0.726042 0.425463 0.0552083 0.217593
0 0.486719 0.437037 0.0380208 0.203704
0 0.310937 0.627778 0.104167 0.542593
0 0.216667 0.601852 0.117708 0.675926
