1 0.328646 0.138889 0.0177083 0.0240741
1 0.0570313 0.144907 0.0244792 0.0287037
1 0.211198 0.153704 0.0244792 0.0259259
0 0.276302 0.165741 0.0328125 0.0648148
0 0.540365 0.147222 0.0255208 0.0907407
1 0.342969 0.139815 0.0213542 0.0259259
1 0.0869792 0.177778 0.0302083 0.0444444
1 0.384896 0.144444 0.0208333 0.0407407
1 0.366406 0.138426 0.0192708 0.0324074
1 0.303906 0.143519 0.0203125 0.0222222
0 0.641146 0.134722 0.025 0.087963
1 0.145313 0.159259 0.0291667 0.0407407
1 0.407031 0.149074 0.0328125 0.0388889
1 0.502865 0.141667 0.0557292 0.0611111
1 0.180469 0.181019 0.0546875 0.0768519
1 0.121875 0.177778 0.0427083 0.0518519
1 0.582552 0.15 0.0796875 0.0814815
1 0.771354 0.134722 0.14375 0.119444
1 0.458073 0.156019 0.0703125 0.0805556
1 0.0518229 0.225926 0.103646 0.142593
