1 0.30599 0.269907 0.0171875 0.0212963
1 0.32474 0.266667 0.0182292 0.0259259
1 0.268229 0.277315 0.0177083 0.025
0 0.782812 0.2125 0.025 0.075
0 0.596094 0.268056 0.0453125 0.0898148
1 0.254427 0.279167 0.0265625 0.0268519
1 0.228125 0.275463 0.028125 0.037963
1 0.582812 0.268981 0.0677083 0.0842593
1 0.28724 0.275 0.0213542 0.0259259
1 0.01875 0.434722 0.0375 0.236111
1 0.0674479 0.335648 0.0536458 0.0935185
1 0.0299479 0.363426 0.0598958 0.150926
1 0.204167 0.296296 0.0427083 0.0555556
1 0.963021 0.240278 0.0739583 0.141667
1 0.503646 0.263889 0.0989583 0.0777778
1 0.71901 0.260648 0.103646 0.0935185
1 0.139583 0.360185 0.120833 0.164815
1 0.858594 0.264815 0.219271 0.15
1 0.38776 0.333796 0.154687 0.176852
