0 0.341667 0.217593 0.0291667 0.0444444
1 0.505729 0.224074 0.0239583 0.0388889
1 0.446094 0.214815 0.0213542 0.0296296
1 0.00651042 0.361574 0.0119792 0.130556
1 0.197396 0.246759 0.0333333 0.0527778
1 0.391667 0.213426 0.0239583 0.0212963
0 0.479948 0.228241 0.0213542 0.0694444
1 0.570573 0.219907 0.0317708 0.0490741
0 0.229167 0.281019 0.053125 0.137963
1 0.824479 0.206019 0.040625 0.0453704
1 0.535156 0.223148 0.0442708 0.0518519
1 0.313281 0.272685 0.177604 0.121296
1 0.897917 0.2375 0.147917 0.121296
1 0.735156 0.293981 0.305729 0.293519
1 0.13125 0.362963 0.204167 0.275926
