1 0.05 0.152315 0.021875 0.0398148
0 0.0864583 0.155556 0.025 0.062963
1 0.827344 0.101389 0.0223958 0.0305556
1 0.0653646 0.134722 0.0296875 0.0416667
1 0.439323 0.136574 0.0484375 0.062037
1 0.402865 0.120833 0.0463542 0.0342593
1 0.104427 0.134259 0.0255208 0.0314815
1 0.171615 0.128241 0.0203125 0.0231481
1 0.477865 0.136111 0.0640625 0.0666667
1 0.141146 0.14213 0.0354167 0.0472222
1 0.0166667 0.153704 0.0333333 0.0518519
1 0.910937 0.122222 0.121875 0.105556
1 0.345573 0.293519 0.405729 0.37963
