0 0.577865 0.162963 0.0505208 0.0685185
0 0.72474 0.150926 0.0651042 0.109259
1 0.101302 0.116204 0.0286458 0.0305556
1 0.776563 0.140741 0.046875 0.0740741
1 0.730208 0.161111 0.101042 0.0907407
0 0.415104 0.14213 0.0354167 0.100926
1 0.672656 0.151852 0.0453125 0.062963
0 0.570052 0.140278 0.0244792 0.0898148
1 0.319531 0.132407 0.0338542 0.0351852
0 0.720312 0.139352 0.0333333 0.102778
1 0.282552 0.136111 0.0307292 0.0388889
1 0.0588542 0.133333 0.0989583 0.062963
1 0.348698 0.1375 0.0640625 0.062037
1 0.185937 0.158796 0.188542 0.119444
1 0.926302 0.144444 0.145313 0.0944444
