1 0.317187 0.233333 0.021875 0.0333333
1 0.305729 0.238889 0.0208333 0.0388889
1 0.0802083 0.3 0.046875 0.124074
0 0.0635417 0.305093 0.0479167 0.136111
1 0.130208 0.276852 0.0375 0.0777778
1 0.425 0.209259 0.021875 0.0259259
1 0.10026 0.285185 0.0651042 0.103704
1 0.456771 0.20787 0.025 0.0361111
1 0.503125 0.20463 0.059375 0.0407407
1 0.611979 0.198148 0.0395833 0.0444444
1 0.344792 0.226852 0.0375 0.0518519
1 0.390104 0.224537 0.0364583 0.0527778
1 0.686719 0.194907 0.0473958 0.0694444
1 0.230469 0.253704 0.0369792 0.0611111
1 0.648438 0.194907 0.046875 0.0472222
1 0.0289063 0.337037 0.0578125 0.146296
1 0.18151 0.280556 0.0755208 0.1
1 0.274219 0.27037 0.0703125 0.101852
1 0.841146 0.256944 0.317708 0.269444
