1 0.0752604 0.206019 0.0286458 0.0212963
1 0.584896 0.243981 0.0208333 0.0435185
0 0.964323 0.314352 0.0380208 0.232407
1 0.248958 0.209259 0.0302083 0.0185185
0 0.709375 0.299537 0.04375 0.15463
1 0.361198 0.225926 0.0276042 0.0314815
1 0.407292 0.219907 0.0447917 0.0324074
0 0.625521 0.3 0.0489583 0.168519
0 0.859375 0.325926 0.0375 0.222222
1 0.126042 0.20463 0.0395833 0.0166667
1 0.0130208 0.223148 0.025 0.0666667
0 0.888542 0.32963 0.0604167 0.283333
1 0.295833 0.225926 0.0416667 0.0425926
1 0.560156 0.256019 0.0453125 0.0601852
0 0.828385 0.318981 0.0494792 0.239815
1 0.190885 0.226389 0.0557292 0.0453704
0 0.919792 0.376389 0.1 0.380556
