0 0.40625 0.113889 0.01875 0.0462963
0 0.19349 0.133333 0.0296875 0.107407
1 0.692187 0.145833 0.0895833 0.0305556
1 0.0755208 0.0893519 0.0166667 0.0231481
0 0.35625 0.140278 0.0333333 0.0990741
0 0.267188 0.12963 0.025 0.0833333
1 0.883854 0.157407 0.0677083 0.0259259
1 0.0104167 0.0944444 0.0197917 0.0444444
1 0.791927 0.152778 0.0734375 0.0277778
1 0.170833 0.1125 0.04375 0.0601852
1 0.0484375 0.108796 0.053125 0.0694444
1 0.120312 0.109722 0.04375 0.0527778
0 0.927604 0.327778 0.111458 0.572222
0 0.478385 0.396296 0.153646 0.762963
