0 0.698177 0.199537 0.0130208 0.0731481
1 0.516146 0.172685 0.0260417 0.0472222
0 0.657031 0.193519 0.0130208 0.0703704
0 0.389323 0.191204 0.0338542 0.123148
0 0.595573 0.202315 0.0265625 0.112037
1 0.554427 0.169907 0.0192708 0.0324074
1 0.571354 0.174537 0.0270833 0.0416667
0 0.491667 0.196296 0.0385417 0.15
1 0.357552 0.165741 0.0536458 0.0555556
1 0.420312 0.165741 0.0416667 0.05
1 0.12474 0.163426 0.0515625 0.0638889
1 0.289062 0.163889 0.0760417 0.0592593
0 0.107552 0.494907 0.214062 0.980556
0 0.772396 0.502315 0.257292 0.980556
