0 0.701302 0.110648 0.0151042 0.0601852
0 0.954687 0.139352 0.021875 0.0694444
0 0.854167 0.121296 0.028125 0.0722222
0 0.976302 0.136111 0.0286458 0.1
0 0.759896 0.104167 0.0114583 0.0583333
1 0.582031 0.0939815 0.0307292 0.0601852
1 0.344271 0.0814815 0.0489583 0.0703704
1 0.476302 0.0819444 0.0526042 0.0675926
0 0.0690104 0.330093 0.135937 0.660185
0 0.498437 0.171759 0.0770833 0.223148
0 0.632812 0.186111 0.0635417 0.233333
1 0.183594 0.0805556 0.0817708 0.0888889
1 0.545573 0.122222 0.0755208 0.114815
1 0.251042 0.102315 0.129167 0.128704
0 0.331771 0.154167 0.0770833 0.215741
1 0.415365 0.0921296 0.0890625 0.0787037
1 0.0955729 0.0810185 0.0973958 0.113889
0 0.961458 0.621759 0.0760417 0.737963
