0 0.822656 0.173611 0.0276042 0.0972222
0 0.173698 0.167593 0.0203125 0.0907407
0 0.81901 0.272685 0.0432292 0.300926
0 0.213802 0.225926 0.0276042 0.187037
0 0.588802 0.167593 0.0421875 0.0907407
0 0.73151 0.237963 0.0296875 0.192593
0 0.616667 0.287963 0.021875 0.114815
0 0.521354 0.250463 0.0416667 0.215741
0 0.195573 0.24213 0.0421875 0.202778
0 0.959375 0.224074 0.0791667 0.442593
0 0.583333 0.259259 0.0416667 0.205556
0 0.150521 0.238889 0.04375 0.216667
0 0.798698 0.287037 0.0942708 0.312963
0 0.266146 0.336111 0.0635417 0.448148
0 0.327865 0.343519 0.0984375 0.455556
0 0.69974 0.273611 0.0692708 0.315741
