0 0.511458 0.252315 0.0385417 0.112037
0 0.52526 0.330093 0.0213542 0.176852
0 0.242448 0.272685 0.0171875 0.110185
0 0.0695312 0.247222 0.0151042 0.0777778
0 0.084375 0.293056 0.021875 0.137963
0 0.876042 0.343981 0.0510417 0.310185
0 0.898698 0.291667 0.0984375 0.440741
0 0.58724 0.253241 0.0286458 0.132407
0 0.721094 0.298148 0.0369792 0.205556
0 0.101302 0.291667 0.0276042 0.151852
0 0.50026 0.32963 0.0442708 0.194444
0 0.128125 0.296296 0.0302083 0.159259
0 0.445573 0.325463 0.0348958 0.206481
0 0.964323 0.269444 0.0703125 0.459259
0 0.76875 0.311574 0.0416667 0.212037
