0 0.602083 0.178241 0.0427083 0.0953704
0 0.354948 0.234722 0.0494792 0.202778
0 0.339583 0.2375 0.0322917 0.197222
0 0.0921875 0.210648 0.0427083 0.189815
0 0.559896 0.169907 0.015625 0.0787037
0 0.614583 0.177315 0.0208333 0.0953704
0 0.31901 0.198611 0.0411458 0.169444
0 0.588021 0.184259 0.0229167 0.0944444
0 0.690104 0.202778 0.0229167 0.116667
0 0.985937 0.235648 0.028125 0.234259
0 0.884635 0.248611 0.0463542 0.210185
0 0.657552 0.243981 0.0380208 0.219444
0 0.161979 0.351389 0.0489583 0.191667
