0 0.892708 0.222222 0.034375 0.218519
0 0.379948 0.185648 0.0244792 0.0990741
0 0.370573 0.17963 0.0203125 0.0907407
0 0.417969 0.193056 0.0161458 0.087963
0 0.38776 0.194907 0.0171875 0.087963
0 0.106771 0.237037 0.053125 0.227778
0 0.922135 0.261111 0.0463542 0.264815
0 0.433073 0.2125 0.0213542 0.0898148
0 0.804948 0.208333 0.0359375 0.225926
0 0.780208 0.218981 0.0458333 0.247222
0 0.499219 0.325463 0.0609375 0.310185
0 0.878385 0.225 0.0380208 0.218519
0 0.949479 0.247222 0.0864583 0.292593
0 0.836719 0.264352 0.0651042 0.34537
