0 0.305469 0.226389 0.0151042 0.0861111
0 0.948698 0.1625 0.0401042 0.125
0 0.03125 0.268056 0.053125 0.230556
0 0.354167 0.24213 0.0145833 0.0805556
0 0.740104 0.26713 0.0322917 0.208333
0 0.903385 0.302778 0.0317708 0.214815
0 0.326562 0.238426 0.0197917 0.0953704
0 0.782812 0.286111 0.0395833 0.216667
0 0.372917 0.260648 0.0239583 0.0824074
0 0.713542 0.274074 0.0427083 0.231481
0 0.983594 0.209722 0.0317708 0.199074
0 0.936198 0.288426 0.0598958 0.262037
0 0.461198 0.363426 0.0630208 0.30463
0 0.838021 0.300926 0.0625 0.32037
