0 0.298177 0.23287 0.0151042 0.0898148
0 0.353385 0.24213 0.0171875 0.0842593
0 0.339844 0.246296 0.0203125 0.1
0 0.732813 0.293519 0.0364583 0.237037
0 0.89974 0.238426 0.0380208 0.176852
0 0.316146 0.247222 0.0208333 0.105556
0 0.754167 0.316204 0.0354167 0.213889
0 0.379427 0.259259 0.0213542 0.105556
0 0.707552 0.302315 0.0442708 0.232407
0 0.871094 0.243519 0.0338542 0.177778
0 0.816146 0.3 0.04375 0.227778
0 0.41875 0.331944 0.0572917 0.275
0 0.983594 0.326389 0.0328125 0.186111
0 0.946615 0.308333 0.0494792 0.294444
