0 0.655208 0.250463 0.028125 0.0787037
0 0.105208 0.338426 0.021875 0.0935185
0 0.81849 0.28287 0.0421875 0.165741
0 0.0903646 0.358796 0.0223958 0.100926
0 0.504167 0.358796 0.0354167 0.202778
0 0.568229 0.345833 0.0302083 0.210185
0 0.0703125 0.339815 0.0197917 0.101852
0 0.48099 0.368981 0.0390625 0.223148
0 0.527344 0.372222 0.0390625 0.194444
0 0.689323 0.287963 0.0401042 0.190741
0 0.0398437 0.529167 0.0796875 0.384259
0 0.60625 0.390741 0.0604167 0.296296
0 0.667708 0.385648 0.0635417 0.306481
0 0.274479 0.461574 0.189583 0.919444
