0 0.349479 0.1375 0.0239583 0.108333
0 0.959115 0.129167 0.0244792 0.0787037
0 0.795052 0.178704 0.0328125 0.207407
0 0.338542 0.155093 0.0166667 0.0768519
0 0.746615 0.119444 0.0421875 0.138889
0 0.253646 0.193056 0.0229167 0.158333
0 0.98125 0.367593 0.0375 0.375926
0 0.816406 0.159722 0.0390625 0.223148
0 0.116927 0.172685 0.0671875 0.34537
0 0.201562 0.213426 0.0229167 0.106481
0 0.620313 0.261574 0.0604167 0.276852
0 0.569271 0.273611 0.0666667 0.29537
0 0.533333 0.243056 0.0427083 0.265741
0 0.379687 0.241667 0.0520833 0.266667
0 0.290365 0.242593 0.0515625 0.255556
