0 0.920052 0.364352 0.0901042 0.175
0 0.617448 0.274074 0.108854 0.287037
0 0.986198 0.468056 0.0265625 0.243519
0 0.940625 0.147685 0.0270833 0.0731481
0 0.0802083 0.111574 0.0447917 0.223148
0 0.79974 0.156019 0.0380208 0.186111
0 0.238021 0.201389 0.025 0.14537
0 0.201302 0.216667 0.0213542 0.103704
0 0.651042 0.287037 0.05 0.325926
0 0.355469 0.273148 0.0567708 0.277778
0 0.694531 0.290278 0.0619792 0.287963
0 0.427344 0.269444 0.0505208 0.283333
0 0.909896 0.347685 0.116667 0.443519
0 0.588281 0.265741 0.0473958 0.274074
