0 0.830729 0.138889 0.015625 0.0777778
0 0.533854 0.165278 0.021875 0.0916667
0 0.345833 0.18287 0.0385417 0.176852
0 0.990104 0.0625 0.0177083 0.100926
0 0.602604 0.236574 0.0229167 0.202778
0 0.970573 0.0569444 0.0234375 0.113889
0 0.569792 0.221759 0.04375 0.210185
0 0.509896 0.318519 0.0552083 0.366667
0 0.539583 0.315278 0.0614583 0.34537
0 0.809635 0.231944 0.0432292 0.308333
0 0.256771 0.345833 0.154167 0.689815
0 0.147917 0.314352 0.144792 0.628704
0 0.758333 0.262037 0.0447917 0.298148
0 0.93125 0.336111 0.136458 0.42037
0 0.861458 0.297222 0.121875 0.446296
0 0.421094 0.310648 0.0484375 0.317593
