0 0.373437 0.1625 0.0177083 0.062037
0 0.505208 0.222222 0.025 0.1
0 0.324479 0.257407 0.0322917 0.209259
0 0.0385417 0.214352 0.0489583 0.228704
0 0.581771 0.153704 0.028125 0.0740741
0 0.255208 0.254167 0.0322917 0.221296
0 0.746354 0.2875 0.0510417 0.319444
0 0.564844 0.272222 0.0453125 0.264815
0 0.288281 0.25 0.0515625 0.22037
0 0.490365 0.34537 0.0973958 0.401852
0 0.982813 0.217593 0.034375 0.255556
0 0.950781 0.22037 0.0526042 0.253704
0 0.788802 0.292593 0.0661458 0.381481
0 0.605729 0.301389 0.0864583 0.336111
