0 0.600781 0.1375 0.0213542 0.0768519
0 0.713281 0.221296 0.0442708 0.201852
0 0.940365 0.173148 0.0151042 0.0833333
0 0.158333 0.189352 0.028125 0.178704
0 0.977604 0.180556 0.015625 0.0981481
0 0.683333 0.183796 0.0302083 0.208333
0 0.966406 0.175463 0.0171875 0.087963
0 0.183594 0.199537 0.0244792 0.15463
0 0.95651 0.175 0.0182292 0.0814815
0 0.725781 0.237963 0.0244792 0.207407
0 0.407292 0.15787 0.0385417 0.200926
0 0.229167 0.260185 0.0229167 0.148148
0 0.661719 0.218056 0.0338542 0.217593
0 0.473177 0.163889 0.0359375 0.209259
0 0.210938 0.2375 0.0322917 0.210185
0 0.377604 0.206944 0.0302083 0.15463
