0 0.634375 0.146296 0.0333333 0.0481481
0 0.342969 0.1125 0.0192708 0.0675926
1 0.808854 0.0787037 0.021875 0.0314815
0 0.15026 0.125 0.0203125 0.0759259
1 0.539062 0.143981 0.0229167 0.0861111
0 0.0989583 0.134722 0.0197917 0.0675926
1 0.455208 0.181481 0.16875 0.298148
0 0.0833333 0.130556 0.0166667 0.0648148
0 0.577865 0.116667 0.0182292 0.0888889
0 0.0184896 0.175463 0.0348958 0.110185
1 0.718229 0.0865741 0.0375 0.0416667
1 0.765104 0.0828704 0.04375 0.0416667
1 0.846875 0.087037 0.05625 0.0592593
1 0.678125 0.214352 0.207292 0.269444
