0 0.734896 0.162963 0.0458333 0.12963
0 0.764844 0.290278 0.0526042 0.386111
0 0.492969 0.152315 0.0244792 0.136111
0 0.758854 0.191204 0.0395833 0.20463
0 0.82474 0.296759 0.110937 0.425
0 0.786719 0.143056 0.0328125 0.130556
0 0.36276 0.1375 0.0390625 0.180556
0 0.560677 0.171759 0.0453125 0.236111
0 0.0226563 0.338889 0.0453125 0.312963
0 0.607552 0.195833 0.0317708 0.197222
0 0.876302 0.169444 0.0442708 0.190741
0 0.727604 0.33287 0.0572917 0.360185
0 0.91849 0.182407 0.0421875 0.205556
0 0.153385 0.298611 0.0765625 0.29537
