0 0.909115 0.280093 0.0192708 0.20463
0 0.26276 0.272222 0.0265625 0.101852
0 0.00963542 0.338426 0.0192708 0.0805556
0 0.938802 0.176852 0.0442708 0.087037
0 0.852344 0.202778 0.0244792 0.0796296
0 0.716146 0.235185 0.0364583 0.192593
0 0.986979 0.347222 0.025 0.22963
0 0.0450521 0.335648 0.0369792 0.136111
0 0.483594 0.383796 0.0411458 0.215741
0 0.94375 0.288889 0.0354167 0.207407
0 0.529688 0.380556 0.0479167 0.262963
0 0.158594 0.365278 0.0432292 0.189815
0 0.110156 0.378241 0.0390625 0.176852
