0 0.882292 0.224074 0.0166667 0.0944444
0 0.592969 0.261574 0.0380208 0.199074
0 0.866927 0.231481 0.0192708 0.101852
0 0.52474 0.357407 0.0421875 0.211111
0 0.98099 0.505556 0.0380208 0.2
0 0.391927 0.246759 0.0348958 0.167593
0 0.982292 0.300463 0.0354167 0.262037
0 0.613802 0.303704 0.0348958 0.174074
0 0.552344 0.351389 0.0411458 0.249074
0 0.297656 0.406019 0.0578125 0.289815
0 0.897135 0.277778 0.0328125 0.168519
0 0.942708 0.267593 0.0447917 0.181481
0 0.844271 0.373148 0.0677083 0.340741
