0 0.463281 0.324537 0.0463542 0.228704
0 0.0255208 0.274074 0.028125 0.138889
0 0.938281 0.279167 0.0401042 0.173148
0 0.159115 0.460185 0.0463542 0.231481
0 0.00833333 0.280556 0.0166667 0.133333
0 0.356771 0.35463 0.0416667 0.255556
0 0.445833 0.398148 0.065625 0.307407
0 0.973177 0.273148 0.0411458 0.192593
0 0.120052 0.373148 0.0661458 0.316667
0 0.383333 0.405556 0.0520833 0.27963
0 0.577604 0.336111 0.0458333 0.22037
0 0.622396 0.334259 0.0447917 0.209259
0 0.207031 0.402315 0.0953125 0.332407
