0 0.00833333 0.300463 0.0166667 0.132407
0 0.584115 0.170833 0.0151042 0.0787037
0 0.516667 0.192593 0.0177083 0.111111
0 0.0348958 0.266204 0.0458333 0.186111
0 0.986719 0.20463 0.0265625 0.205556
0 0.813281 0.118056 0.0317708 0.100926
0 0.567448 0.154167 0.0140625 0.0787037
0 0.842448 0.12963 0.0442708 0.146296
0 0.053125 0.209259 0.0447917 0.203704
0 0.966927 0.193981 0.0380208 0.221296
0 0.544271 0.169444 0.0166667 0.0925926
0 0.267708 0.256944 0.0489583 0.234259
0 0.318229 0.258796 0.0458333 0.217593
0 0.783333 0.287037 0.0833333 0.433333
0 0.867448 0.293056 0.0828125 0.393519
0 0.233073 0.278241 0.0557292 0.258333
