0 0.245312 0.173611 0.0510417 0.212037
0 0.725 0.118519 0.0145833 0.062963
0 0.46875 0.212963 0.0270833 0.22963
0 0.404687 0.111111 0.0208333 0.0703704
0 0.117448 0.249074 0.0359375 0.22963
0 0.51901 0.190278 0.0505208 0.24537
0 0.134375 0.158796 0.0197917 0.112037
0 0.73125 0.11713 0.0145833 0.0638889
0 0.739583 0.124074 0.0125 0.0740741
0 0.991406 0.207407 0.0171875 0.185185
0 0.482812 0.213889 0.046875 0.251852
0 0.751562 0.128241 0.015625 0.0768519
0 0.273958 0.133796 0.034375 0.187963
0 0.717188 0.146759 0.0208333 0.0916667
0 0.163542 0.133333 0.021875 0.116667
0 0.10026 0.246759 0.0380208 0.225
0 0.869792 0.206019 0.05625 0.29537
0 0.436198 0.225926 0.0494792 0.255556
0 0.958333 0.224074 0.0541667 0.255556
