0 0.109115 0.226389 0.0234375 0.0787037
1 0.996615 0.125926 0.00677083 0.0555556
1 0.860937 0.0671296 0.028125 0.025
1 0.322656 0.14537 0.0203125 0.0444444
1 0.790365 0.0981481 0.0463542 0.0537037
0 0.35651 0.234259 0.0848958 0.246296
1 0.25651 0.156019 0.0203125 0.0268519
1 0.394271 0.144444 0.0635417 0.0666667
1 0.439844 0.146296 0.0473958 0.0703704
1 0.727604 0.119907 0.0666667 0.0935185
1 0.208594 0.231481 0.114063 0.174074
1 0.66901 0.1375 0.111979 0.108333
1 0.555208 0.186111 0.211458 0.237037
