0 0.499219 0.333796 0.0286458 0.0824074
0 0.479688 0.316667 0.0145833 0.0407407
0 0.483333 0.364815 0.0489583 0.0851852
1 0.294271 0.3125 0.0260417 0.0231481
1 0.304427 0.3125 0.0255208 0.0194444
0 0.407813 0.354167 0.0260417 0.110185
0 0.417188 0.353241 0.0197917 0.113889
1 0.00494792 0.349074 0.00989583 0.0481481
0 0.435937 0.353704 0.0208333 0.118519
1 0.203125 0.326389 0.0291667 0.0416667
1 0.174219 0.330093 0.0390625 0.0490741
0 0.384375 0.35463 0.0197917 0.105556
1 0.133073 0.335185 0.0505208 0.0518519
1 0.0726563 0.334722 0.0848958 0.0694444
1 0.969271 0.393981 0.0614583 0.126852
