1 0.560417 0.223148 0.025 0.0481481
0 0.593229 0.217593 0.03125 0.0722222
0 0.529167 0.252315 0.0239583 0.134259
0 0.592448 0.249074 0.0442708 0.116667
0 0.617969 0.200926 0.0223958 0.0537037
0 0.617708 0.240741 0.0270833 0.107407
0 0.494792 0.261111 0.0197917 0.124074
0 0.504167 0.259259 0.025 0.124074
0 0.379687 0.244907 0.0375 0.117593
1 0.28151 0.225 0.0276042 0.0425926
1 0.19974 0.238426 0.0421875 0.0564815
1 0.255469 0.227778 0.0317708 0.0481481
0 0.245312 0.327778 0.090625 0.253704
0 0.519792 0.254167 0.021875 0.132407
0 0.542448 0.254167 0.0276042 0.141667
0 0.477604 0.256019 0.028125 0.137963
1 0.139062 0.241204 0.090625 0.0787037
