1 0.346354 0.172222 0.0239583 0.0203704
1 0.35625 0.170833 0.0333333 0.0231481
0 0.584896 0.225 0.05625 0.135185
0 0.60651 0.218519 0.0338542 0.140741
1 0.25026 0.185185 0.0286458 0.0462963
0 0.413281 0.19213 0.0286458 0.0972222
0 0.480729 0.227778 0.0270833 0.142593
0 0.500781 0.222222 0.0307292 0.148148
0 0.297135 0.247685 0.0630208 0.191667
1 0.0528646 0.214352 0.0526042 0.0657407
0 0.45651 0.225 0.0317708 0.15
1 0.219531 0.193519 0.0442708 0.0537037
1 0.103646 0.206019 0.0895833 0.0824074
0 0.528385 0.222222 0.0276042 0.153704
1 0.171875 0.202315 0.0583333 0.0583333
