0 0.890885 0.0898148 0.0244792 0.0759259
0 0.984635 0.0819444 0.0213542 0.0787037
0 0.946354 0.0875 0.0302083 0.0712963
0 0.921615 0.0902778 0.0244792 0.0694444
1 0.142708 0.171759 0.103125 0.123148
1 0.0661458 0.195833 0.0458333 0.189815
0 0.153385 0.173611 0.0390625 0.121296
1 0.0710938 0.175926 0.116146 0.135185
0 0.905208 0.0944444 0.0177083 0.062963
0 0.95651 0.0847222 0.0265625 0.0731481
0 0.0671875 0.195833 0.0458333 0.206481
0 0.609635 0.0944444 0.0276042 0.155556
0 0.323958 0.134722 0.0322917 0.162037
0 0.0205729 0.208796 0.0411458 0.20463
0 0.834115 0.261574 0.103646 0.523148
0 0.284115 0.368519 0.148438 0.583333
0 0.615104 0.383333 0.0989583 0.290741
0 0.747135 0.4 0.176563 0.8
0 0.520052 0.270833 0.115104 0.50463
