0 0.832031 0.222685 0.0161458 0.0805556
0 0.422656 0.264352 0.0286458 0.0916667
0 0.298958 0.260648 0.0989583 0.330556
0 0.574219 0.249074 0.0255208 0.0925926
0 0.4625 0.261111 0.0260417 0.087037
0 0.509375 0.260185 0.0197917 0.0851852
0 0.529427 0.25463 0.0234375 0.0925926
0 0.815885 0.181481 0.0161458 0.062963
0 0.491146 0.259722 0.0208333 0.087963
0 0.548958 0.25463 0.021875 0.0925926
0 0.309635 0.508796 0.120312 0.812037
0 0.78724 0.204167 0.0276042 0.136111
0 0.0835937 0.718518 0.166146 0.492593
0 0.222656 0.536574 0.278646 0.906482
