0 0.948698 0.26713 0.0369792 0.087963
0 0.753125 0.290278 0.0447917 0.143519
0 0.921615 0.271296 0.0255208 0.0851852
0 0.395573 0.364352 0.0411458 0.136111
0 0.434896 0.3625 0.0395833 0.125
0 0.34974 0.375926 0.0338542 0.131481
0 0.502344 0.354167 0.0307292 0.126852
0 0.907292 0.275463 0.021875 0.0805556
1 0.197917 0.312963 0.0385417 0.05
0 0.302083 0.379167 0.0458333 0.126852
1 0.320312 0.261574 0.0333333 0.0212963
0 0.217187 0.393056 0.0385417 0.141667
1 0.096875 0.305556 0.0385417 0.037037
1 0.972917 0.204167 0.05 0.0564815
1 0.0447917 0.313426 0.0708333 0.0453704
0 0.129167 0.414815 0.0489583 0.124074
0 0.47526 0.358796 0.0317708 0.123148
0 0.632552 0.320833 0.0442708 0.249074
0 0.850781 0.318056 0.0786458 0.371296
