0 0.4375 0.12963 0.065625 0.0981481
1 0.302344 0.136111 0.0463542 0.0537037
1 0.634375 0.0814815 0.021875 0.0277778
0 0.436979 0.130093 0.0291667 0.0916667
1 0.00885417 0.167593 0.0166667 0.0333333
1 0.85599 0.746296 0.286979 0.487037
1 0.263802 0.135185 0.0588542 0.062963
1 0.433594 0.129167 0.108854 0.0953704
1 0.0526042 0.164815 0.0552083 0.0574074
1 0.35 0.140741 0.0833333 0.0685185
1 0.542188 0.124537 0.128125 0.0972222
1 0.195573 0.222685 0.243229 0.241667
1 0.807031 0.194444 0.384896 0.355556
