1 0.66875 0.247222 0.0416667 0.0388889
1 0.994271 0.230556 0.0114583 0.0277778
1 0.639063 0.258333 0.0364583 0.0425926
1 0.605208 0.268519 0.0416667 0.0407407
1 0.570833 0.285185 0.0520833 0.0444444
0 0.0135417 0.425 0.0166667 0.0648148
1 0.815104 0.403704 0.0635417 0.103704
1 0.407813 0.337963 0.0739583 0.0759259
1 0.902083 0.296296 0.0375 0.0481481
1 0.167708 0.393519 0.0604167 0.0648148
1 0.526563 0.300926 0.0510417 0.0425926
1 0.945833 0.243519 0.0270833 0.0388889
1 0.327604 0.935185 0.248958 0.122222
1 0.910417 0.396296 0.05625 0.0888889
1 0.690104 0.290741 0.0447917 0.0592593
1 0.260417 0.408333 0.09375 0.0796296
1 0.0703125 0.573148 0.140625 0.135185
1 0.638021 0.489815 0.111458 0.127778
