0 0.391146 0.912037 0.0677083 0.0833333
1 0.954687 0.205556 0.065625 0.0481481
1 0.218229 0.231481 0.0552083 0.0925926
1 0.394271 0.271296 0.188542 0.22037
0 0.388021 0.969444 0.059375 0.0611111
1 0.627083 0.232407 0.102083 0.0944444
1 0.514583 0.291667 0.08125 0.0981481
1 0.297917 0.309259 0.08125 0.107407
1 0.798437 0.287963 0.128125 0.12037
1 0.770312 0.414815 0.159375 0.12963
1 0.829167 0.534259 0.177083 0.22037
1 0.948438 0.508333 0.101042 0.175926
1 0.9625 0.672222 0.075 0.151852
1 0.626042 0.348148 0.125 0.114815
1 0.356771 0.362963 0.0760417 0.103704
1 0.645833 0.461111 0.166667 0.148148
1 0.433333 0.425 0.114583 0.135185
1 0.588542 0.540741 0.160417 0.177778
1 0.822917 0.711111 0.277083 0.344444
