1 0.36875 0.115741 0.0458333 0.0611111
1 0.273958 0.176852 0.0479167 0.0388889
0 0.230729 0.323148 0.028125 0.116667
0 0.241667 0.838889 0.0395833 0.207407
0 0.270833 0.64537 0.0270833 0.175926
0 0.304167 0.566667 0.04375 0.181481
0 0.209896 0.849074 0.0447917 0.224074
1 0.252604 0.22963 0.0552083 0.0851852
1 0.815104 0.0601852 0.0385417 0.05
1 0.776042 0.136111 0.0479167 0.0685185
0 0.269271 0.32037 0.021875 0.114815
0 0.317187 0.491667 0.028125 0.12037
0 0.386979 0.194444 0.0177083 0.0777778
1 0.653125 0.0953704 0.0354167 0.0537037
0 0.190104 0.897222 0.053125 0.205556
0 0.195833 0.425 0.03125 0.0685185
1 0.596875 0.062963 0.0291667 0.0555556
0 0.3 0.653704 0.0416667 0.2
1 0.232292 0.261111 0.0645833 0.0814815
0 0.846875 0.502778 0.04375 0.153704
1 0.951042 0.162037 0.0625 0.0796296
1 0.938021 0.215741 0.0697917 0.0907407
1 0.185417 0.312963 0.0729167 0.111111
1 0.614062 0.162037 0.046875 0.0759259
0 0.348958 0.425 0.0333333 0.153704
1 0.0916667 0.427778 0.0895833 0.133333
1 0.140625 0.366667 0.0895833 0.122222
1 0.613021 0.278704 0.0614583 0.142593
1 0.8625 0.162963 0.0604167 0.0777778
1 0.0161458 0.730556 0.0322917 0.161111
1 0.0432292 0.5 0.0864583 0.17037
1 0.881771 0.286111 0.0822917 0.109259
1 0.710938 0.264815 0.0739583 0.107407
1 0.639583 0.440741 0.108333 0.166667
1 0.523438 0.25463 0.0635417 0.0981481
