1 0.594792 0.0546296 0.03125 0.05
0 0.246875 0.702778 0.0395833 0.205556
1 0.0166667 0.699074 0.0333333 0.105556
1 0.720312 0.0722222 0.0364583 0.0555556
1 0.257812 0.14537 0.046875 0.0574074
1 0.344792 0.135185 0.0395833 0.0555556
1 0.781771 0.0805556 0.0447917 0.0574074
1 0.821875 0.101852 0.04375 0.062963
1 0.551042 0.0166667 0.0229167 0.0296296
0 0.316667 0.501852 0.0291667 0.114815
0 0.159375 0.437963 0.0229167 0.127778
0 0.241667 0.827778 0.04375 0.225926
0 0.179688 0.434259 0.034375 0.0944444
1 0.909896 0.137037 0.053125 0.0666667
0 0.1625 0.889815 0.0645833 0.205556
0 0.282292 0.685185 0.0479167 0.218519
0 0.128125 0.47037 0.0291667 0.140741
1 0.601042 0.103704 0.0375 0.0592593
1 0.255729 0.228704 0.0510417 0.0833333
1 0.671354 0.119444 0.040625 0.0648148
1 0.782292 0.139815 0.0520833 0.0648148
1 0.610417 0.828704 0.160417 0.335185
1 0.234375 0.264815 0.0729167 0.0962963
1 0.0932292 0.424074 0.090625 0.12963
1 0.929167 0.216667 0.0770833 0.0925926
0 0.352604 0.418519 0.0322917 0.155556
0 0.207292 0.861111 0.05 0.277778
1 0.708333 0.233333 0.0645833 0.1
1 0.0442708 0.492593 0.0885417 0.174074
1 0.613542 0.152778 0.0458333 0.0722222
1 0.395312 0.177778 0.0989583 0.0666667
1 0.192188 0.309259 0.0802083 0.111111
1 0.960938 0.29537 0.078125 0.105556
1 0.141146 0.358333 0.090625 0.116667
1 0.632812 0.325926 0.0760417 0.122222
1 0.672396 0.536111 0.130208 0.198148
