0 0.0453125 0.423148 0.0260417 0.116667
0 0.971875 0.218519 0.0145833 0.0592593
0 0.6375 0.217593 0.0166667 0.0759259
1 0.304167 0.0657407 0.04375 0.05
1 0.595833 0.0777778 0.0666667 0.0407407
1 0.9625 0.292593 0.0729167 0.0481481
1 0.871354 0.165741 0.0427083 0.0425926
1 0.226042 0.0861111 0.0291667 0.0388889
1 0.128646 0.137963 0.0385417 0.0537037
1 0.814062 0.153704 0.046875 0.0444444
0 0.706771 0.253704 0.0197917 0.0888889
1 0.0567708 0.0935185 0.0447917 0.0796296
1 0.295312 0.133333 0.0385417 0.0481481
1 0.36875 0.167593 0.0583333 0.0685185
1 0.793229 0.225 0.0739583 0.0759259
1 0.229687 0.309259 0.0802083 0.114815
1 0.706771 0.389815 0.155208 0.146296
