1 0.914583 0.166667 0.0395833 0.0407407
0 0.304167 0.663889 0.01875 0.0981481
1 0.673958 0.0953704 0.03125 0.05
1 0.334375 0.203704 0.0395833 0.0666667
1 0.577604 0.0944444 0.0322917 0.0703704
1 0.772396 0.133333 0.0322917 0.0481481
1 0.332812 0.144444 0.0364583 0.0518519
1 0.617188 0.1 0.0260417 0.037037
0 0.9125 0.199074 0.0145833 0.0722222
1 0.968229 0.134259 0.0427083 0.0462963
1 0.6375 0.147222 0.0291667 0.0611111
1 0.0416667 0.35 0.0833333 0.122222
1 0.319271 0.225 0.0510417 0.0722222
1 0.540104 0.137037 0.0260417 0.0481481
1 0.978646 0.483333 0.0427083 0.133333
1 0.738542 0.199074 0.0458333 0.0648148
1 0.822396 0.216667 0.0614583 0.0888889
0 0.313021 0.612037 0.034375 0.201852
0 0.342708 0.534259 0.0270833 0.101852
1 0.983333 0.177778 0.0333333 0.0518519
0 0.365104 0.5 0.0239583 0.144444
1 0.288542 0.257407 0.05625 0.0740741
1 0.595833 0.163889 0.0333333 0.0537037
1 0.598437 0.244444 0.0489583 0.0814815
1 0.253646 0.291667 0.0635417 0.0833333
1 0.21875 0.336111 0.0666667 0.0981481
0 0.349479 0.651852 0.0364583 0.192593
1 0.167187 0.385185 0.096875 0.125926
1 0.0458333 0.551852 0.0916667 0.181481
1 0.772917 0.467593 0.1 0.164815
1 0.514583 0.844444 0.15625 0.307407
1 0.684375 0.361111 0.0708333 0.114815
1 0.661458 0.535185 0.1 0.185185
