0 0.263542 0.315741 0.0208333 0.0981481
0 0.332292 0.484259 0.0395833 0.138889
1 0.799479 0.0712963 0.034375 0.0537037
0 0.253646 0.693519 0.0510417 0.205556
1 0.751562 0.0453704 0.034375 0.0574074
0 0.244792 0.373148 0.0270833 0.0796296
0 0.302083 0.573148 0.0416667 0.190741
1 0.633854 0.0407407 0.028125 0.0407407
1 0.6 0.0472222 0.0270833 0.0425926
1 0.554167 0.113889 0.0354167 0.0574074
1 0.255208 0.226852 0.0583333 0.0796296
0 0.365104 0.376852 0.0322917 0.131481
1 0.594271 0.205556 0.0489583 0.0925926
0 0.361458 0.636111 0.03125 0.212963
0 0.171354 0.897222 0.0489583 0.194444
1 0.627604 0.102778 0.0427083 0.0685185
0 0.247917 0.85463 0.0541667 0.22037
0 0.151562 0.49537 0.034375 0.0833333
0 0.33125 0.662963 0.0375 0.203704
1 0.841146 0.137037 0.0510417 0.0703704
0 0.204167 0.865741 0.0520833 0.257407
1 0.502083 0.165741 0.0604167 0.0759259
1 0.0921875 0.430556 0.090625 0.135185
1 0.232292 0.27037 0.0729167 0.0925926
1 0.141667 0.37037 0.0916667 0.122222
1 0.754687 0.30463 0.090625 0.142593
1 0.617708 0.267593 0.0708333 0.15
1 0.191667 0.318519 0.0833333 0.111111
1 0.0161458 0.737037 0.0322917 0.162963
1 0.04375 0.501852 0.0875 0.17037
1 0.703646 0.740741 0.151042 0.288889
1 0.632292 0.448148 0.1 0.159259
