0 0.558854 0.167593 0.0135417 0.0537037
0 0.614062 0.206481 0.0114583 0.0722222
1 0.964063 0.298148 0.071875 0.0666667
1 0.0395833 0.0444444 0.0291667 0.0555556
1 0.324479 0.0796296 0.0385417 0.0444444
1 0.160417 0.0666667 0.025 0.0259259
0 0.634896 0.212037 0.015625 0.0796296
1 0.202604 0.0916667 0.0385417 0.0462963
1 0.809896 0.153704 0.046875 0.0444444
0 0.703646 0.246296 0.0197917 0.0851852
0 0.932292 0.325 0.0208333 0.0944444
1 0.111458 0.0722222 0.0291667 0.0333333
1 0.141146 0.172222 0.0510417 0.0814815
1 0.790625 0.225 0.0770833 0.0759259
1 0.735417 0.332407 0.1375 0.109259
1 0.571875 0.311111 0.122917 0.103704
1 0.615625 0.658333 0.229167 0.294444
