1 0.261458 0.167593 0.0458333 0.05
1 0.245312 0.176852 0.0572917 0.05
1 0.394271 0.281481 0.101042 0.103704
1 0.531771 0.0490741 0.0197917 0.0425926
1 0.9875 0.119444 0.025 0.0537037
1 0.492708 0.0953704 0.025 0.0388889
0 0.0859375 0.333333 0.021875 0.0888889
1 0.0885417 0.292593 0.0770833 0.0703704
1 0.627083 0.109259 0.0291667 0.0592593
1 0.126042 0.266667 0.0520833 0.0703704
1 0.990104 0.228704 0.0197917 0.0462963
1 0.951563 0.134259 0.0739583 0.0648148
1 0.529688 0.109259 0.028125 0.0444444
0 0.0453125 0.507407 0.0197917 0.12963
1 0.479688 0.138889 0.0322917 0.0481481
1 0.853646 0.128704 0.0614583 0.0611111
1 0.158854 0.193519 0.0552083 0.0648148
1 0.940625 0.178704 0.0625 0.0648148
1 0.20625 0.200926 0.0604167 0.0611111
0 0.991146 0.346296 0.0177083 0.137037
0 0.165625 0.268519 0.0166667 0.0703704
0 0.188021 0.262037 0.0177083 0.0685185
0 0.0635417 0.517593 0.0270833 0.135185
1 0.648958 0.133333 0.0375 0.0703704
1 0.453125 0.188889 0.04375 0.062963
1 0.989583 0.858333 0.0208333 0.157407
0 0.280729 0.262963 0.0177083 0.0814815
0 0.960417 0.319444 0.0270833 0.124074
0 0.078125 0.459259 0.0270833 0.12963
1 0.506771 0.264815 0.053125 0.0851852
1 0.971354 0.199074 0.0572917 0.0722222
1 0.689062 0.203704 0.046875 0.0740741
1 0.410417 0.3 0.0625 0.1
1 0.0630208 0.885185 0.126042 0.222222
1 0.706771 0.428704 0.0927083 0.15
1 0.282292 0.403704 0.0958333 0.125926
1 0.367188 0.252778 0.0552083 0.0796296
1 0.331771 0.514815 0.107292 0.174074
