0 0.226042 0.251852 0.0145833 0.0518519
1 0.386458 0.0703704 0.0333333 0.0481481
1 0.339063 0.0592593 0.0322917 0.0444444
1 0.260938 0.110185 0.0552083 0.0648148
0 0.149479 0.381481 0.0239583 0.0703704
1 0.667188 0.087037 0.0302083 0.0259259
1 0.288542 0.106481 0.0354167 0.0611111
1 0.221875 0.15 0.0458333 0.0740741
1 0.791146 0.0916667 0.046875 0.05
1 0.30625 0.0712963 0.0416667 0.05
1 0.433854 0.0611111 0.034375 0.037037
1 0.435937 0.162963 0.040625 0.0666667
0 0.0921875 0.410185 0.0177083 0.087037
0 0.0567708 0.458333 0.0239583 0.112963
1 0.389062 0.464815 0.101042 0.196296
