1 0.854688 0.175926 0.0322917 0.0296296
1 0.846875 0.172222 0.0208333 0.0296296
1 0.435417 0.108333 0.0229167 0.0388889
1 0.407292 0.225 0.04375 0.0944444
1 0.549479 0.087037 0.021875 0.0407407
0 0.839583 0.273148 0.0166667 0.0796296
1 0.820833 0.172222 0.0270833 0.0444444
1 0.860937 0.202778 0.0302083 0.0574074
1 0.79375 0.157407 0.0333333 0.0481481
1 0.50625 0.0972222 0.01875 0.0314815
1 0.457812 0.137037 0.028125 0.0592593
0 0.978125 0.356481 0.0291667 0.0907407
1 0.405729 0.158333 0.0322917 0.0537037
0 0.985417 0.455556 0.0291667 0.148148
0 0.910937 0.27037 0.0177083 0.0740741
1 0.415625 0.200926 0.0416667 0.0648148
1 0.979167 0.289815 0.0416667 0.0944444
0 0.825 0.27037 0.0208333 0.0851852
0 0.0395833 0.391667 0.0208333 0.087037
1 0.401563 0.250926 0.0427083 0.0722222
1 0.885417 0.216667 0.0520833 0.0777778
1 0.0453125 0.247222 0.0427083 0.0648148
1 0.322917 0.308333 0.0604167 0.0907407
1 0.958333 0.237037 0.0791667 0.0666667
1 0.480208 0.241667 0.0479167 0.0685185
1 0.638021 0.266667 0.0489583 0.0740741
1 0.383854 0.32037 0.059375 0.0962963
1 0.44375 0.350926 0.0666667 0.0981481
1 0.340104 0.447222 0.0885417 0.131481
1 0.330208 0.708333 0.145833 0.235185
