1 0.732813 0.122222 0.0385417 0.0407407
0 0.518229 0.178704 0.015625 0.0648148
1 0.861458 0.126852 0.0583333 0.0611111
0 0.584375 0.202778 0.0125 0.0685185
1 0.880208 0.230556 0.0895833 0.0648148
1 0.294792 0.106481 0.0291667 0.0351852
1 0.583854 0.162963 0.0510417 0.0518519
0 0.571875 0.199074 0.0166667 0.0759259
1 0.505208 0.0722222 0.0708333 0.0407407
1 0.813021 0.12963 0.0572917 0.0666667
0 0.75 0.258333 0.01875 0.0944444
1 0.144792 0.130556 0.0291667 0.0351852
0 0.609375 0.213889 0.0166667 0.0759259
1 0.544792 0.150926 0.0666667 0.0574074
1 0.0192708 0.124074 0.021875 0.0296296
1 0.969792 0.137037 0.0541667 0.0740741
0 0.628646 0.22037 0.0177083 0.0814815
0 0.792188 0.262037 0.015625 0.0833333
1 0.0375 0.175 0.0291667 0.0425926
1 0.743229 0.198148 0.0885417 0.0703704
1 0.0479167 0.237037 0.0458333 0.0666667
1 0.311458 0.24537 0.0708333 0.0759259
1 0.150521 0.242593 0.053125 0.0740741
1 0.49375 0.280556 0.104167 0.101852
1 0.491667 0.768519 0.25625 0.362963
