1 0.585417 0.0722222 0.0625 0.0481481
0 0.617708 0.203704 0.0145833 0.0703704
0 0.65625 0.213889 0.0166667 0.0759259
1 0.909375 0.228704 0.11875 0.087037
1 0.417708 0.119444 0.0541667 0.0425926
1 0.517187 0.0657407 0.0677083 0.0425926
0 0.482292 0.162963 0.0125 0.0592593
1 0.555729 0.140741 0.0677083 0.0592593
1 0.314583 0.102778 0.0354167 0.0351852
0 0.633333 0.20463 0.0166667 0.0722222
1 0.823958 0.119444 0.0520833 0.0574074
1 0.864583 0.119444 0.0666667 0.0574074
0 0.582292 0.192593 0.0166667 0.0703704
1 0.0645833 0.148148 0.03125 0.0481481
0 0.664583 0.215741 0.0145833 0.0759259
1 0.0197917 0.125 0.0229167 0.0277778
0 0.51875 0.173148 0.0145833 0.0574074
0 0.553125 0.180556 0.0145833 0.0796296
1 0.203646 0.143519 0.0385417 0.0574074
1 0.594792 0.157407 0.05 0.0555556
1 0.979167 0.126852 0.0416667 0.0796296
1 0.753646 0.190741 0.0885417 0.0740741
1 0.202604 0.380556 0.090625 0.124074
1 0.107292 0.249074 0.0520833 0.0722222
1 0.210417 0.269444 0.0666667 0.0796296
