1 0.327604 0.193519 0.0427083 0.0611111
1 0.655208 0.0685185 0.025 0.0407407
1 0.902604 0.121296 0.0385417 0.0537037
1 0.992708 0.119444 0.0145833 0.0314815
0 0.398438 0.235185 0.0114583 0.0740741
0 0.358854 0.423148 0.0239583 0.0722222
1 0.328646 0.135185 0.0385417 0.0518519
1 0.229687 0.301852 0.105208 0.0851852
0 0.305208 0.606481 0.03125 0.194444
0 0.299479 0.65 0.0197917 0.111111
1 0.963021 0.123148 0.0427083 0.05
1 0.313542 0.214815 0.0458333 0.0703704
0 0.35625 0.496296 0.03125 0.133333
1 0.697396 0.137037 0.0322917 0.0518519
1 0.622396 0.12037 0.028125 0.0481481
0 0.339583 0.526852 0.0270833 0.0981481
1 0.755208 0.143519 0.04375 0.0685185
0 0.907812 0.184259 0.015625 0.0722222
1 0.532292 0.17037 0.0333333 0.0592593
1 0.655208 0.187963 0.0395833 0.0759259
1 0.283333 0.248148 0.0604167 0.0777778
1 0.980208 0.163889 0.0395833 0.05
1 0.211458 0.325 0.0666667 0.0944444
1 0.248437 0.285185 0.065625 0.0851852
0 0.339583 0.647222 0.0354167 0.198148
1 0.598437 0.205556 0.0427083 0.0703704
1 0.163542 0.376852 0.0958333 0.124074
1 0.0427083 0.544444 0.0854167 0.181481
1 0.607813 0.350926 0.0697917 0.112963
1 0.860937 0.275926 0.071875 0.0851852
1 0.842188 0.778704 0.182292 0.305556
