0 0.914583 0.510185 0.0395833 0.087037
1 0.333854 0.301852 0.0385417 0.0555556
1 0.253646 0.298148 0.028125 0.0407407
0 0.853125 0.428704 0.0208333 0.0796296
0 0.894271 0.462037 0.0177083 0.087037
1 0.977083 0.292593 0.0458333 0.037037
0 0.83125 0.437963 0.0166667 0.0722222
0 0.0645833 0.662963 0.03125 0.133333
0 0.866667 0.45463 0.0145833 0.0907407
1 0.328125 0.360185 0.08125 0.0944444
0 0.797917 0.403704 0.0145833 0.0555556
0 0.101042 0.621296 0.03125 0.105556
1 0.248437 0.346296 0.046875 0.0555556
0 0.141667 0.567593 0.0208333 0.124074
0 0.204688 0.494444 0.021875 0.0851852
0 0.904688 0.501852 0.021875 0.0851852
0 0.926562 0.519444 0.0177083 0.0981481
1 0.334375 0.318519 0.0333333 0.037037
1 0.334375 0.269444 0.0416667 0.05
0 0.163542 0.553704 0.0229167 0.107407
0 0.127083 0.599074 0.0270833 0.112963
0 0.255729 0.437037 0.0135417 0.0703704
1 0.573958 0.211111 0.01875 0.0259259
0 0.034375 0.705556 0.0333333 0.133333
1 0.511458 0.278704 0.025 0.0462963
1 0.281771 0.30463 0.034375 0.0574074
0 0.232812 0.467593 0.0177083 0.0907407
1 0.447917 0.284259 0.025 0.0462963
1 0.484896 0.263889 0.021875 0.0314815
1 0.455729 0.334259 0.0385417 0.0574074
1 0.436979 0.712963 0.0989583 0.211111
