1 0.823958 0.232407 0.05 0.0722222
1 0.459896 0.155556 0.0239583 0.0333333
1 0.438542 0.173148 0.0229167 0.05
1 0.646354 0.190741 0.0302083 0.0481481
1 0.48125 0.177778 0.0270833 0.0444444
1 0.619271 0.162963 0.028125 0.037037
1 0.742708 0.206481 0.0395833 0.0574074
1 0.514063 0.19537 0.034375 0.0611111
1 0.65 0.263889 0.0395833 0.0611111
1 0.691667 0.221296 0.0375 0.05
1 0.251042 0.314815 0.0604167 0.0851852
1 0.666667 0.312963 0.0479167 0.0740741
1 0.828125 0.306481 0.05625 0.0685185
1 0.735417 0.293519 0.0520833 0.0759259
1 0.493229 0.312037 0.046875 0.0759259
1 0.88125 0.393519 0.075 0.0981481
1 0.365625 0.315741 0.0520833 0.0685185
1 0.253125 0.408333 0.075 0.12037
1 0.0489583 0.555556 0.0979167 0.137037
1 0.691146 0.47037 0.0760417 0.114815
