1 0.856771 0.131481 0.0302083 0.0296296
1 0.475 0.0712963 0.0229167 0.0351852
0 0.880729 0.225926 0.0322917 0.0777778
0 0.0645833 0.268519 0.0270833 0.0592593
1 0.00885417 0.225926 0.0177083 0.0259259
1 0.41875 0.124074 0.0270833 0.0518519
0 0.00416667 0.294444 0.00833333 0.111111
1 0.551562 0.0416667 0.0197917 0.0351852
1 0.827604 0.132407 0.0260417 0.0388889
1 0.797917 0.114815 0.0375 0.0481481
1 0.980208 0.247222 0.0395833 0.087037
1 0.0484375 0.206481 0.040625 0.0611111
1 0.500521 0.111111 0.0302083 0.0518519
0 0.845833 0.233333 0.0166667 0.0777778
1 0.8875 0.175926 0.05625 0.0814815
1 0.309896 0.223148 0.0489583 0.0759259
0 0.830208 0.227778 0.01875 0.0851852
1 0.321875 0.927778 0.160417 0.140741
1 0.464063 0.305556 0.0677083 0.12963
1 0.961979 0.19537 0.0760417 0.0648148
1 0.197917 0.272222 0.1 0.0888889
1 0.381771 0.434259 0.0947917 0.146296
1 0.236979 0.640741 0.128125 0.214815
