0 0.0458333 0.500926 0.01875 0.0796296
1 0.277083 0.166667 0.0479167 0.0444444
1 0.302083 0.152778 0.0291667 0.0425926
1 0.991667 0.246296 0.0166667 0.0444444
0 0.0479167 0.532407 0.0229167 0.138889
1 0.855729 0.144444 0.0572917 0.0555556
0 0.294271 0.205556 0.0135417 0.0518519
1 0.268229 0.180556 0.0385417 0.05
1 0.941146 0.192593 0.059375 0.062963
1 0.5 0.0694444 0.0166667 0.0240741
0 0.0796875 0.242593 0.0177083 0.062963
1 0.110937 0.298148 0.0802083 0.0851852
1 0.952083 0.147222 0.075 0.0611111
1 0.530208 0.0481481 0.0208333 0.0333333
1 0.291146 0.159259 0.034375 0.0407407
1 0.629167 0.143519 0.0333333 0.0685185
1 0.570312 0.0648148 0.0197917 0.0333333
0 0.241667 0.225 0.01875 0.0648148
1 0.0645833 0.352778 0.0333333 0.0759259
1 0.971354 0.212963 0.0572917 0.0703704
0 0.194792 0.377778 0.0208333 0.0888889
1 0.605729 0.0722222 0.021875 0.0407407
1 0.158333 0.211111 0.05 0.062963
0 0.0588542 0.534259 0.0322917 0.138889
1 0.203646 0.221296 0.0552083 0.0574074
1 0.496354 0.119444 0.028125 0.0537037
0 0.0796875 0.474074 0.028125 0.133333
1 0.615104 0.188889 0.040625 0.062963
1 0.127604 0.284259 0.0510417 0.0722222
1 0.0942708 0.314815 0.0635417 0.0851852
1 0.430729 0.262037 0.053125 0.0833333
1 0.498958 0.294444 0.0541667 0.0888889
1 0.214583 0.932407 0.183333 0.127778
1 0.740625 0.872222 0.177083 0.240741
