1 0.354688 0.132407 0.040625 0.0611111
1 0.367708 0.119444 0.0375 0.05
0 0.277083 0.575 0.0291667 0.172222
0 0.43125 0.0824074 0.00833333 0.0425926
1 0.233854 0.17963 0.0447917 0.0703704
0 0.160938 0.941667 0.0510417 0.112963
1 0.675 0.0296296 0.0208333 0.0296296
0 0.477083 0.688889 0.05 0.0851852
1 0.344271 0.149074 0.0364583 0.0537037
1 0.295312 0.185185 0.059375 0.062963
1 0.326562 0.164815 0.0385417 0.062963
0 0.295833 0.553704 0.0270833 0.177778
0 0.335417 0.238889 0.01875 0.0777778
1 0.696354 0.0361111 0.0239583 0.0388889
1 0.234375 0.258333 0.05 0.0759259
0 0.117708 0.90463 0.0458333 0.161111
1 0.755208 0.0601852 0.0333333 0.0425926
0 0.223438 0.736111 0.040625 0.227778
0 0.197396 0.885185 0.0510417 0.22963
0 0.264583 0.710185 0.0375 0.183333
1 0.566146 0.0166667 0.0197917 0.0296296
1 0.688021 0.0722222 0.0302083 0.0444444
1 0.726562 0.0731481 0.0302083 0.0462963
1 0.211458 0.291667 0.06875 0.0944444
1 0.908333 0.303704 0.0854167 0.107407
1 0.0703125 0.45 0.0927083 0.140741
1 0.909375 0.235185 0.075 0.0851852
1 0.793229 0.141667 0.046875 0.0648148
1 0.0333333 0.522222 0.0666667 0.174074
1 0.121354 0.389815 0.090625 0.124074
1 0.171354 0.337963 0.0802083 0.112963
