0 0.572396 0.119444 0.0135417 0.0537037
1 0.153646 0.188889 0.0677083 0.062963
1 0.880208 0.147222 0.05 0.05
0 0.675 0.226852 0.0166667 0.087037
1 0.977604 0.138889 0.0447917 0.0444444
1 0.466146 0.101852 0.0552083 0.0592593
0 0.636458 0.233333 0.0166667 0.0888889
0 0.652083 0.231481 0.0166667 0.0814815
1 0.927604 0.142593 0.0572917 0.0481481
0 0.686458 0.223148 0.0166667 0.0833333
1 0.583854 0.174074 0.078125 0.0814815
1 0.0546875 0.263889 0.109375 0.0981481
1 0.197396 0.241667 0.134375 0.105556
