1 0.0677083 0.206481 0.0875 0.0648148
1 0.0177083 0.221296 0.0354167 0.0388889
1 0.852083 0.0342593 0.0333333 0.0351852
1 0.46875 0.297222 0.05625 0.0611111
1 0.591667 0.350926 0.139583 0.124074
1 0.759375 0.0935185 0.04375 0.0462963
1 0.148958 0.880556 0.2375 0.235185
1 0.580208 0.174074 0.0583333 0.0518519
1 0.720833 0.102778 0.0520833 0.05
1 0.628125 0.0981481 0.0583333 0.0851852
1 0.786458 0.0416667 0.0416667 0.0388889
1 0.177604 0.499074 0.115625 0.105556
1 0.503646 0.238889 0.0697917 0.0666667
