0 0.333333 0.216667 0.0145833 0.0740741
1 0.323958 0.108333 0.0416667 0.0462963
1 0.665625 0.0712963 0.0291667 0.0462963
0 0.296354 0.263889 0.0177083 0.0907407
0 0.302604 0.50463 0.0260417 0.0685185
1 0.959375 0.0925926 0.04375 0.0481481
1 0.596875 0.0305556 0.0229167 0.0425926
1 0.560417 0.0694444 0.0229167 0.0425926
1 0.610417 0.0685185 0.025 0.037037
1 0.306771 0.191667 0.046875 0.0685185
1 0.520312 0.1 0.0322917 0.0444444
1 0.580208 0.0851852 0.0291667 0.0407407
1 0.278646 0.219444 0.0572917 0.0685185
0 0.903646 0.160185 0.0197917 0.0722222
1 0.978125 0.139815 0.04375 0.0537037
0 0.357292 0.457407 0.025 0.159259
1 0.766667 0.146296 0.04375 0.0555556
1 0.831771 0.147222 0.053125 0.0611111
0 0.333854 0.519444 0.028125 0.135185
1 0.58125 0.134259 0.0333333 0.0574074
1 0.990104 0.347222 0.0197917 0.0574074
0 0.309896 0.608333 0.0447917 0.198148
1 0.244792 0.260185 0.0645833 0.087037
1 0.208333 0.302778 0.0645833 0.0981481
1 0.0416667 0.523148 0.0833333 0.183333
1 0.879687 0.257407 0.0760417 0.0925926
1 0.159375 0.352778 0.0958333 0.127778
1 0.624479 0.284259 0.071875 0.131481
1 0.755729 0.421296 0.090625 0.153704
1 0.622917 0.599074 0.122917 0.294444
