0 0.0182292 0.294444 0.021875 0.0740741
1 0.0317708 0.00740741 0.0114583 0.0148148
1 0.129688 0.012963 0.0364583 0.0259259
1 0.0828125 0.012037 0.034375 0.0240741
0 0.0197917 0.35463 0.0208333 0.0537037
1 0.197917 0.0342593 0.025 0.0240741
0 0.731771 0.127778 0.0135417 0.0592593
1 0.0895833 0.012963 0.0166667 0.0222222
0 0.06875 0.258333 0.0166667 0.0685185
0 0.934375 0.205556 0.025 0.0740741
0 0.672396 0.112963 0.0135417 0.062963
1 0.071875 0.0101852 0.01875 0.0203704
1 0.0739583 0.103704 0.03125 0.0444444
1 0.0958333 0.0777778 0.025 0.037037
1 0.498958 0.12037 0.0541667 0.0518519
1 0.93125 0.614815 0.1375 0.266667
