1 0.925 0.037037 0.01875 0.0296296
1 0.390625 0.319444 0.1125 0.135185
1 0.706771 0.0564815 0.021875 0.0240741
1 0.954167 0.0185185 0.0166667 0.0222222
1 0.891146 0.037963 0.015625 0.0240741
1 0.738542 0.0555556 0.0229167 0.0259259
1 0.954167 0.0583333 0.0208333 0.0314815
1 0.836979 0.0731481 0.021875 0.0351852
1 0.70625 0.107407 0.03125 0.0407407
1 0.809896 0.110185 0.028125 0.0388889
1 0.557813 0.137963 0.034375 0.0425926
1 0.861979 0.0981481 0.0260417 0.0407407
1 0.719271 0.947222 0.134375 0.0981481
1 0.890104 0.137037 0.0385417 0.062963
1 0.953125 0.273148 0.05 0.0833333
1 0.527604 0.175 0.0552083 0.0648148
1 0.79375 0.226852 0.0520833 0.0796296
1 0.0578125 0.588889 0.115625 0.192593
1 0.410937 0.373148 0.111458 0.116667
1 0.869271 0.250926 0.053125 0.0796296
1 0.370313 0.289815 0.0822917 0.0796296
