1 0.291146 0.0814815 0.0447917 0.0444444
1 0.324479 0.0916667 0.046875 0.0425926
1 0.764583 0.106481 0.0520833 0.0611111
0 0.166667 0.236111 0.0229167 0.0685185
0 0.561458 0.182407 0.0125 0.0648148
1 0.805208 0.105556 0.0583333 0.0518519
1 0.0963542 0.119444 0.0364583 0.0537037
1 0.15625 0.133333 0.0375 0.0444444
1 0.916146 0.112037 0.046875 0.0685185
1 0.126563 0.148148 0.0427083 0.0444444
1 0.828125 0.201852 0.08125 0.0592593
1 0.685938 0.0935185 0.0364583 0.0388889
1 0.00885417 0.128704 0.0177083 0.0388889
0 0.871875 0.211111 0.0208333 0.0814815
0 0.576042 0.186111 0.0166667 0.0759259
1 0.455208 0.0435185 0.0604167 0.0425926
1 0.0380208 0.243519 0.059375 0.0833333
1 0.0588542 0.174074 0.0447917 0.0555556
1 0.694271 0.172222 0.0864583 0.0740741
