1 0.0869792 0.168519 0.021875 0.0222222
1 0.193229 0.167593 0.0322917 0.0277778
1 0.311979 0.255556 0.053125 0.0592593
1 0.560417 0.232407 0.05625 0.05
1 0.467708 0.214815 0.05 0.037037
1 0.615625 0.240741 0.0625 0.0555556
1 0.132292 0.178704 0.0229167 0.0277778
1 0.816667 0.299074 0.09375 0.0648148
1 0.947396 0.328704 0.0822917 0.0648148
1 0.740625 0.278704 0.0833333 0.0537037
1 0.334375 0.240741 0.0604167 0.0555556
1 0.222396 0.198148 0.0447917 0.0407407
1 0.13125 0.234259 0.04375 0.0537037
1 0.907812 0.727778 0.184375 0.225926
1 0.599479 0.307407 0.0927083 0.0703704
1 0.475521 0.433333 0.128125 0.148148
