0 0.682292 0.231481 0.0145833 0.0777778
1 0.326042 0.0796296 0.0416667 0.0407407
0 0.6125 0.203704 0.0125 0.0666667
1 0.191667 0.0907407 0.0291667 0.0333333
1 0.305208 0.0527778 0.03125 0.0277778
1 0.450521 0.0611111 0.0447917 0.0333333
1 0.59375 0.0777778 0.0583333 0.0407407
0 0.702083 0.24537 0.01875 0.087037
1 0.034375 0.037963 0.025 0.0425926
0 0.633333 0.212963 0.0145833 0.0814815
1 0.866667 0.163889 0.0395833 0.0425926
1 0.0963542 0.0546296 0.0239583 0.0314815
0 0.722917 0.244444 0.0166667 0.0851852
1 0.963021 0.307407 0.0739583 0.0851852
1 0.244792 0.107407 0.0354167 0.037037
1 0.809375 0.151852 0.0458333 0.0407407
1 0.107813 0.113889 0.0385417 0.0685185
1 0.264583 0.142593 0.0395833 0.0518519
1 0.789062 0.224074 0.071875 0.0740741
1 0.297396 0.293519 0.0864583 0.105556
1 0.896354 0.531482 0.207292 0.196296
