1 0.426562 0.116667 0.0177083 0.0296296
1 0.594271 0.12963 0.021875 0.0407407
1 0.0901042 0.0314815 0.0614583 0.0333333
1 0.707292 0.114815 0.01875 0.037037
1 0.745833 0.160185 0.0291667 0.0425926
1 0.705729 0.171296 0.0322917 0.0425926
1 0.606771 0.175 0.028125 0.0388889
1 0.468229 0.158333 0.0302083 0.0462963
1 0.645312 0.168519 0.0302083 0.037037
1 0.407813 0.196296 0.0322917 0.0481481
1 0.213542 0.317593 0.08125 0.142593
1 0.450521 0.128704 0.021875 0.0277778
1 0.367188 0.188889 0.0322917 0.0444444
1 0.844792 0.260185 0.05 0.0611111
1 0.511979 0.162037 0.0239583 0.0388889
1 0.615104 0.221296 0.0385417 0.0574074
1 0.642708 0.313889 0.0458333 0.0722222
1 0.796875 0.308333 0.0604167 0.0722222
1 0.722917 0.309259 0.0520833 0.0740741
1 0.382292 0.32963 0.0541667 0.0814815
1 0.669792 0.462037 0.075 0.124074
