1 0.256771 0.151852 0.0364583 0.0518519
1 0.854688 0.119444 0.0489583 0.0574074
1 0.494792 0.0444444 0.01875 0.0296296
1 0.684896 0.106481 0.0322917 0.05
1 0.297396 0.189815 0.0322917 0.0722222
1 0.935417 0.164815 0.0604167 0.062963
1 0.586979 0.137963 0.034375 0.0537037
1 0.229167 0.173148 0.0520833 0.05
1 0.05625 0.321296 0.03125 0.0759259
0 0.0791667 0.37037 0.025 0.0925926
1 0.6625 0.180556 0.0479167 0.0685185
0 0.957292 0.306481 0.0270833 0.12037
0 0.983854 0.339815 0.021875 0.127778
1 0.967708 0.187963 0.0645833 0.0685185
1 0.514063 0.143519 0.0385417 0.0685185
1 0.455208 0.144444 0.0375 0.0555556
0 0.0791667 0.444444 0.025 0.12963
1 0.115625 0.256481 0.05 0.0722222
0 0.147917 0.265741 0.01875 0.0833333
1 0.745313 0.212037 0.0552083 0.0759259
1 0.185937 0.206481 0.090625 0.0611111
1 0.084375 0.286111 0.0729167 0.0833333
1 0.310937 0.293519 0.0614583 0.0944444
0 0.0515625 0.503704 0.0427083 0.140741
1 0.720833 0.314815 0.06875 0.111111
1 0.488542 0.278704 0.0583333 0.0981481
1 0.626562 0.250926 0.0572917 0.0833333
1 0.81875 0.92963 0.19375 0.133333
1 0.341146 0.389815 0.0822917 0.124074
1 0.882292 0.37037 0.0979167 0.125926
1 0.85 0.580556 0.14375 0.190741
1 0.455729 0.518519 0.105208 0.214815
