1 0.390625 0.0740741 0.0395833 0.0481481
1 0.383854 0.087037 0.0302083 0.0518519
1 0.364583 0.10463 0.0375 0.0537037
1 0.0671875 0.459259 0.0552083 0.133333
0 0.288542 0.74537 0.0354167 0.216667
1 0.296354 0.167593 0.059375 0.0648148
1 0.33125 0.146296 0.0395833 0.0555556
0 0.313542 0.772222 0.0395833 0.211111
1 0.234375 0.166667 0.0416667 0.0666667
0 0.05625 0.353704 0.0270833 0.0592593
0 0.225521 0.731481 0.0364583 0.207407
0 0.190625 0.947222 0.0520833 0.101852
0 0.133854 0.908333 0.0572917 0.168519
1 0.740104 0.0564815 0.028125 0.0425926
1 0.0723958 0.433333 0.0885417 0.122222
1 0.722396 0.0157407 0.0239583 0.0314815
1 0.238542 0.237963 0.05 0.0796296
1 0.659896 0.025 0.021875 0.0388889
0 0.203646 0.869444 0.0614583 0.242593
1 0.215104 0.275 0.065625 0.0981481
1 0.173958 0.323148 0.0833333 0.109259
1 0.866667 0.191667 0.075 0.0944444
1 0.709375 0.0666667 0.0395833 0.0518519
1 0.034375 0.505556 0.06875 0.174074
1 0.780208 0.107407 0.0479167 0.0666667
1 0.124479 0.375 0.0885417 0.12037
