1 0.23125 0.952778 0.177083 0.0944444
1 0.402083 0.0824074 0.03125 0.0425926
1 0.253125 0.230556 0.0354167 0.0796296
0 0.251563 0.453704 0.028125 0.114815
0 0.1625 0.526852 0.03125 0.0981481
0 0.145833 0.642593 0.0333333 0.174074
1 0.225 0.230556 0.0875 0.0907407
1 0.286979 0.132407 0.0427083 0.0685185
1 0.3875 0.0944444 0.03125 0.0481481
1 0.177083 0.283333 0.0416667 0.0925926
1 0.367708 0.111111 0.0416667 0.0518519
1 0.0333333 0.432407 0.0666667 0.112963
0 0.159375 0.621296 0.03125 0.172222
0 0.0260417 0.824074 0.0479167 0.214815
0 0.0614583 0.766667 0.0458333 0.214815
0 0.0921875 0.721296 0.0489583 0.187037
0 0.122917 0.671296 0.0333333 0.183333
0 0.259375 0.387963 0.0270833 0.131481
1 0.134896 0.325926 0.0760417 0.103704
1 0.766667 0.0333333 0.0375 0.0518519
0 0.303125 0.375 0.025 0.112963
0 0.191667 0.510185 0.0354167 0.164815
1 0.335938 0.134259 0.0572917 0.0611111
1 0.7625 0.075 0.0395833 0.0611111
1 0.26875 0.201852 0.05 0.0740741
1 0.0828125 0.368519 0.0802083 0.0925926
0 0.2375 0.489815 0.03125 0.15
1 0.472917 0.190741 0.05625 0.0814815
1 0.544271 0.276852 0.0677083 0.116667
