0 0.141667 0.665741 0.03125 0.183333
1 0.288021 0.153704 0.0447917 0.0666667
0 0.102604 0.718518 0.0322917 0.177778
1 0.586458 0.0675926 0.04375 0.0685185
0 0.248437 0.477778 0.028125 0.125926
1 0.726042 0.0888889 0.0354167 0.0592593
1 0.795313 0.0972222 0.040625 0.0574074
1 0.635938 0.0851852 0.0302083 0.0518519
1 0.228646 0.25463 0.0822917 0.087037
0 0.258854 0.407407 0.0322917 0.137037
0 0.0515625 0.782407 0.0572917 0.209259
1 0.261458 0.225926 0.0583333 0.0740741
1 0.176563 0.307407 0.0385417 0.0962963
1 0.649479 0.116667 0.0385417 0.0592593
0 0.0880208 0.744444 0.0510417 0.192593
0 0.192708 0.52963 0.0291667 0.162963
0 0.0234375 0.835185 0.046875 0.233333
0 0.157813 0.639815 0.0322917 0.164815
1 0.332812 0.155556 0.0572917 0.062963
0 0.120833 0.689815 0.0395833 0.190741
1 0.598437 0.112037 0.0364583 0.0611111
0 0.231771 0.516667 0.0322917 0.148148
0 0.302604 0.39537 0.021875 0.116667
1 0.135417 0.348148 0.0854167 0.103704
1 0.566146 0.15 0.0489583 0.0851852
1 0.647396 0.187963 0.0510417 0.0833333
1 0.393229 0.180556 0.0489583 0.0648148
1 0.03125 0.45 0.0625 0.107407
1 0.45 0.661111 0.13125 0.32963
1 0.0796875 0.393519 0.0802083 0.087037
1 0.472396 0.213889 0.0552083 0.0833333
1 0.559375 0.275926 0.0625 0.103704
1 0.954167 0.348148 0.0916667 0.125926
1 0.668229 0.486111 0.103125 0.190741
1 0.938542 0.602778 0.120833 0.209259
