1 0.683854 0.108333 0.021875 0.0277778
1 0.728125 0.116667 0.0229167 0.0333333
1 0.663542 0.0925926 0.01875 0.0259259
1 0.69375 0.139815 0.025 0.0314815
1 0.607813 0.0925926 0.015625 0.0407407
1 0.425521 0.125926 0.0197917 0.0296296
1 0.539062 0.0990741 0.0197917 0.0277778
1 0.475521 0.107407 0.0177083 0.037037
1 0.761458 0.15463 0.0291667 0.0388889
1 0.735417 0.189815 0.0333333 0.05
1 0.474479 0.168519 0.0302083 0.0444444
1 0.477083 0.342593 0.0520833 0.111111
1 0.838542 0.959259 0.14375 0.0777778
1 0.528125 0.150926 0.0270833 0.05
1 0.496875 0.134259 0.0229167 0.0351852
1 0.402604 0.209259 0.0322917 0.0518519
1 0.844271 0.222222 0.0447917 0.0555556
1 0.625521 0.183333 0.034375 0.0481481
1 0.508854 0.228704 0.034375 0.0574074
1 0.794271 0.264815 0.0552083 0.0740741
1 0.309896 0.381481 0.065625 0.0925926
1 0.746354 0.312037 0.059375 0.087037
1 0.401042 0.316667 0.0541667 0.0851852
1 0.659375 0.29537 0.05 0.0759259
1 0.890104 0.410185 0.078125 0.0981481
