1 0.984896 0.137037 0.0302083 0.0481481
1 0.204688 0.222222 0.0552083 0.0555556
1 0.25625 0.190741 0.05 0.0518519
1 0.291146 0.166667 0.0260417 0.0407407
1 0.49375 0.0527778 0.0145833 0.0203704
1 0.192708 0.237037 0.0708333 0.062963
1 0.936979 0.199074 0.0635417 0.0648148
1 0.607292 0.0472222 0.0145833 0.0240741
1 0.155729 0.221296 0.053125 0.0611111
1 0.989062 0.24537 0.021875 0.05
1 0.581771 0.0435185 0.015625 0.0277778
1 0.271354 0.181481 0.0364583 0.0481481
1 0.241146 0.207407 0.053125 0.0555556
1 0.852604 0.151852 0.0572917 0.0555556
1 0.950521 0.15463 0.0822917 0.0648148
0 0.989583 0.368519 0.01875 0.133333
0 0.959375 0.348148 0.025 0.114815
1 0.0854167 0.318519 0.075 0.0740741
1 0.175521 0.25 0.0864583 0.062963
0 0.0520833 0.544444 0.0333333 0.137037
1 0.969271 0.22037 0.0614583 0.0666667
0 0.075 0.487963 0.0291667 0.138889
0 0.132812 0.393519 0.0197917 0.0981481
1 0.122917 0.293519 0.0520833 0.0722222
1 0.324479 0.310185 0.0552083 0.0907407
1 0.792708 0.469444 0.108333 0.146296
1 0.318229 0.880556 0.173958 0.235185
