0 0.557292 0.480556 0.0145833 0.101852
0 0.03125 0.527778 0.025 0.0666667
0 0.715625 0.461111 0.0145833 0.0555556
0 0.660417 0.468519 0.01875 0.062963
0 0.776563 0.462963 0.0135417 0.062963
0 0.691146 0.462963 0.0135417 0.0555556
1 0.248958 0.500926 0.1 0.0722222
1 0.0682292 0.960185 0.136458 0.0759259
1 0.9 0.485185 0.0666667 0.0592593
1 0.0807292 0.52037 0.0802083 0.0777778
1 0.278125 0.893519 0.191667 0.161111
1 0.475 0.921296 0.177083 0.153704
1 0.876042 0.925 0.141667 0.146296
1 0.21875 0.70463 0.145833 0.124074
