1 0.266667 0.118519 0.04375 0.0666667
1 0.383333 0.0731481 0.0604167 0.0722222
0 0.08125 0.467593 0.0270833 0.112963
0 0.823438 0.232407 0.0197917 0.0759259
1 0.809896 0.0972222 0.040625 0.05
1 0.319271 0.0824074 0.0489583 0.0574074
1 0.495313 0.159259 0.040625 0.0666667
1 0.338021 0.132407 0.0552083 0.0648148
0 0.835938 0.288889 0.021875 0.0925926
1 0.466146 0.240741 0.0447917 0.0925926
1 0.408333 0.176852 0.04375 0.0722222
1 0.355208 0.410185 0.0916667 0.190741
1 0.757812 0.47963 0.132292 0.166667
