1 0.200521 0.192593 0.059375 0.0592593
1 0.484896 0.0740741 0.0260417 0.037037
1 0.521875 0.0583333 0.0229167 0.0388889
1 0.703125 0.135185 0.0395833 0.0592593
1 0.855208 0.119444 0.05 0.0574074
1 0.586458 0.126852 0.03125 0.05
0 0.292188 0.186111 0.015625 0.0574074
1 0.936458 0.168519 0.0625 0.062963
0 0.0541667 0.32963 0.0229167 0.0962963
1 0.454688 0.156481 0.0364583 0.0611111
1 0.514063 0.142593 0.0364583 0.062963
1 0.6625 0.189815 0.0479167 0.0796296
1 0.0822917 0.287963 0.0666667 0.087037
1 0.38125 0.177778 0.0625 0.0666667
1 0.968229 0.188889 0.0635417 0.0666667
0 0.957812 0.309259 0.028125 0.122222
1 0.324479 0.228704 0.0510417 0.0722222
1 0.146875 0.285185 0.075 0.125926
0 0.984896 0.337037 0.021875 0.122222
1 0.375521 0.324074 0.0739583 0.144444
1 0.605729 0.228704 0.0552083 0.0907407
1 0.751042 0.230556 0.0583333 0.087037
0 0.0760417 0.44537 0.0270833 0.138889
1 0.508333 0.243519 0.05 0.0833333
0 0.0526042 0.503704 0.040625 0.144444
1 0.949479 0.494444 0.101042 0.162963
1 0.183333 0.562037 0.133333 0.183333
1 0.626042 0.337037 0.06875 0.111111
1 0.745833 0.34537 0.0770833 0.109259
1 0.451042 0.547222 0.104167 0.190741
1 0.845312 0.575926 0.144792 0.211111
