0 0.140625 0.562037 0.01875 0.0981481
0 0.103125 0.62963 0.0291667 0.103704
0 0.813542 0.418519 0.01875 0.0740741
1 0.561458 0.188889 0.0145833 0.0185185
0 0.727083 0.276852 0.00833333 0.0277778
0 0.797396 0.411111 0.015625 0.062963
0 0.288542 0.39537 0.0145833 0.0574074
1 0.974479 0.301852 0.0510417 0.0444444
1 0.25 0.342593 0.0458333 0.0592593
0 0.0661458 0.661111 0.028125 0.12963
0 0.163021 0.542593 0.0239583 0.133333
0 0.852083 0.437037 0.0166667 0.0814815
0 0.923958 0.525 0.01875 0.0796296
0 0.126563 0.605556 0.0239583 0.111111
0 0.252604 0.448148 0.015625 0.0777778
0 0.832292 0.441667 0.0166667 0.0722222
1 0.281771 0.309259 0.0385417 0.062963
1 0.486458 0.256481 0.0229167 0.0314815
1 0.704167 0.247222 0.0208333 0.0277778
0 0.908854 0.523148 0.0197917 0.0981481
1 0.332292 0.276852 0.0479167 0.05
0 0.228646 0.475926 0.0239583 0.0962963
1 0.594792 0.248148 0.0270833 0.0333333
0 0.0354167 0.711111 0.0270833 0.12963
1 0.435417 0.384259 0.04375 0.0685185
1 0.202604 0.897222 0.194792 0.201852
1 0.259375 0.580556 0.102083 0.146296
1 0.455208 0.613889 0.09375 0.205556
