1 0.982292 0.101852 0.0354167 0.0925926
1 0.34375 0.115741 0.0479167 0.0388889
1 0.247917 0.162963 0.08125 0.0666667
1 0.457812 0.0740741 0.0427083 0.037037
1 0.39375 0.100926 0.0604167 0.0462963
1 0.0197917 0.241667 0.0395833 0.0462963
1 0.20625 0.165741 0.0625 0.0611111
1 0.591146 0.355556 0.142708 0.133333
1 0.705729 0.0925926 0.0447917 0.0444444
1 0.0307292 0.217593 0.059375 0.0537037
1 0.638021 0.17037 0.0552083 0.0555556
1 0.434375 0.955556 0.227083 0.0851852
1 0.725 0.469444 0.154167 0.153704
1 0.4 0.326852 0.0666667 0.0759259
1 0.867708 0.484259 0.133333 0.161111
1 0.732292 0.347222 0.1125 0.109259
