1 0.873958 0.102778 0.0208333 0.0277778
1 0.00989583 0.102778 0.0197917 0.0277778
1 0.753646 0.112963 0.021875 0.0259259
1 0.847917 0.134259 0.0270833 0.0425926
1 0.791667 0.72037 0.127083 0.303704
1 0.0770833 0.0962963 0.0875 0.0407407
1 0.597917 0.17963 0.0375 0.0407407
1 0.970312 0.155556 0.0239583 0.037037
1 0.815625 0.258333 0.05 0.087037
1 0.702083 0.160185 0.03125 0.0388889
1 0.922917 0.134259 0.0229167 0.0388889
1 0.175 0.413889 0.09375 0.112963
1 0.906771 0.249074 0.0427083 0.0611111
1 0.578646 0.512963 0.107292 0.148148
1 0.485938 0.376852 0.0864583 0.0981481
1 0.665625 0.607407 0.11875 0.159259
1 0.296354 0.455556 0.121875 0.118519
