1 0.410417 0.139815 0.0520833 0.0537037
1 0.155729 0.101852 0.0385417 0.0703704
1 0.520833 0.223148 0.06875 0.0685185
1 0.0552083 0.0694444 0.0229167 0.0314815
1 0.0770833 0.0916667 0.0291667 0.0462963
1 0.586458 0.140741 0.0479167 0.0592593
1 0.0260417 0.0916667 0.0291667 0.0425926
1 0.707812 0.230556 0.084375 0.0796296
1 0.534896 0.144444 0.065625 0.0777778
1 0.169792 0.205556 0.0479167 0.062963
1 0.759896 0.199074 0.0739583 0.0759259
1 0.8125 0.371296 0.114583 0.0944444
1 0.646354 0.242593 0.0885417 0.0851852
1 0.554688 0.459259 0.128125 0.151852
1 0.321875 0.258333 0.0729167 0.087037
1 0.245833 0.473148 0.10625 0.161111
