1 0.56875 0.0435185 0.025 0.0388889
1 0.726562 0.0888889 0.034375 0.0444444
1 0.0328125 0.32963 0.065625 0.12963
0 0.419792 0.147222 0.0145833 0.0574074
1 0.298438 0.187963 0.0489583 0.0685185
1 0.986458 0.0583333 0.0270833 0.0425926
0 0.292708 0.575 0.0270833 0.198148
1 0.501042 0.160185 0.0354167 0.0722222
0 0.348437 0.447222 0.0302083 0.175926
1 0.581771 0.102778 0.040625 0.0611111
0 0.892187 0.127778 0.015625 0.0740741
1 0.269271 0.22037 0.0552083 0.0777778
1 0.947917 0.062037 0.0416667 0.0462963
1 0.698958 0.106481 0.0416667 0.0611111
0 0.319792 0.587037 0.0375 0.17037
1 0.972396 0.110185 0.0552083 0.0574074
0 0.263021 0.27037 0.0197917 0.0925926
1 0.522917 0.19537 0.0479167 0.105556
0 0.200521 0.537037 0.0447917 0.125926
1 0.232292 0.259259 0.0583333 0.0888889
1 0.564062 0.140741 0.0364583 0.0666667
1 0.197917 0.303704 0.06875 0.0962963
0 0.132812 0.524074 0.028125 0.12963
1 0.64375 0.151852 0.0458333 0.0703704
1 0.816667 0.187963 0.0666667 0.0796296
1 0.584375 0.202778 0.0458333 0.0796296
1 0.151562 0.356481 0.0947917 0.124074
1 0.0380208 0.533333 0.0760417 0.185185
1 0.774479 0.458333 0.111458 0.172222
