1 0.330729 0.167593 0.0447917 0.0574074
1 0.929167 0.075 0.0291667 0.0425926
1 0.295833 0.187963 0.0625 0.0648148
1 0.234375 0.184259 0.04375 0.0648148
0 0.176042 0.783333 0.0291667 0.0925926
0 0.236458 0.831481 0.0395833 0.222222
0 0.203125 0.378704 0.025 0.131481
1 0.577083 0.0444444 0.0291667 0.037037
1 0.708854 0.0185185 0.0177083 0.037037
1 0.236979 0.262963 0.0510417 0.0851852
1 0.6 0.0287037 0.0208333 0.0351852
1 0.959375 0.0805556 0.05 0.0425926
0 0.278125 0.566667 0.0354167 0.118519
0 0.0432292 0.897222 0.040625 0.15
0 0.207813 0.871296 0.0385417 0.212963
0 0.31875 0.586111 0.0333333 0.168519
1 0.215104 0.296296 0.0697917 0.0962963
0 0.0854167 0.860185 0.03125 0.198148
1 0.576563 0.0842593 0.0322917 0.0574074
1 0.756771 0.0638889 0.034375 0.05
1 0.173958 0.343519 0.08125 0.116667
1 0.632812 0.116667 0.0364583 0.0518519
1 0.0734375 0.460185 0.0885417 0.131481
1 0.397396 0.218519 0.103125 0.0962963
1 0.122917 0.396296 0.0916667 0.122222
1 0.514063 0.3 0.0739583 0.133333
1 0.0348958 0.52963 0.0697917 0.177778
1 0.641146 0.337963 0.0760417 0.12037
