0 0.531771 0.0694444 0.015625 0.05
1 0.111458 0.156481 0.10625 0.0796296
1 0.384375 0.196296 0.0729167 0.0703704
0 0.784375 0.153704 0.01875 0.0814815
1 0.872917 0.105556 0.05625 0.0481481
1 0.931771 0.1 0.0635417 0.0481481
1 0.414583 0.0685185 0.0520833 0.0592593
0 0.627604 0.193519 0.0197917 0.0907407
1 0.978646 0.0944444 0.0427083 0.0444444
1 0.534896 0.140741 0.0760417 0.0777778
0 0.270833 0.242593 0.025 0.0925926
0 0.590625 0.19537 0.0166667 0.0907407
1 0.0260417 0.236111 0.05 0.0944444
1 0.142708 0.214815 0.141667 0.107407
1 0.953646 0.432407 0.0927083 0.157407
