1 0.451562 0.257407 0.0197917 0.0333333
1 0.869271 0.323148 0.0572917 0.0574074
1 0.0854167 0.634259 0.0875 0.112963
1 0.00677083 0.869444 0.0135417 0.0981481
1 0.579167 0.184259 0.01875 0.0277778
1 0.520833 0.335185 0.0479167 0.107407
1 0.644792 0.228704 0.01875 0.0314815
1 0.855208 0.310185 0.0354167 0.0611111
1 0.330729 0.271296 0.0260417 0.0388889
1 0.673958 0.2 0.025 0.0296296
1 0.985937 0.412963 0.028125 0.062963
1 0.886979 0.335185 0.0489583 0.0555556
1 0.613021 0.197222 0.0260417 0.0351852
1 0.9625 0.386111 0.0645833 0.0685185
0 0.128125 0.439815 0.01875 0.0796296
1 0.658854 0.25463 0.028125 0.0388889
1 0.920833 0.358333 0.05625 0.0611111
1 0.523958 0.266667 0.03125 0.0407407
1 0.23125 0.343519 0.05625 0.0611111
1 0.647917 0.340741 0.0458333 0.0703704
1 0.591146 0.290741 0.0302083 0.0481481
1 0.345833 0.597222 0.0958333 0.157407
1 0.439583 0.844444 0.141667 0.307407
