1 0.49375 0.155556 0.0354167 0.0666667
0 0.317708 0.484259 0.0354167 0.116667
1 0.564062 0.037963 0.0239583 0.0388889
0 0.916667 0.107407 0.0125 0.0481481
1 0.264583 0.224074 0.0520833 0.0703704
0 0.348437 0.467593 0.028125 0.172222
0 0.408854 0.169444 0.015625 0.0611111
1 0.946875 0.0703704 0.04375 0.0481481
0 0.284375 0.247222 0.01875 0.0907407
1 0.985417 0.0657407 0.0291667 0.0462963
1 0.034375 0.336111 0.06875 0.127778
1 0.616146 0.103704 0.0364583 0.0592593
1 0.295833 0.196296 0.0458333 0.0703704
1 0.763542 0.130556 0.0479167 0.0574074
1 0.565625 0.087963 0.0375 0.0574074
0 0.891146 0.137963 0.0135417 0.0722222
1 0.561458 0.12963 0.0333333 0.0592593
1 0.717708 0.138889 0.0458333 0.0703704
1 0.972396 0.115741 0.0552083 0.0537037
0 0.317187 0.606481 0.0385417 0.183333
1 0.518229 0.186111 0.046875 0.0944444
1 0.579687 0.188889 0.0427083 0.0777778
1 0.197917 0.313889 0.0666667 0.0981481
1 0.040625 0.537037 0.0791667 0.188889
1 0.233854 0.268519 0.065625 0.0888889
0 0.0833333 0.538889 0.05 0.185185
1 0.709375 0.30463 0.075 0.116667
1 0.150521 0.362963 0.0947917 0.125926
1 0.899479 0.283333 0.0947917 0.103704
1 0.682813 0.744444 0.142708 0.307407
