1 0.882292 0.27963 0.104167 0.0740741
1 0.853125 0.262037 0.145833 0.0944444
1 0.408854 0.171296 0.053125 0.0388889
1 0.304688 0.15463 0.0385417 0.0351852
1 0.8375 0.178704 0.102083 0.0611111
1 0.195833 0.198148 0.0416667 0.0518519
1 0.496875 0.117593 0.0583333 0.0425926
1 0.969271 0.182407 0.059375 0.087037
1 0.582812 0.212963 0.0552083 0.0555556
0 0.63125 0.264815 0.0166667 0.0666667
1 0.207813 0.311111 0.065625 0.103704
1 0.741146 0.248148 0.0864583 0.0740741
1 0.0677083 0.289815 0.05 0.0722222
1 0.419792 0.675 0.185417 0.324074
1 0.365625 0.277778 0.0729167 0.0777778
1 0.391667 0.468519 0.129167 0.148148
1 0.734375 0.532407 0.208333 0.172222
1 0.139583 0.355556 0.06875 0.0925926
