1 0.607813 0.0490741 0.028125 0.0462963
1 0.584896 0.0148148 0.0239583 0.0296296
0 0.236458 0.850926 0.0375 0.212963
1 0.242188 0.238889 0.0614583 0.1
0 0.516667 0.665741 0.0520833 0.0981481
1 0.531771 0.117593 0.0364583 0.0611111
0 0.289583 0.67963 0.0354167 0.196296
1 0.825521 0.116667 0.0447917 0.0703704
0 0.339583 0.506481 0.0375 0.153704
1 0.654688 0.109259 0.0427083 0.0814815
0 0.307813 0.567593 0.0364583 0.187037
1 0.565625 0.0805556 0.0395833 0.0648148
1 0.602604 0.12037 0.040625 0.0814815
1 0.225 0.271296 0.0645833 0.0981481
0 0.342708 0.834259 0.0375 0.212963
0 0.206771 0.865741 0.0572917 0.264815
1 0.971354 0.188889 0.0572917 0.0777778
0 0.0859375 0.822222 0.0552083 0.211111
1 0.0395833 0.485185 0.0791667 0.144444
1 0.0869792 0.417593 0.090625 0.112963
0 0.158333 0.893519 0.06875 0.201852
1 0.896354 0.202778 0.071875 0.0944444
1 0.186458 0.315741 0.08125 0.112963
1 0.684896 0.169444 0.053125 0.0796296
1 0.545313 0.162963 0.0447917 0.0740741
1 0.134896 0.366667 0.090625 0.122222
1 0.053125 0.667593 0.10625 0.235185
1 0.609896 0.17963 0.0489583 0.0814815
1 0.749479 0.35463 0.0927083 0.142593
1 0.607813 0.30463 0.0739583 0.116667
