0 0.242708 0.832407 0.0416667 0.201852
0 0.0234375 0.610185 0.0447917 0.15
1 0.928646 0.113889 0.0427083 0.0277778
0 0.309896 0.615741 0.0427083 0.190741
1 0.991146 0.151852 0.0177083 0.0518519
1 0.330208 0.208333 0.0458333 0.0611111
1 0.353125 0.175926 0.04375 0.0518519
1 0.367708 0.162963 0.0395833 0.0481481
1 0.958854 0.128704 0.0427083 0.0277778
1 0.567187 0.0796296 0.0239583 0.0333333
1 0.294271 0.225926 0.059375 0.062963
0 0.172917 0.919444 0.0458333 0.157407
0 0.114063 0.931481 0.0427083 0.133333
0 0.202083 0.9 0.0354167 0.2
1 0.232812 0.224074 0.0427083 0.0703704
1 0.60625 0.460185 0.0916667 0.205556
1 0.235417 0.3 0.05 0.0814815
1 0.567708 0.113889 0.0270833 0.0388889
0 0.146354 0.967593 0.046875 0.0648148
0 0.0395833 0.912037 0.05 0.168519
1 0.0338542 0.541667 0.0677083 0.127778
1 0.598958 0.243519 0.0458333 0.109259
1 0.602083 0.087963 0.0229167 0.0351852
1 0.214062 0.334259 0.0697917 0.0981481
1 0.777604 0.122222 0.0322917 0.0481481
1 0.559896 0.173148 0.0364583 0.0574074
1 0.0713542 0.489815 0.0927083 0.127778
1 0.621875 0.141667 0.03125 0.05
1 0.172396 0.37963 0.0822917 0.111111
1 0.121354 0.431481 0.090625 0.125926
