1 0.377083 0.111111 0.0416667 0.0481481
0 0.00677083 0.506481 0.0135417 0.0722222
1 0.448958 0.0694444 0.0270833 0.0314815
0 0.0838542 0.471296 0.0260417 0.135185
1 0.349479 0.124074 0.046875 0.0518519
1 0.244271 0.177778 0.0510417 0.0740741
1 0.464583 0.100926 0.0270833 0.0425926
1 0.320312 0.0925926 0.053125 0.0703704
0 0.825 0.257407 0.0270833 0.107407
1 0.476042 0.171296 0.0395833 0.0722222
0 0.961979 0.380556 0.028125 0.116667
1 0.634375 0.172222 0.0479167 0.0703704
1 0.397396 0.300926 0.0677083 0.116667
1 0.476562 0.346296 0.078125 0.140741
1 0.36875 0.815741 0.172917 0.361111
1 0.897396 0.785185 0.205208 0.337037
