1 0.634375 0.198148 0.1375 0.0851852
1 0.817187 0.151852 0.0510417 0.0666667
0 0.648438 0.247222 0.0135417 0.0685185
0 0.574479 0.237963 0.0177083 0.0759259
1 0.589063 0.192593 0.0489583 0.0555556
1 0.893229 0.251852 0.105208 0.0703704
1 0.065625 0.14537 0.0166667 0.0166667
0 0.629687 0.239815 0.0177083 0.0722222
1 0.974479 0.148148 0.0510417 0.103704
1 0.504687 0.102778 0.0552083 0.0425926
1 0.0286458 0.162037 0.0177083 0.0240741
1 0.406771 0.161111 0.0572917 0.0481481
0 0.659375 0.25463 0.0145833 0.0759259
1 0.199479 0.159259 0.0364583 0.0333333
1 0.0114583 0.185185 0.0229167 0.0333333
1 0.0489583 0.176852 0.01875 0.0240741
1 0.0395833 0.211111 0.0270833 0.037037
1 0.223438 0.208333 0.046875 0.0537037
1 0.135937 0.365741 0.0635417 0.109259
1 0.307813 0.226852 0.0572917 0.0611111
1 0.748438 0.223148 0.0885417 0.0722222
1 0.913021 0.514815 0.171875 0.188889
1 0.513021 0.791667 0.240625 0.324074
