1 0.368229 0.119444 0.040625 0.0537037
1 0.264062 0.205556 0.059375 0.0740741
1 0.0333333 0.436111 0.0666667 0.109259
0 0.245312 0.423148 0.0302083 0.0833333
1 0.180208 0.286111 0.0395833 0.0907407
0 0.248437 0.472222 0.0302083 0.140741
0 0.160938 0.533333 0.0302083 0.0962963
1 0.733333 0.0166667 0.0291667 0.0333333
1 0.492708 0.435185 0.127083 0.285185
1 0.705729 0.0259259 0.028125 0.0444444
0 0.0260417 0.818519 0.05 0.233333
1 0.336458 0.141667 0.05625 0.0611111
1 0.786458 0.0268519 0.03125 0.0425926
1 0.979167 0.0259259 0.0416667 0.0481481
1 0.827083 0.0388889 0.0354167 0.0592593
0 0.0604167 0.769444 0.0625 0.212963
0 0.986979 0.0796296 0.015625 0.0703704
1 0.648958 0.0787037 0.0354167 0.0537037
0 0.157813 0.623148 0.0322917 0.168519
0 0.090625 0.725926 0.0541667 0.188889
0 0.258333 0.393519 0.0291667 0.124074
0 0.126563 0.672222 0.034375 0.185185
1 0.447396 0.168519 0.0677083 0.0703704
0 0.193229 0.510185 0.0302083 0.168519
1 0.648958 0.137963 0.04375 0.0796296
1 0.593229 0.112963 0.040625 0.0703704
1 0.473958 0.19537 0.0541667 0.0833333
0 0.303125 0.381481 0.0229167 0.118519
1 0.084375 0.373148 0.08125 0.0944444
1 0.78125 0.0675926 0.0395833 0.0574074
0 0.236458 0.496296 0.0291667 0.155556
1 0.138542 0.327778 0.0854167 0.103704
1 0.559375 0.289815 0.0729167 0.116667
1 0.405208 0.877778 0.191667 0.240741
