0 0.0510417 0.212037 0.0270833 0.105556
0 0.991667 0.0731481 0.0166667 0.112963
0 0.286979 0.0842593 0.0177083 0.0425926
0 0.923437 0.05 0.0197917 0.1
1 0.415104 0.0175926 0.0239583 0.0351852
0 0.982813 0.0805556 0.0239583 0.112963
0 0.10625 0.162963 0.0208333 0.103704
0 0.899479 0.0277778 0.0239583 0.0555556
0 0.0109375 0.314815 0.021875 0.181481
0 0.0317708 0.240741 0.034375 0.144444
0 0.958333 0.0509259 0.0166667 0.0981481
0 0.941146 0.062037 0.0197917 0.109259
1 0.495313 0.0138889 0.040625 0.0277778
1 0.672396 0.0388889 0.0614583 0.0777778
1 0.170312 0.406481 0.119792 0.224074
1 0.427083 0.175926 0.0958333 0.151852
