0 0.247917 0.207407 0.0166667 0.0518519
1 0.1375 0.193519 0.0583333 0.0648148
0 0.846354 0.22037 0.0177083 0.0703704
1 0.984375 0.202778 0.03125 0.0388889
1 0.0453125 0.193519 0.046875 0.0648148
1 0.461458 0.0935185 0.0291667 0.0574074
0 0.984375 0.266667 0.0229167 0.0481481
1 0.796875 0.0972222 0.0333333 0.05
1 0.827083 0.114815 0.025 0.0444444
1 0.480729 0.0185185 0.0177083 0.0333333
1 0.491146 0.110185 0.0322917 0.0648148
1 0.863021 0.136111 0.028125 0.0574074
0 0.829687 0.210185 0.015625 0.087037
1 0.361979 0.176852 0.0447917 0.0648148
0 0.190625 0.277778 0.0145833 0.0925926
1 0.284896 0.300926 0.059375 0.101852
1 0.888021 0.159259 0.0510417 0.0777778
1 0.025 0.267593 0.05 0.0833333
1 0.377604 0.312037 0.0739583 0.105556
1 0.960938 0.177778 0.078125 0.062963
1 0.465104 0.336111 0.0697917 0.12037
1 0.682292 0.283333 0.0708333 0.111111
1 0.315625 0.375926 0.0833333 0.122222
1 0.258854 0.528704 0.109375 0.17963
