1 0.223438 0.210185 0.0552083 0.0944444
1 0.966146 0.202778 0.0677083 0.05
1 0.248437 0.256481 0.0427083 0.0722222
0 0.0630208 0.156481 0.009375 0.0351852
1 0.519792 0.266667 0.0833333 0.103704
1 0.665104 0.222222 0.103125 0.0888889
1 0.303125 0.287963 0.0791667 0.105556
1 0.877604 0.282407 0.157292 0.135185
1 0.809375 0.397222 0.16875 0.116667
1 0.952083 0.483333 0.0958333 0.177778
1 0.632292 0.324074 0.13125 0.122222
1 0.835938 0.509259 0.180208 0.211111
1 0.361979 0.340741 0.0760417 0.103704
1 0.966146 0.649074 0.0677083 0.157407
1 0.4375 0.402778 0.1125 0.131481
1 0.650521 0.435185 0.167708 0.148148
1 0.594271 0.516667 0.159375 0.174074
1 0.829687 0.686111 0.278125 0.338889
