0 0.0411458 0.511111 0.015625 0.0703704
0 0.558854 0.482407 0.0135417 0.0944444
0 0.0723958 0.52037 0.015625 0.0703704
0 0.692187 0.487037 0.0135417 0.0592593
0 0.747917 0.452778 0.0125 0.0574074
0 0.677083 0.476852 0.0166667 0.0722222
0 0.653646 0.468519 0.009375 0.062963
1 0.248958 0.5 0.102083 0.0777778
1 0.0682292 0.959259 0.136458 0.0777778
1 0.640104 0.931481 0.163542 0.12963
1 0.958333 0.637963 0.08125 0.087037
1 0.278125 0.893519 0.191667 0.161111
1 0.670833 0.641667 0.110417 0.112963
1 0.240625 0.619444 0.122917 0.0981481
