1 0.641667 0.0907407 0.01875 0.0296296
0 0.139062 0.726852 0.0322917 0.175926
1 0.3375 0.232407 0.05625 0.0611111
0 0.0953125 0.806481 0.0364583 0.194444
0 0.0203125 0.888889 0.040625 0.222222
1 0.654167 0.135185 0.0291667 0.0481481
1 0.269271 0.296296 0.046875 0.0703704
0 0.244271 0.543519 0.0385417 0.131481
0 0.266667 0.510185 0.0270833 0.131481
0 0.114583 0.75463 0.0354167 0.17963
0 0.0442708 0.850926 0.040625 0.227778
1 0.598437 0.175 0.034375 0.0685185
0 0.23125 0.587963 0.0291667 0.146296
1 0.0317708 0.514815 0.0635417 0.103704
1 0.651563 0.198148 0.034375 0.0592593
0 0.195833 0.606481 0.0333333 0.153704
1 0.134896 0.414815 0.078125 0.1
1 0.0807292 0.460185 0.078125 0.0907407
0 0.295312 0.467593 0.0302083 0.116667
1 0.579687 0.233333 0.0489583 0.0666667
1 0.4125 0.486111 0.0854167 0.142593
1 0.561458 0.317593 0.0583333 0.0907407
1 0.647917 0.350926 0.0625 0.105556
1 0.880208 0.29537 0.06875 0.087037
1 0.422917 0.877778 0.179167 0.237037
1 0.531771 0.462963 0.0822917 0.140741
1 0.681771 0.739815 0.140625 0.27963
