0 0.609375 0.200926 0.0145833 0.0648148
1 0.0302083 0.0194444 0.0208333 0.0388889
0 0.574479 0.181481 0.015625 0.0777778
0 0.969271 0.216667 0.0197917 0.0666667
0 0.682813 0.231481 0.0135417 0.0740741
0 0.629687 0.232407 0.015625 0.0425926
1 0.324479 0.087037 0.0385417 0.0333333
1 0.59375 0.0759259 0.0583333 0.0407407
1 0.117188 0.0231481 0.0197917 0.0388889
1 0.867188 0.162963 0.040625 0.0444444
1 0.084375 0.0388889 0.0229167 0.0259259
1 0.304167 0.0490741 0.0291667 0.0314815
1 0.9625 0.287963 0.075 0.05
1 0.0822917 0.0740741 0.03125 0.0407407
1 0.285937 0.158333 0.0489583 0.05
1 0.809375 0.152778 0.0458333 0.0425926
0 0.703646 0.248148 0.0197917 0.0888889
0 0.751042 0.263889 0.0208333 0.0907407
1 0.176042 0.15 0.0458333 0.0592593
1 0.790104 0.222222 0.071875 0.0740741
1 0.344792 0.163889 0.05625 0.0611111
1 0.494792 0.306481 0.110417 0.109259
