1 0.584375 0.0277778 0.01875 0.0222222
0 0.274479 0.662963 0.0364583 0.17037
1 0.788021 0.0972222 0.0302083 0.0462963
1 0.241146 0.2 0.046875 0.0666667
1 0.240625 0.277778 0.05 0.0888889
1 0.366146 0.147222 0.0364583 0.0537037
1 0.711458 0.0768519 0.0270833 0.0351852
1 0.333854 0.187037 0.0364583 0.0592593
1 0.352083 0.166667 0.0375 0.0555556
0 0.227604 0.727778 0.0385417 0.174074
1 0.566667 0.0916667 0.0291667 0.0351852
1 0.301042 0.20463 0.0583333 0.0611111
0 0.304688 0.574074 0.0239583 0.17037
0 0.228125 0.886111 0.0354167 0.212963
1 0.565625 0.0527778 0.0208333 0.0314815
1 0.602083 0.0416667 0.01875 0.0314815
0 0.201562 0.901852 0.0427083 0.196296
0 0.289062 0.592593 0.0322917 0.151852
1 0.743229 0.0833333 0.028125 0.0592593
0 0.283333 0.732407 0.0354167 0.187037
1 0.969271 0.49537 0.0614583 0.187037
0 0.167187 0.914815 0.0489583 0.17037
1 0.811458 0.140741 0.0479167 0.0740741
1 0.763021 0.114815 0.034375 0.0555556
1 0.219271 0.312037 0.0739583 0.0944444
1 0.565625 0.130556 0.0333333 0.05
1 0.866667 0.207407 0.0541667 0.0703704
0 0.0755208 0.863889 0.0489583 0.22037
1 0.0770833 0.471296 0.0916667 0.135185
1 0.127083 0.409259 0.0895833 0.125926
1 0.0359375 0.543519 0.071875 0.175926
1 0.178646 0.358333 0.0802083 0.109259
1 0.838542 0.249074 0.0708333 0.101852
1 0.689062 0.25 0.0572917 0.0851852
1 0.577604 0.276852 0.059375 0.0944444
