0 0.0640625 0.534259 0.034375 0.127778
1 0.611979 0.0675926 0.0177083 0.0240741
1 0.295312 0.172222 0.0302083 0.0444444
0 0.967188 0.363889 0.0385417 0.116667
1 0.285937 0.178704 0.0260417 0.0425926
0 0.993229 0.385185 0.0135417 0.114815
1 0.495313 0.0574074 0.015625 0.0222222
1 0.583854 0.0657407 0.0177083 0.0240741
1 0.758854 0.10463 0.0322917 0.0462963
0 0.132812 0.423148 0.0177083 0.101852
0 0.152604 0.307407 0.0177083 0.0666667
0 0.952083 0.355556 0.04375 0.103704
1 0.834896 0.148148 0.0385417 0.0481481
1 0.233854 0.216667 0.0427083 0.0518519
1 0.120833 0.3 0.0520833 0.0666667
1 0.150521 0.227778 0.0510417 0.0592593
1 0.942708 0.17037 0.075 0.0740741
1 0.261458 0.20463 0.0354167 0.0537037
1 0.0604167 0.369444 0.0333333 0.0796296
1 0.988021 0.252778 0.0239583 0.0574074
0 0.985417 0.378704 0.0229167 0.124074
1 0.9375 0.207407 0.0625 0.0666667
1 0.984375 0.150926 0.03125 0.0537037
0 0.874479 0.225 0.015625 0.0611111
1 0.855208 0.162963 0.0479167 0.0555556
0 0.0744792 0.493519 0.028125 0.131481
1 0.201042 0.237963 0.0583333 0.0574074
1 0.0885417 0.332407 0.0708333 0.0833333
0 0.0505208 0.550926 0.0322917 0.142593
1 0.969271 0.22963 0.0614583 0.062963
1 0.121354 0.390741 0.0822917 0.103704
1 0.303646 0.246296 0.0927083 0.062963
1 0.328125 0.308333 0.0541667 0.087037
1 0.454688 0.382407 0.0677083 0.116667
