1 0.740104 0.138889 0.028125 0.037037
1 0.273958 0.284259 0.125 0.087037
0 0.238021 0.856481 0.0447917 0.198148
0 0.200521 0.918519 0.0447917 0.159259
1 0.779688 0.168519 0.0322917 0.0444444
1 0.230208 0.341667 0.0520833 0.0833333
0 0.320833 0.563889 0.03125 0.138889
1 0.532292 0.17037 0.0291667 0.0481481
0 0.0229167 0.950926 0.0458333 0.0981481
1 0.739583 0.182407 0.0354167 0.05
1 0.369792 0.273148 0.0458333 0.0685185
1 0.571875 0.15 0.0291667 0.0481481
1 0.803646 0.198148 0.034375 0.0518519
0 0.311458 0.664815 0.0354167 0.181481
1 0.592188 0.37037 0.059375 0.144444
1 0.826042 0.265741 0.05 0.0685185
1 0.209375 0.375926 0.0708333 0.0925926
1 0.598437 0.176852 0.0302083 0.05
0 0.344271 0.562037 0.0239583 0.142593
1 0.571875 0.222222 0.0375 0.0592593
1 0.0661458 0.536111 0.090625 0.127778
1 0.841146 0.305556 0.0614583 0.0851852
1 0.167708 0.422222 0.08125 0.111111
1 0.115104 0.473148 0.0927083 0.124074
1 0.64375 0.250926 0.0416667 0.0722222
1 0.0307292 0.608333 0.0614583 0.17963
1 0.723958 0.411111 0.0791667 0.122222
1 0.642708 0.891667 0.1625 0.212963
