1 0.827604 0.859259 0.342708 0.262963
0 0.572396 0.0888889 0.0135417 0.0518519
1 0.95625 0.115741 0.0375 0.0425926
1 0.160938 0.17963 0.113542 0.0703704
1 0.643229 0.0796296 0.0385417 0.0407407
1 0.915625 0.121296 0.05625 0.05
1 0.867708 0.126852 0.0625 0.05
1 0.977083 0.112963 0.0458333 0.0518519
0 0.627604 0.216667 0.015625 0.0962963
0 0.640625 0.213889 0.0145833 0.0907407
0 0.6625 0.207407 0.01875 0.0888889
1 0.453646 0.0898148 0.053125 0.0611111
1 0.566146 0.159259 0.084375 0.0814815
1 0.184896 0.233333 0.134375 0.107407
1 0.0479167 0.260185 0.0958333 0.0944444
1 0.678125 0.318519 0.160417 0.122222
