1 0.0911458 0.206481 0.0447917 0.0611111
1 0.140104 0.161111 0.0385417 0.0518519
1 0.567187 0.247222 0.0822917 0.0611111
1 0.179688 0.202778 0.0489583 0.0722222
1 0.233854 0.416667 0.111458 0.177778
1 0.632812 0.193519 0.0739583 0.0685185
1 0.358333 0.287037 0.075 0.0925926
1 0.310417 0.348148 0.0770833 0.107407
1 0.078125 0.419444 0.075 0.124074
1 0.521875 0.701852 0.166667 0.233333
1 0.955729 0.337037 0.0885417 0.118519
1 0.626562 0.512963 0.151042 0.17037
1 0.863021 0.352778 0.130208 0.116667
