1 0.075 0.202778 0.0291667 0.0462963
1 0.0348958 0.207407 0.0302083 0.0555556
1 0.580208 0.12037 0.0541667 0.0518519
1 0.813021 0.17037 0.0614583 0.0666667
1 0.855729 0.168519 0.0635417 0.0592593
1 0.0932292 0.239815 0.0364583 0.05
1 0.311979 0.151852 0.0385417 0.037037
1 0.890625 0.271296 0.0958333 0.0722222
1 0.511979 0.114815 0.0697917 0.0444444
1 0.973958 0.165741 0.0520833 0.0944444
0 0.609896 0.248148 0.015625 0.0777778
1 0.253646 0.214815 0.053125 0.0666667
1 0.177083 0.291667 0.05625 0.0759259
0 0.652604 0.263889 0.0135417 0.0722222
1 0.134375 0.341667 0.0604167 0.0907407
1 0.746354 0.238889 0.0864583 0.0740741
1 0.646875 0.468519 0.1625 0.133333
1 0.455729 0.319444 0.096875 0.0907407
1 0.335417 0.616667 0.160417 0.222222
1 0.697917 0.746296 0.270833 0.322222
