1 0.0375 0.309259 0.075 0.122222
1 0.585938 0.0203704 0.021875 0.037037
1 0.944271 0.0388889 0.040625 0.0444444
0 0.292708 0.556481 0.0333333 0.201852
1 0.592188 0.10463 0.040625 0.0611111
1 0.699479 0.0509259 0.0302083 0.0425926
1 0.425521 0.117593 0.0802083 0.0537037
1 0.967708 0.0851852 0.0541667 0.0592593
0 0.191146 0.376852 0.028125 0.105556
0 0.33125 0.511111 0.0354167 0.151852
0 0.888542 0.106481 0.0166667 0.0759259
1 0.294271 0.166667 0.0489583 0.062963
0 0.359896 0.384259 0.0302083 0.12037
0 0.268229 0.287963 0.0239583 0.0796296
1 0.264583 0.201852 0.05625 0.0777778
1 0.671875 0.175 0.0604167 0.112963
1 0.195312 0.284259 0.065625 0.0981481
1 0.584375 0.147222 0.04375 0.0759259
1 0.146875 0.337963 0.0979167 0.127778
1 0.231771 0.240741 0.065625 0.0851852
1 0.0359375 0.518519 0.071875 0.185185
1 0.804688 0.159259 0.0614583 0.0777778
1 0.977604 0.246296 0.0447917 0.1
1 0.711979 0.291667 0.0802083 0.116667
1 0.611458 0.278704 0.06875 0.112963
1 0.683854 0.558333 0.142708 0.224074
