0 0.220833 0.306481 0.0625 0.0944444
0 0.28125 0.626852 0.03125 0.101852
1 0.3375 0.171296 0.0395833 0.0611111
0 0.227083 0.883333 0.0395833 0.222222
1 0.349479 0.162963 0.040625 0.0555556
0 0.209896 0.358333 0.0260417 0.105556
0 0.30625 0.564815 0.025 0.174074
0 0.192188 0.787037 0.0447917 0.122222
0 0.205208 0.903704 0.0354167 0.192593
0 0.176042 0.911111 0.0479167 0.177778
0 0.040625 0.601852 0.0416667 0.133333
0 0.0869792 0.823148 0.0364583 0.238889
0 0.229167 0.736111 0.0416667 0.201852
0 0.292188 0.575926 0.034375 0.144444
1 0.630208 0.110185 0.0354167 0.0537037
0 0.285937 0.730556 0.0364583 0.187037
1 0.734375 0.135185 0.0458333 0.0740741
1 0.792708 0.135185 0.04375 0.0592593
1 0.220833 0.303704 0.06875 0.103704
1 0.243229 0.269444 0.0510417 0.0833333
1 0.178646 0.348148 0.0802083 0.111111
1 0.866667 0.202778 0.0645833 0.0907407
1 0.535937 0.169444 0.040625 0.0648148
1 0.0375 0.528704 0.075 0.164815
1 0.0802083 0.462963 0.0895833 0.133333
1 0.129167 0.401852 0.0895833 0.122222
1 0.666146 0.205556 0.0552083 0.0814815
1 0.363021 0.264815 0.0822917 0.0925926
1 0.973437 0.357407 0.053125 0.111111
1 0.60625 0.398148 0.0833333 0.140741
1 0.732292 0.367593 0.08125 0.124074
