1 0.654167 0.10463 0.0375 0.0388889
1 0.319792 0.235185 0.0916667 0.0592593
1 0.983333 0.150926 0.0333333 0.0388889
1 0.884375 0.158333 0.0604167 0.0462963
1 0.931771 0.153704 0.0510417 0.0481481
0 0.654688 0.234259 0.015625 0.0833333
1 0.467187 0.105556 0.0552083 0.0592593
1 0.585417 0.17963 0.0833333 0.0814815
0 0.638542 0.238889 0.01875 0.0962963
0 0.683854 0.230556 0.0197917 0.087037
1 0.198437 0.237963 0.134375 0.101852
1 0.05625 0.260185 0.1125 0.0944444
1 0.375521 0.543519 0.282292 0.201852
1 0.715104 0.684259 0.261458 0.268519
