1 0.631771 0.1 0.0489583 0.107407
1 0.664062 0.1 0.0260417 0.0444444
1 0.5 0.0962963 0.025 0.037037
1 0.992708 0.237037 0.0145833 0.0444444
1 0.264062 0.183333 0.028125 0.0518519
1 0.217708 0.212037 0.0375 0.0574074
1 0.0692708 0.268519 0.046875 0.0666667
0 0.991667 0.359259 0.0166667 0.122222
1 0.274479 0.174074 0.0427083 0.0481481
1 0.858854 0.146296 0.0614583 0.0592593
1 0.584896 0.124074 0.0322917 0.0703704
1 0.128646 0.266667 0.0552083 0.0555556
1 0.283333 0.164815 0.03125 0.0444444
1 0.461458 0.127778 0.0291667 0.0407407
1 0.331771 0.164815 0.0302083 0.0444444
1 0.954687 0.14537 0.0760417 0.0611111
1 0.24375 0.192593 0.0395833 0.0518519
0 0.0505208 0.521296 0.0197917 0.142593
1 0.945833 0.187037 0.0625 0.0592593
1 0.0677083 0.343519 0.0333333 0.0759259
1 0.709896 0.225926 0.0572917 0.0777778
0 0.977604 0.335185 0.0260417 0.122222
1 0.533333 0.107407 0.025 0.0407407
1 0.520312 0.144444 0.0302083 0.0481481
1 0.973958 0.210185 0.0520833 0.0722222
1 0.160938 0.202778 0.0489583 0.0648148
0 0.173958 0.277778 0.0166667 0.0814815
1 0.964063 0.905556 0.071875 0.185185
1 0.336458 0.236111 0.0479167 0.0759259
1 0.415104 0.196296 0.0385417 0.0592593
1 0.716146 0.27963 0.0677083 0.0962963
0 0.06875 0.52963 0.0270833 0.133333
0 0.247917 0.344444 0.01875 0.0962963
1 0.651042 0.155556 0.0375 0.0592593
1 0.459375 0.206481 0.04375 0.0648148
1 0.096875 0.309259 0.0729167 0.0851852
0 0.0817708 0.468519 0.0302083 0.133333
1 0.494792 0.333333 0.0729167 0.133333
1 0.785937 0.401852 0.0864583 0.122222
1 0.413021 0.866667 0.163542 0.262963
