1 0.742708 0.118519 0.0395833 0.0444444
1 0.0114583 0.132407 0.0208333 0.0277778
1 0.89375 0.223148 0.1 0.0648148
1 0.869792 0.122222 0.0666667 0.0592593
1 0.144271 0.116667 0.028125 0.0333333
0 0.746354 0.247222 0.0177083 0.0833333
0 0.775 0.225 0.03125 0.0833333
0 0.633333 0.207407 0.0166667 0.0740741
1 0.508333 0.0675926 0.0583333 0.0425926
1 0.0348958 0.12037 0.021875 0.0259259
1 0.821875 0.125926 0.0541667 0.0666667
1 0.555208 0.147222 0.0666667 0.0574074
1 0.596354 0.158333 0.0510417 0.05
1 0.746354 0.192593 0.078125 0.0666667
0 0.606771 0.20463 0.015625 0.0796296
1 0.0296875 0.167593 0.0302083 0.0425926
0 0.665625 0.22037 0.0145833 0.0740741
1 0.371354 0.557407 0.153125 0.266667
1 0.978125 0.127778 0.04375 0.0740741
1 0.0723958 0.214815 0.0427083 0.0592593
1 0.219271 0.159259 0.0385417 0.0481481
1 0.096875 0.305556 0.075 0.1
