1 0.747396 0.0898148 0.028125 0.05
0 0.230729 0.727778 0.0427083 0.159259
1 0.355208 0.15 0.0375 0.0518519
0 0.192188 0.774074 0.0385417 0.0962963
1 0.773438 0.107407 0.0364583 0.062963
1 0.332812 0.197222 0.059375 0.0685185
0 0.308333 0.537037 0.0229167 0.12963
0 0.230729 0.872222 0.0364583 0.218519
1 0.244792 0.189815 0.05 0.0685185
0 0.285937 0.716667 0.0385417 0.192593
1 0.608854 0.0722222 0.0260417 0.0407407
0 0.173438 0.909259 0.0427083 0.181481
0 0.167187 0.42963 0.028125 0.0962963
0 0.29375 0.57963 0.0333333 0.148148
1 0.563021 0.0935185 0.028125 0.0462963
0 0.0869792 0.819444 0.0364583 0.235185
0 0.206771 0.894444 0.0385417 0.211111
1 0.823438 0.153704 0.0489583 0.0592593
1 0.24375 0.267593 0.0520833 0.087037
1 0.753125 0.15 0.04375 0.0703704
1 0.868229 0.197222 0.053125 0.0759259
1 0.63125 0.118519 0.0333333 0.0518519
1 0.222396 0.299074 0.0697917 0.0944444
1 0.601562 0.174074 0.0427083 0.0666667
1 0.129688 0.4 0.090625 0.122222
1 0.08125 0.461111 0.0875 0.133333
1 0.0375 0.530556 0.075 0.172222
1 0.833333 0.256481 0.0770833 0.12037
1 0.18125 0.347222 0.08125 0.112963
1 0.513021 0.19537 0.065625 0.0759259
