0 0.14375 0.496296 0.01875 0.0518519
1 0.6125 0.148148 0.0541667 0.103704
1 0.886979 0.118519 0.0489583 0.0703704
0 0.516667 0.834259 0.0645833 0.101852
1 0.255208 0.217593 0.0541667 0.0796296
1 0.665625 0.0824074 0.0375 0.0574074
1 0.582292 0.0666667 0.03125 0.062963
1 0.059375 0.733333 0.116667 0.244444
0 0.319271 0.487037 0.0260417 0.122222
0 0.380208 0.227778 0.0229167 0.0814815
1 0.821354 0.137037 0.0552083 0.0777778
0 0.299479 0.664815 0.034375 0.17037
1 0.60625 0.0546296 0.03125 0.0462963
1 0.0145833 0.70463 0.0291667 0.127778
0 0.0822917 0.82963 0.0625 0.188889
0 0.163021 0.872222 0.0572917 0.203704
1 0.929167 0.186111 0.0729167 0.087037
1 0.606771 0.121296 0.0447917 0.0722222
1 0.709896 0.190741 0.0614583 0.0925926
0 0.216146 0.849074 0.0572917 0.268519
1 0.234375 0.255556 0.0729167 0.0962963
1 0.624479 0.20463 0.0677083 0.101852
1 0.829167 0.448148 0.114583 0.244444
1 0.739583 0.257407 0.0729167 0.122222
1 0.193229 0.300926 0.0822917 0.112963
1 0.0932292 0.412963 0.090625 0.125926
1 0.0442708 0.484259 0.0885417 0.168519
0 0.350521 0.400926 0.0322917 0.146296
1 0.591146 0.284259 0.0677083 0.112963
1 0.967188 0.406481 0.065625 0.146296
1 0.142708 0.35463 0.0895833 0.12037
1 0.656771 0.343519 0.0864583 0.187037
1 0.75625 0.886111 0.208333 0.22037
1 0.680208 0.569444 0.127083 0.216667
