0 0.21875 0.421296 0.0291667 0.0574074
0 0.181771 0.425 0.0114583 0.0537037
0 0.179688 0.347222 0.0114583 0.05
1 0.05625 0.384259 0.0479167 0.0388889
0 0.210938 0.424074 0.0135417 0.0555556
1 0.856771 0.401852 0.0572917 0.0555556
1 0.298438 0.302778 0.0385417 0.05
1 0.902604 0.424074 0.0822917 0.0814815
1 0.273438 0.326852 0.0364583 0.0425926
1 0.940104 0.471296 0.0739583 0.0833333
1 0.977604 0.50463 0.0447917 0.0685185
1 0.988021 0.557407 0.0239583 0.0814815
1 0.115625 0.434259 0.0833333 0.0907407
1 0.476562 0.25463 0.0177083 0.0314815
1 0.247396 0.344444 0.040625 0.0518519
1 0.548958 0.297222 0.0229167 0.0351852
1 0.592188 0.266667 0.015625 0.0296296
1 0.216146 0.363889 0.0489583 0.0537037
1 0.0145833 0.534259 0.0291667 0.0833333
1 0.608854 0.662037 0.0885417 0.157407
1 0.775 0.836111 0.152083 0.257407
