0 0.882292 0.0240741 0.0145833 0.0481481
0 0.903125 0.0305556 0.0166667 0.0611111
0 0.009375 0.34537 0.01875 0.105556
0 0.0322917 0.250926 0.0291667 0.142593
0 0.984375 0.087037 0.025 0.0962963
0 0.925521 0.0601852 0.0177083 0.0981481
0 0.107292 0.166667 0.0208333 0.103704
0 0.958333 0.0555556 0.0166667 0.0962963
0 0.942187 0.0657407 0.0197917 0.112963
1 0.484375 0.062963 0.0583333 0.118519
1 0.405208 0.0305556 0.05 0.0611111
1 0.916667 0.559259 0.166667 0.285185
1 0.365625 0.369444 0.139583 0.235185
1 0.0802083 0.685185 0.160417 0.325926
