1 0.577083 0.0787037 0.025 0.0425926
0 0.08125 0.891667 0.0291667 0.187037
1 0.959375 0.127778 0.0479167 0.0444444
1 0.295833 0.221296 0.0604167 0.0611111
1 0.36875 0.157407 0.0479167 0.0555556
0 0.178125 0.914815 0.0520833 0.17037
1 0.234375 0.216667 0.0416667 0.0666667
0 0.204167 0.903704 0.0395833 0.192593
1 0.230208 0.448148 0.0729167 0.118519
1 0.786979 0.12963 0.028125 0.0444444
1 0.729688 0.126852 0.0364583 0.0462963
1 0.627604 0.122222 0.0302083 0.0481481
0 0.311458 0.613889 0.04375 0.175926
0 0.150521 0.962963 0.0489583 0.0740741
0 0.117188 0.484259 0.0302083 0.127778
1 0.2375 0.292593 0.05 0.0814815
1 0.530729 0.128704 0.0302083 0.05
0 0.0421875 0.92037 0.0427083 0.151852
1 0.578646 0.132407 0.0322917 0.0537037
1 0.0677083 0.488889 0.0833333 0.137037
1 0.215104 0.322222 0.065625 0.0888889
0 0.350521 0.511111 0.0260417 0.140741
1 0.6375 0.187037 0.04375 0.0666667
1 0.907812 0.214815 0.059375 0.0740741
1 0.620313 0.281481 0.059375 0.0777778
1 0.175 0.37037 0.0875 0.111111
1 0.122917 0.42037 0.0916667 0.114815
1 0.617188 0.378704 0.0697917 0.124074
1 0.0338542 0.557407 0.065625 0.174074
1 0.596354 0.734259 0.134375 0.264815
