1 0.136458 0.171296 0.114583 0.0685185
1 0.988542 0.0953704 0.0229167 0.0351852
1 0.938542 0.0990741 0.0520833 0.0462963
0 0.606771 0.197222 0.015625 0.0944444
0 0.805208 0.149074 0.0166667 0.087037
0 0.470313 0.180556 0.0239583 0.05
1 0.958333 0.0962963 0.0458333 0.0518519
1 0.552083 0.143519 0.0729167 0.0833333
1 0.430208 0.0731481 0.05 0.0574074
1 0.890104 0.103704 0.0552083 0.0481481
1 0.841667 0.111111 0.05 0.0481481
0 0.641146 0.192593 0.015625 0.0888889
1 0.159375 0.222222 0.1375 0.107407
1 0.034375 0.246296 0.06875 0.0962963
1 0.835417 0.848148 0.31875 0.292593
