1 0.394271 0.268519 0.188542 0.222222
1 0.110417 0.174074 0.04375 0.103704
1 0.138542 0.855556 0.160417 0.281481
1 0.245833 0.269444 0.04375 0.0722222
1 0.516146 0.278704 0.0802083 0.105556
1 0.734896 0.25 0.121875 0.114815
1 0.297396 0.302778 0.071875 0.109259
1 0.913542 0.321296 0.152083 0.138889
1 0.951042 0.508333 0.0979167 0.168519
1 0.805208 0.415741 0.164583 0.12037
1 0.628646 0.344444 0.126042 0.118519
1 0.359896 0.356481 0.0760417 0.105556
1 0.832812 0.527778 0.178125 0.218519
1 0.964063 0.664815 0.071875 0.155556
1 0.648438 0.450926 0.165625 0.146296
1 0.434896 0.418519 0.113542 0.133333
1 0.591146 0.532407 0.159375 0.175926
1 0.826042 0.703704 0.277083 0.344444
