0 0.16875 0.803704 0.0229167 0.0740741
1 0.341146 0.187963 0.0427083 0.0574074
0 0.274479 0.732407 0.0385417 0.183333
0 0.176042 0.92037 0.05 0.155556
1 0.295312 0.219444 0.0572917 0.0611111
1 0.365104 0.155556 0.0385417 0.0518519
1 0.232812 0.214815 0.0427083 0.0666667
1 0.350521 0.174074 0.040625 0.0592593
1 0.957812 0.128704 0.0489583 0.05
1 0.578646 0.062963 0.0197917 0.037037
1 0.327604 0.203704 0.040625 0.0592593
0 0.204688 0.896296 0.0385417 0.203704
0 0.132292 0.958333 0.0520833 0.0833333
0 0.245833 0.821296 0.0375 0.209259
1 0.540625 0.0814815 0.0208333 0.0296296
0 0.0807292 0.887037 0.034375 0.188889
0 0.313542 0.612963 0.0375 0.177778
1 0.235938 0.290741 0.0510417 0.0814815
0 0.0598958 0.925 0.059375 0.142593
1 0.676042 0.79537 0.141667 0.383333
1 0.56875 0.114815 0.0291667 0.0481481
1 0.594792 0.0888889 0.0270833 0.0407407
1 0.215104 0.325 0.0677083 0.0944444
1 0.575521 0.178704 0.0385417 0.0611111
1 0.0708333 0.484259 0.09375 0.131481
1 0.172396 0.371296 0.0822917 0.112963
1 0.63125 0.157407 0.0375 0.0555556
1 0.0333333 0.556481 0.0666667 0.172222
1 0.693229 0.308333 0.0677083 0.105556
1 0.121354 0.423148 0.090625 0.12037
1 0.570833 0.383333 0.0729167 0.12963
