1 0.631771 0.0990741 0.0447917 0.109259
1 0.263542 0.184259 0.0291667 0.0537037
1 0.0651042 0.264815 0.0552083 0.0703704
1 0.661458 0.0898148 0.0229167 0.05
1 0.283333 0.163889 0.03125 0.0462963
1 0.498437 0.0962963 0.0260417 0.037037
1 0.584375 0.115741 0.03125 0.0722222
1 0.70625 0.223148 0.0520833 0.0944444
1 0.992188 0.236111 0.015625 0.0425926
0 0.13125 0.308333 0.01875 0.087037
1 0.864583 0.141667 0.05 0.0574074
1 0.128646 0.264815 0.0572917 0.0555556
1 0.240104 0.191667 0.0385417 0.0537037
1 0.955729 0.142593 0.0739583 0.0592593
1 0.328646 0.165741 0.0302083 0.05
0 0.0510417 0.518519 0.01875 0.133333
1 0.206771 0.214815 0.0572917 0.062963
1 0.0682292 0.341667 0.034375 0.0759259
1 0.946354 0.185185 0.059375 0.062963
1 0.533854 0.112037 0.0260417 0.0425926
1 0.459896 0.132407 0.0322917 0.05
0 0.170833 0.27963 0.0166667 0.0814815
1 0.160938 0.202778 0.0489583 0.0574074
0 0.989583 0.358333 0.0208333 0.124074
0 0.969792 0.328704 0.025 0.12037
1 0.51875 0.15 0.03125 0.0518519
1 0.335938 0.234259 0.0447917 0.0759259
1 0.408333 0.208333 0.04375 0.0611111
1 0.972917 0.205556 0.0541667 0.0666667
0 0.06875 0.527778 0.0270833 0.133333
1 0.710938 0.260185 0.0635417 0.101852
1 0.649479 0.148148 0.0364583 0.0555556
0 0.247917 0.339815 0.01875 0.0907407
1 0.452604 0.22037 0.0447917 0.0703704
1 0.0958333 0.308333 0.06875 0.087037
0 0.0817708 0.465741 0.0302083 0.135185
1 0.493229 0.364815 0.0802083 0.151852
1 0.778646 0.37037 0.0802083 0.114815
1 0.939583 0.855556 0.120833 0.277778
