1 0.575521 0.0472222 0.0239583 0.0277778
1 0.332812 0.185185 0.053125 0.0740741
0 0.286979 0.638889 0.0302083 0.114815
0 0.199479 0.776852 0.0447917 0.0981481
0 0.231771 0.737037 0.040625 0.2
1 0.244792 0.189815 0.0458333 0.0648148
1 0.777083 0.0842593 0.0354167 0.05
0 0.310937 0.535185 0.021875 0.122222
1 0.356771 0.155556 0.040625 0.0555556
0 0.230729 0.875 0.0427083 0.209259
0 0.170312 0.912037 0.0489583 0.175926
0 0.0390625 0.885185 0.0572917 0.103704
0 0.295833 0.580556 0.0354167 0.146296
1 0.732292 0.062037 0.025 0.0388889
0 0.284896 0.715741 0.0385417 0.190741
1 0.702604 0.0722222 0.0322917 0.0481481
1 0.571354 0.0740741 0.028125 0.0481481
1 0.7625 0.112963 0.0375 0.0555556
0 0.20625 0.89537 0.0416667 0.209259
1 0.244792 0.268519 0.0520833 0.0888889
1 0.628646 0.0805556 0.028125 0.0462963
1 0.223438 0.300926 0.065625 0.0944444
1 0.977604 0.248148 0.0447917 0.0851852
1 0.0505208 0.710185 0.0989583 0.238889
1 0.609896 0.208333 0.0489583 0.0759259
1 0.844271 0.19537 0.059375 0.0759259
1 0.182292 0.336111 0.08125 0.0907407
1 0.869271 0.267593 0.0760417 0.109259
1 0.131771 0.399074 0.090625 0.124074
1 0.0385417 0.521296 0.0770833 0.153704
1 0.0833333 0.461111 0.0875 0.133333
1 0.616146 0.527778 0.101042 0.181481
