0 0.560938 0.0916667 0.015625 0.05
1 0.629687 0.0824074 0.040625 0.0425926
0 0.639063 0.215741 0.046875 0.0907407
1 0.326562 0.218519 0.165625 0.0851852
1 0.141146 0.189815 0.090625 0.0611111
0 0.502083 0.0796296 0.0145833 0.0592593
1 0.855729 0.125926 0.0572917 0.0518519
0 0.819792 0.167593 0.0166667 0.0833333
1 0.901042 0.124074 0.0583333 0.0555556
1 0.967188 0.111111 0.065625 0.0518519
1 0.443229 0.0916667 0.053125 0.0611111
0 0.654688 0.212037 0.015625 0.0907407
1 0.560417 0.162963 0.0833333 0.0777778
0 0.622396 0.218519 0.015625 0.0962963
1 0.04375 0.265741 0.0854167 0.0907407
1 0.175521 0.239815 0.136458 0.109259
1 0.910937 0.243519 0.109375 0.101852
1 0.6625 0.416667 0.210417 0.162963
