1 0.281771 0.165741 0.0177083 0.0240741
1 0.377083 0.186111 0.025 0.0314815
1 0.175 0.201852 0.01875 0.0333333
1 0.6 0.237963 0.0354167 0.0351852
1 0.282813 0.271296 0.015625 0.0351852
1 0.0489583 0.287963 0.0333333 0.0611111
0 0.151562 0.299074 0.0114583 0.0462963
1 0.654167 0.247222 0.0520833 0.05
1 0.0270833 0.365741 0.0520833 0.0944444
1 0.713542 0.260185 0.0708333 0.0574074
1 0.303125 0.185185 0.0270833 0.037037
1 0.0375 0.222222 0.0270833 0.0444444
1 0.920313 0.325926 0.096875 0.0666667
1 0.561979 0.225926 0.046875 0.037037
0 0.0171875 0.426852 0.021875 0.0944444
1 0.393229 0.231481 0.046875 0.0444444
1 0.840104 0.302778 0.0885417 0.0574074
