1 0.893229 0.0351852 0.015625 0.0222222
1 0.954167 0.0537037 0.01875 0.0333333
1 0.841146 0.0694444 0.021875 0.0351852
1 0.733333 0.0592593 0.0229167 0.0259259
1 0.816146 0.102778 0.028125 0.0351852
1 0.540625 0.147222 0.0354167 0.0388889
1 0.699479 0.0611111 0.0197917 0.0259259
1 0.697396 0.116667 0.0322917 0.0444444
1 0.865104 0.0925926 0.0260417 0.037037
1 0.892187 0.128704 0.0385417 0.0648148
1 0.0140625 0.628704 0.028125 0.12037
1 0.803125 0.207407 0.05 0.0740741
1 0.511458 0.185185 0.0583333 0.0703704
1 0.7375 0.868519 0.15625 0.259259
1 0.953646 0.246296 0.0447917 0.0777778
1 0.871875 0.231481 0.0479167 0.0740741
1 0.372917 0.408333 0.116667 0.12037
1 0.339063 0.312963 0.0885417 0.0888889
