1 0.317187 0.430556 0.126042 0.201852
1 0.701563 0.139815 0.028125 0.0277778
1 0.757292 0.14537 0.025 0.0388889
1 0.00989583 0.103704 0.0197917 0.0259259
1 0.678125 0.156481 0.025 0.0425926
1 0.0791667 0.1 0.0875 0.0407407
1 0.933333 0.119444 0.0229167 0.0314815
1 0.840104 0.165741 0.0260417 0.0388889
1 0.967708 0.135185 0.0208333 0.0296296
1 0.972396 0.237037 0.0364583 0.0555556
1 0.922917 0.185185 0.0291667 0.0518519
1 0.301562 0.530556 0.140625 0.15
1 0.682292 0.369444 0.06875 0.087037
1 0.565104 0.257407 0.053125 0.0555556
1 0.744271 0.421296 0.071875 0.109259
1 0.339063 0.368519 0.0885417 0.0851852
1 0.447396 0.347222 0.0864583 0.0833333
1 0.452604 0.718518 0.173958 0.211111
