0 0.288542 0.312037 0.0125 0.0537037
0 0.841667 0.348148 0.01875 0.0666667
1 0.323958 0.272222 0.0333333 0.037037
1 0.640625 0.234259 0.0291667 0.0388889
1 0.0791667 0.633333 0.09375 0.111111
1 0.985417 0.409259 0.0291667 0.0703704
0 0.135417 0.408333 0.0166667 0.0648148
1 0.659896 0.24537 0.034375 0.0425926
1 0.963021 0.385185 0.0677083 0.0703704
1 0.513021 0.258333 0.0260417 0.0425926
1 0.91875 0.357407 0.05625 0.0592593
1 0.227604 0.342593 0.0572917 0.062963
1 0.604167 0.233333 0.025 0.037037
1 0.655729 0.614815 0.084375 0.177778
1 0.336979 0.42037 0.0614583 0.0925926
1 0.474479 0.568519 0.0760417 0.144444
