1 0.951042 0.139815 0.0791667 0.0611111
1 0.608854 0.0824074 0.0239583 0.0425926
1 0.282292 0.158333 0.0291667 0.0462963
1 0.527083 0.062963 0.01875 0.0296296
1 0.059375 0.264815 0.0583333 0.0703704
1 0.971354 0.210185 0.0572917 0.0722222
1 0.292188 0.150926 0.028125 0.0462963
1 0.264583 0.17037 0.0375 0.0481481
1 0.529688 0.107407 0.0239583 0.0444444
1 0.473958 0.0925926 0.0270833 0.0666667
1 0.494271 0.112037 0.0302083 0.05
1 0.616667 0.151852 0.0333333 0.062963
1 0.2375 0.191667 0.0458333 0.0537037
0 0.0463542 0.52037 0.0197917 0.137037
1 0.0635417 0.339815 0.0333333 0.0759259
0 0.0625 0.528704 0.025 0.127778
1 0.158333 0.203704 0.0541667 0.062963
1 0.202604 0.211111 0.059375 0.0592593
1 0.518229 0.149074 0.0322917 0.05
0 0.0770833 0.465741 0.0270833 0.131481
1 0.123438 0.276852 0.0572917 0.0722222
1 0.336458 0.226852 0.0583333 0.0722222
0 0.233333 0.352778 0.01875 0.0981481
1 0.432292 0.231481 0.0479167 0.0777778
1 0.0911458 0.308333 0.0677083 0.0833333
1 0.504687 0.206481 0.0427083 0.0722222
1 0.650521 0.405556 0.084375 0.144444
1 0.626562 0.29537 0.0635417 0.105556
1 0.717708 0.269444 0.0541667 0.0833333
1 0.765104 0.394444 0.090625 0.137037
1 0.910937 0.67037 0.178125 0.255556
