0 0.153646 0.35463 0.0947917 0.127778
1 0.6625 0.0185185 0.0229167 0.0296296
1 0.0348958 0.297222 0.0697917 0.0759259
1 0.317187 0.156481 0.0385417 0.0648148
1 0.706771 0.0583333 0.028125 0.05
1 0.558333 0.0361111 0.01875 0.0388889
1 0.0130208 0.551852 0.0260417 0.12963
1 0.301042 0.182407 0.05 0.0685185
0 0.316146 0.228704 0.015625 0.0796296
0 0.299479 0.512037 0.0322917 0.0907407
1 0.664062 0.0601852 0.028125 0.0388889
1 0.988542 0.062037 0.0229167 0.0462963
1 0.577604 0.127778 0.034375 0.0592593
1 0.583854 0.0166667 0.0177083 0.0259259
0 0.352604 0.450926 0.0260417 0.161111
1 0.951042 0.0648148 0.0416667 0.0444444
1 0.433854 0.131481 0.084375 0.0703704
0 0.182812 0.409259 0.0322917 0.1
1 0.271875 0.217593 0.0583333 0.0759259
0 0.30625 0.611111 0.0395833 0.192593
1 0.974479 0.110185 0.0510417 0.0574074
1 0.614583 0.0768519 0.0333333 0.0574074
1 0.890625 0.186111 0.06875 0.0796296
1 0.2375 0.255556 0.0645833 0.0888889
1 0.0395833 0.518519 0.0791667 0.177778
0 0.33125 0.511111 0.0270833 0.144444
1 0.633854 0.122222 0.0385417 0.0666667
1 0.201562 0.3 0.065625 0.0962963
1 0.152604 0.35 0.0947917 0.122222
1 0.574479 0.560185 0.121875 0.227778
