1 0.579687 0.0685185 0.0552083 0.0407407
0 0.0276042 0.448148 0.0260417 0.0814815
0 0.531771 0.162037 0.015625 0.05
0 0.614062 0.225926 0.0177083 0.0444444
0 0.0223958 0.421296 0.034375 0.124074
1 0.173438 0.0777778 0.0302083 0.037037
1 0.288021 0.0425926 0.0302083 0.0296296
0 0.597396 0.193519 0.0114583 0.0648148
1 0.851562 0.160185 0.0427083 0.0462963
1 0.794271 0.148148 0.0447917 0.0407407
0 0.6875 0.239815 0.01875 0.0907407
0 0.0942708 0.362963 0.0260417 0.0888889
1 0.0765625 0.0925926 0.0302083 0.0407407
1 0.774479 0.217593 0.071875 0.0759259
1 0.172396 0.261111 0.0677083 0.107407
1 0.332292 0.346296 0.0979167 0.148148
