0 0.163542 0.530556 0.0333333 0.101852
1 0.166667 0.303704 0.05 0.0814815
0 0.103125 0.711111 0.0291667 0.185185
1 0.980729 0.0277778 0.0385417 0.0518519
1 0.0567708 0.401852 0.113542 0.125926
1 0.417708 0.0731481 0.0270833 0.0462963
1 0.253646 0.230556 0.0364583 0.0796296
1 0.215104 0.239815 0.103125 0.0981481
0 0.245312 0.418519 0.0302083 0.0814815
0 0.252083 0.457407 0.025 0.118519
1 0.759896 0.0277778 0.034375 0.0481481
0 0.147917 0.643519 0.0333333 0.17963
1 0.178646 0.283333 0.0385417 0.0888889
1 0.392188 0.0925926 0.040625 0.0481481
1 0.871875 0.388889 0.129167 0.218519
1 0.288542 0.133333 0.0458333 0.0703704
0 0.158854 0.625 0.0322917 0.172222
1 0.759375 0.0509259 0.0354167 0.0759259
0 0.0260417 0.825 0.0479167 0.216667
0 0.0625 0.771296 0.04375 0.205556
0 0.0875 0.723148 0.0541667 0.198148
1 0.0328125 0.434259 0.065625 0.109259
0 0.122917 0.674074 0.0354167 0.185185
0 0.258854 0.389815 0.028125 0.131481
1 0.368229 0.115741 0.0427083 0.05
0 0.192708 0.508333 0.0333333 0.168519
1 0.267188 0.201852 0.0510417 0.0740741
1 0.139062 0.325926 0.084375 0.1
1 0.3375 0.137963 0.05625 0.0611111
0 0.302604 0.380556 0.021875 0.116667
1 0.0828125 0.372222 0.0802083 0.0962963
0 0.236979 0.49537 0.028125 0.153704
1 0.472396 0.193519 0.0572917 0.0833333
1 0.530208 0.341667 0.0770833 0.135185
