1 0.495833 0.115741 0.0354167 0.0537037
1 0.340625 0.0953704 0.0375 0.0277778
1 0.282292 0.0592593 0.03125 0.0444444
0 0.80625 0.232407 0.0708333 0.0759259
1 0.00885417 0.126852 0.0177083 0.0314815
1 0.142708 0.0305556 0.0208333 0.0277778
0 0.784896 0.272222 0.0177083 0.0740741
1 0.319271 0.0583333 0.028125 0.0314815
0 0.811979 0.277778 0.0177083 0.0740741
1 0.825 0.158333 0.0479167 0.0462963
1 0.176042 0.0277778 0.03125 0.0481481
1 0.883854 0.171296 0.0427083 0.0425926
1 0.806771 0.231481 0.0697917 0.0740741
1 0.05625 0.15 0.0333333 0.0518519
