1 0.759896 0.126852 0.028125 0.0351852
0 0.990625 0.416667 0.01875 0.111111
1 0.264062 0.221296 0.0385417 0.05
1 0.985417 0.175926 0.0270833 0.0592593
1 0.857292 0.184259 0.0520833 0.0537037
1 0.584896 0.0925926 0.0177083 0.0259259
0 0.957812 0.385185 0.0260417 0.107407
0 0.980208 0.397222 0.0229167 0.116667
1 0.956771 0.184259 0.0864583 0.0611111
1 0.839063 0.173148 0.0364583 0.0462963
1 0.990104 0.281481 0.0197917 0.0407407
1 0.240625 0.239815 0.0416667 0.05
0 0.0770833 0.517593 0.0291667 0.135185
1 0.123438 0.32037 0.0572917 0.0666667
1 0.633333 0.148148 0.0270833 0.0481481
1 0.938542 0.231481 0.0604167 0.0666667
1 0.496875 0.158333 0.025 0.0388889
1 0.439583 0.177778 0.0270833 0.0481481
1 0.202604 0.262963 0.0572917 0.0592593
1 0.157292 0.25 0.05 0.062963
1 0.0848958 0.359259 0.0760417 0.0925926
0 0.0145833 0.562963 0.0270833 0.12963
0 0.0526042 0.573148 0.0322917 0.142593
1 0.327083 0.32963 0.0604167 0.0851852
1 0.291146 0.240741 0.0427083 0.0518519
1 0.603646 0.132407 0.021875 0.0314815
1 0.970312 0.251852 0.059375 0.062963
