0 0.909896 0.439815 0.0135417 0.0388889
0 0.0734375 0.509259 0.0177083 0.0740741
0 0.677083 0.487963 0.0125 0.0574074
0 0.751562 0.450926 0.0135417 0.0574074
0 0.05625 0.506481 0.0145833 0.0722222
0 0.670313 0.483333 0.0177083 0.0666667
0 0.664062 0.476852 0.015625 0.0685185
0 0.00416667 0.499074 0.00833333 0.0759259
0 0.642187 0.467593 0.0135417 0.0574074
1 0.982813 0.439815 0.034375 0.0796296
1 0.0682292 0.957407 0.136458 0.0814815
1 0.249479 0.496296 0.101042 0.0740741
1 0.824479 0.791667 0.115625 0.135185
1 0.277604 0.887963 0.192708 0.161111
1 0.121875 0.65 0.135417 0.103704
1 0.542708 0.689815 0.13125 0.131481
