1 0.238542 0.239815 0.06875 0.0796296
1 0.113542 0.156481 0.0479167 0.101852
1 0.120312 0.800926 0.223958 0.372222
1 0.516667 0.217593 0.0791667 0.101852
1 0.23125 0.208333 0.0729167 0.109259
0 0.142708 0.398148 0.0208333 0.0666667
1 0.396875 0.237963 0.189583 0.224074
0 0.0609375 0.15 0.009375 0.0444444
1 0.610937 0.194444 0.0885417 0.0814815
1 0.51875 0.255556 0.08125 0.103704
1 0.725521 0.228704 0.115625 0.0944444
0 0.135417 0.340741 0.0208333 0.062963
1 0.301042 0.275 0.075 0.105556
1 0.925521 0.292593 0.148958 0.148148
1 0.836458 0.5 0.18125 0.218519
1 0.952083 0.472222 0.0958333 0.177778
1 0.632292 0.319444 0.13125 0.109259
1 0.361458 0.330556 0.0770833 0.105556
1 0.808854 0.388889 0.165625 0.118519
1 0.966146 0.637037 0.0677083 0.155556
1 0.651042 0.425 0.166667 0.15
1 0.4375 0.391667 0.114583 0.127778
1 0.59375 0.505556 0.158333 0.174074
1 0.826042 0.673148 0.279167 0.338889
