1 0.973437 0.112037 0.0197917 0.0351852
1 0.0104167 0.107407 0.0208333 0.0296296
1 0.707292 0.15463 0.0270833 0.0314815
1 0.609375 0.186111 0.0395833 0.0462963
1 0.847396 0.142593 0.0239583 0.037037
1 0.674479 0.190741 0.034375 0.0407407
1 0.0645833 0.103704 0.114583 0.0481481
1 0.890104 0.144444 0.0197917 0.0333333
1 0.927604 0.153704 0.021875 0.0333333
1 0.970833 0.157407 0.025 0.0333333
1 0.851042 0.214815 0.0333333 0.0518519
1 0.584375 0.297222 0.0625 0.0722222
1 0.507292 0.303704 0.0625 0.0888889
1 0.566146 0.227778 0.046875 0.0555556
1 0.753125 0.283333 0.0458333 0.062963
1 0.451042 0.416667 0.1 0.103704
1 0.765625 0.393519 0.0604167 0.0981481
1 0.973437 0.582407 0.053125 0.15
1 0.258333 0.475 0.120833 0.12037
1 0.248958 0.377778 0.0895833 0.0962963
1 0.467187 0.711111 0.163542 0.196296
