1 0.702604 0.118519 0.0385417 0.0444444
1 0.825521 0.122222 0.0635417 0.062963
1 0.781771 0.119444 0.053125 0.0574074
1 0.476042 0.0694444 0.0645833 0.0462963
1 0.527083 0.168519 0.075 0.062963
0 0.590625 0.205556 0.0166667 0.0777778
1 0.935417 0.122222 0.0520833 0.0925926
1 0.0984375 0.118519 0.0364583 0.0407407
0 0.71875 0.250926 0.0166667 0.0944444
1 0.171354 0.160185 0.0447917 0.0648148
0 0.697396 0.244444 0.0177083 0.0814815
1 0.015625 0.186111 0.03125 0.0611111
1 0.7125 0.188889 0.0916667 0.0703704
1 0.0697917 0.22963 0.05625 0.0666667
1 0.519792 0.373148 0.154167 0.12037
1 0.0520833 0.300926 0.0541667 0.087037
1 0.320833 0.218519 0.0708333 0.0740741
