0 0.569792 0.180556 0.01875 0.0796296
0 0.947396 0.32963 0.0197917 0.0962963
0 0.621354 0.230556 0.0177083 0.0425926
1 0.475521 0.107407 0.0510417 0.0481481
1 0.295833 0.0462963 0.0291667 0.0296296
1 0.859375 0.162037 0.0395833 0.0425926
1 0.801562 0.151852 0.0447917 0.0407407
0 0.0322917 0.42037 0.03125 0.122222
0 0.694271 0.242593 0.0177083 0.0814815
1 0.0833333 0.0490741 0.0208333 0.0314815
1 0.780208 0.222222 0.0729167 0.0740741
1 0.701042 0.463889 0.175 0.172222
1 0.227083 0.322222 0.0875 0.125926
1 0.374479 0.181481 0.0635417 0.0666667
