1 0.0473958 0.0935185 0.046875 0.0611111
1 0.0234375 0.127778 0.0447917 0.0518519
0 0.978125 0.112037 0.01875 0.105556
1 0.129688 0.0768519 0.0447917 0.0759259
0 0.926042 0.0648148 0.0208333 0.0925926
0 0.951563 0.112963 0.0177083 0.0888889
0 0.0333333 0.301852 0.0270833 0.133333
1 0.432813 0.0175926 0.0385417 0.0351852
0 0.990104 0.137037 0.0197917 0.1
0 0.155729 0.187963 0.0197917 0.087037
1 0.688542 0.037963 0.05625 0.0759259
1 0.365625 0.135185 0.06875 0.107407
1 0.646354 0.130556 0.065625 0.105556
1 0.780729 0.233333 0.105208 0.155556
1 0.214062 0.623148 0.190625 0.342593
