1 0.991667 0.200926 0.0166667 0.0277778
1 0.977604 0.226852 0.028125 0.0425926
1 0.857292 0.181481 0.0354167 0.0333333
0 0.165104 0.437963 0.015625 0.0685185
1 0.672396 0.251852 0.0385417 0.0407407
1 0.973958 0.212037 0.0208333 0.0240741
1 0.409375 0.346296 0.075 0.0703704
1 0.641667 0.264815 0.0354167 0.0407407
0 0.0244792 0.378704 0.0260417 0.105556
1 0.609375 0.278704 0.0395833 0.0425926
1 0.980208 0.242593 0.03125 0.0333333
1 0.571354 0.293519 0.0447917 0.0462963
1 0.928125 0.309259 0.0375 0.0555556
1 0.354167 0.385185 0.0625 0.0740741
1 0.170833 0.4 0.0604167 0.0592593
1 0.529167 0.308333 0.05 0.0425926
1 0.2625 0.417593 0.09375 0.0759259
