1 0.597917 0.101852 0.025 0.0296296
1 0.134896 0.390741 0.0739583 0.0962963
1 0.216146 0.326852 0.0802083 0.087037
1 0.567187 0.0972222 0.021875 0.0314815
1 0.272396 0.226852 0.0447917 0.0611111
1 0.600521 0.131481 0.0260417 0.0333333
0 0.221875 0.509259 0.0291667 0.0814815
1 0.159375 0.371296 0.0375 0.0944444
1 0.234375 0.325926 0.0375 0.0777778
1 0.956771 0.150926 0.0364583 0.05
1 0.251042 0.294444 0.05 0.0703704
1 0.698438 0.0814815 0.0177083 0.0333333
1 0.413021 0.877778 0.194792 0.237037
1 0.318229 0.232407 0.0552083 0.0611111
0 0.0619792 0.806481 0.046875 0.201852
0 0.226562 0.542593 0.0364583 0.133333
0 0.021875 0.849074 0.0395833 0.235185
1 0.560417 0.140741 0.025 0.0407407
1 0.976562 0.162963 0.046875 0.0555556
1 0.636458 0.153704 0.0291667 0.0481481
0 0.1 0.756481 0.03125 0.183333
1 0.580208 0.224074 0.0416667 0.0703704
1 0.354167 0.237037 0.0645833 0.0592593
1 0.591146 0.17963 0.034375 0.0518519
1 0.021875 0.500926 0.04375 0.0833333
0 0.211458 0.586111 0.0291667 0.146296
1 0.0609375 0.452778 0.0802083 0.0907407
0 0.258854 0.416667 0.021875 0.107407
0 0.239063 0.483333 0.0260417 0.125926
1 0.305208 0.314815 0.05625 0.0925926
0 0.176563 0.597222 0.028125 0.161111
0 0.278125 0.466667 0.0291667 0.118519
1 0.11875 0.412963 0.0854167 0.103704
1 0.572917 0.278704 0.05 0.0833333
1 0.456771 0.284259 0.0885417 0.0759259
1 0.428125 0.532407 0.0979167 0.161111
