0 0.0145833 0.932407 0.0291667 0.105556
0 0.190625 0.401852 0.0291667 0.118519
1 0.315104 0.22037 0.0614583 0.0592593
0 0.161979 0.480556 0.034375 0.0944444
1 0.955729 0.14537 0.0489583 0.0537037
1 0.576563 0.118519 0.028125 0.0407407
1 0.342708 0.196296 0.0395833 0.0555556
0 0.2 0.902778 0.0354167 0.194444
1 0.991667 0.152778 0.0166667 0.0388889
1 0.332812 0.209259 0.053125 0.062963
0 0.131771 0.942593 0.0427083 0.111111
0 0.238021 0.827778 0.0427083 0.196296
0 0.167708 0.908333 0.04375 0.183333
1 0.59375 0.0796296 0.0229167 0.0333333
0 0.314063 0.631481 0.034375 0.174074
1 0.235417 0.227778 0.05 0.0666667
0 0.144792 0.97037 0.0416667 0.0592593
1 0.292188 0.232407 0.059375 0.0611111
1 0.0338542 0.564815 0.0677083 0.17037
1 0.169792 0.378704 0.0791667 0.101852
1 0.577083 0.183333 0.0375 0.0777778
1 0.232812 0.30463 0.0510417 0.0833333
0 0.33125 0.542593 0.03125 0.148148
0 0.0682292 0.900926 0.0489583 0.194444
1 0.211458 0.337963 0.0708333 0.0907407
1 0.834896 0.172222 0.0489583 0.0592593
1 0.0692708 0.493519 0.090625 0.131481
1 0.119271 0.433333 0.090625 0.122222
1 0.504687 0.313889 0.0614583 0.112963
1 0.695833 0.310185 0.0625 0.0981481
1 0.597396 0.323148 0.065625 0.116667
1 0.811979 0.681481 0.140625 0.233333
