1 0.581771 0.0953704 0.028125 0.0462963
1 0.496354 0.0157407 0.0239583 0.0277778
1 0.944792 0.113889 0.075 0.0648148
0 0.0791667 0.308333 0.0229167 0.0981481
1 0.64375 0.125926 0.0375 0.062963
1 0.257292 0.147222 0.0333333 0.05
1 0.988021 0.2 0.0239583 0.0592593
1 0.4875 0.0583333 0.0208333 0.0351852
1 0.853125 0.111111 0.0520833 0.0555556
0 0.157813 0.252778 0.015625 0.0722222
1 0.709375 0.152778 0.04375 0.0648148
1 0.233333 0.162963 0.0416667 0.0518519
1 0.150521 0.177778 0.0489583 0.0703704
1 0.934896 0.158333 0.0614583 0.0648148
1 0.0828125 0.273148 0.0739583 0.0759259
0 0.95625 0.300926 0.0270833 0.116667
1 0.432813 0.184259 0.046875 0.0722222
0 0.981771 0.332407 0.0197917 0.127778
1 0.197396 0.181481 0.059375 0.0666667
1 0.603646 0.169444 0.040625 0.0685185
1 0.118229 0.248148 0.053125 0.0740741
1 0.674479 0.207407 0.0489583 0.0814815
1 0.505208 0.212037 0.05 0.0981481
1 0.967188 0.182407 0.065625 0.0611111
0 0.0536458 0.496296 0.0427083 0.140741
0 0.0984375 0.385185 0.0260417 0.118519
0 0.0770833 0.437037 0.025 0.125926
1 0.790104 0.249074 0.0677083 0.0907407
1 0.726562 0.319444 0.078125 0.101852
1 0.28125 0.389815 0.0770833 0.124074
1 0.45 0.544444 0.102083 0.192593
1 0.675521 0.435185 0.090625 0.137037
1 0.179688 0.811111 0.178125 0.3
