0 0.173438 0.862963 0.0322917 0.133333
1 0.238021 0.307407 0.053125 0.0888889
0 0.0119792 0.921296 0.0239583 0.105556
1 0.327604 0.214815 0.040625 0.0555556
1 0.584896 0.14537 0.0322917 0.0537037
1 0.348958 0.199074 0.04375 0.0611111
1 0.296354 0.232407 0.059375 0.0648148
0 0.317187 0.616667 0.034375 0.2
1 0.6625 0.0666667 0.0208333 0.0296296
0 0.05 0.94537 0.0520833 0.0981481
0 0.168229 0.942593 0.0489583 0.114815
1 0.568229 0.0675926 0.0177083 0.0351852
1 0.594271 0.0666667 0.0177083 0.0296296
0 0.127604 0.485185 0.0302083 0.125926
1 0.234375 0.22963 0.0416667 0.0666667
0 0.203646 0.899074 0.0364583 0.198148
0 0.0494792 0.650926 0.0447917 0.161111
0 0.143229 0.968518 0.0427083 0.0592593
1 0.566667 0.127778 0.0270833 0.0444444
1 0.607813 0.10463 0.0239583 0.0388889
1 0.588021 0.259259 0.053125 0.118519
1 0.586979 0.166667 0.0302083 0.062963
1 0.211979 0.338889 0.065625 0.0962963
1 0.0708333 0.499074 0.0895833 0.138889
1 0.123438 0.425 0.090625 0.101852
1 0.80625 0.150926 0.0458333 0.0537037
1 0.0338542 0.563889 0.0677083 0.172222
1 0.172917 0.383333 0.0833333 0.107407
1 0.471875 0.664815 0.125 0.262963
1 0.629687 0.563889 0.111458 0.22037
1 0.811458 0.566667 0.120833 0.188889
