1 0.610417 0.0472222 0.025 0.0351852
0 0.275521 0.746296 0.040625 0.155556
0 0.152083 0.947222 0.0479167 0.105556
1 0.575 0.0416667 0.0229167 0.05
0 0.195312 0.899074 0.0614583 0.201852
1 0.352083 0.155556 0.0416667 0.062963
1 0.241146 0.271296 0.0510417 0.0833333
1 0.729167 0.394444 0.1 0.2
0 0.320833 0.596296 0.0354167 0.174074
1 0.217708 0.303704 0.06875 0.0962963
0 0.0546875 0.887963 0.040625 0.201852
1 0.590625 0.137037 0.0375 0.0592593
0 0.213542 0.878704 0.05 0.227778
0 0.0875 0.878704 0.0416667 0.209259
0 0.344792 0.266667 0.0166667 0.0888889
1 0.856771 0.151852 0.0552083 0.0740741
1 0.0786458 0.468519 0.0885417 0.133333
1 0.179167 0.351852 0.0791667 0.111111
1 0.563542 0.27037 0.06875 0.122222
1 0.127604 0.402778 0.090625 0.124074
1 0.69375 0.27037 0.0645833 0.1
1 0.0369792 0.538889 0.0739583 0.177778
1 0.569792 0.650926 0.11875 0.235185
1 0.454688 0.230556 0.103125 0.0981481
