1 0.883333 0.332407 0.0479167 0.0537037
0 0.182812 0.340741 0.0135417 0.0592593
1 0.959896 0.384259 0.059375 0.0685185
1 0.622917 0.224074 0.0229167 0.0333333
0 0.134375 0.407407 0.0145833 0.0666667
1 0.607813 0.206481 0.0197917 0.0277778
0 0.899479 0.415741 0.0177083 0.05
1 0.643229 0.234259 0.0260417 0.0351852
0 0.275521 0.32037 0.0135417 0.062963
1 0.984375 0.407407 0.03125 0.0666667
1 0.918229 0.35463 0.059375 0.0611111
1 0.226562 0.341667 0.0572917 0.0648148
1 0.610937 0.352778 0.0427083 0.0722222
1 0.480729 0.419444 0.0552083 0.0981481
1 0.0958333 0.725926 0.16875 0.2
1 0.71875 0.713889 0.114583 0.172222
