1 0.56875 0.166667 0.0229167 0.0407407
1 0.859896 0.309259 0.0364583 0.062963
0 0.141146 0.400926 0.0177083 0.0574074
1 0.529167 0.181481 0.0208333 0.0259259
1 0.826042 0.287037 0.0291667 0.0444444
1 0.988021 0.411111 0.0239583 0.062963
0 0.176563 0.361111 0.0135417 0.0518519
1 0.331771 0.274074 0.0260417 0.037037
1 0.009375 0.881481 0.01875 0.133333
1 0.891667 0.337963 0.0479167 0.0537037
0 0.155208 0.45463 0.0229167 0.087037
1 0.508854 0.190741 0.015625 0.0222222
1 0.967708 0.387037 0.0645833 0.0703704
1 0.650521 0.226852 0.0239583 0.0314815
1 0.232292 0.343519 0.0583333 0.0648148
1 0.924479 0.359259 0.059375 0.062963
