1 0.0364583 0.301852 0.0708333 0.0925926
1 0.617708 0.0703704 0.0354167 0.0666667
1 0.310417 0.153704 0.0395833 0.062963
1 0.279167 0.189815 0.0604167 0.0833333
0 0.504167 0.54537 0.0291667 0.0574074
1 0.988542 0.112037 0.0229167 0.0425926
1 0.683333 0.0712963 0.0354167 0.0574074
0 0.34375 0.40463 0.0291667 0.0944444
1 0.983333 0.0481481 0.0333333 0.0444444
1 0.944792 0.0509259 0.04375 0.0462963
0 0.359375 0.406481 0.025 0.0833333
0 0.333854 0.513889 0.0302083 0.164815
1 0.621875 0.105556 0.0375 0.062963
1 0.563542 0.0564815 0.0270833 0.0425926
1 0.423438 0.128704 0.0802083 0.0574074
1 0.577083 0.125926 0.0395833 0.062963
0 0.889583 0.116667 0.0145833 0.0703704
0 0.292708 0.572222 0.0291667 0.174074
1 0.293229 0.176852 0.0447917 0.0722222
1 0.265104 0.211111 0.0552083 0.0777778
1 0.969271 0.0953704 0.0552083 0.0537037
1 0.552083 0.249074 0.05625 0.0944444
1 0.656771 0.519444 0.126042 0.290741
1 0.867188 0.225926 0.0760417 0.0888889
1 0.666146 0.190741 0.059375 0.0851852
1 0.196354 0.292593 0.0677083 0.0962963
1 0.0364583 0.523148 0.0729167 0.17963
1 0.23125 0.247222 0.0645833 0.0833333
1 0.728125 0.32963 0.0958333 0.159259
1 0.146875 0.346296 0.0958333 0.12963
1 0.605208 0.355556 0.08125 0.137037
