1 0.595833 0.0333333 0.025 0.0407407
1 0.252604 0.236111 0.0552083 0.0944444
0 0.411979 0.137037 0.015625 0.0592593
1 0.7625 0.0583333 0.0354167 0.0648148
0 0.363021 0.640741 0.0302083 0.2
1 0.553646 0.0935185 0.0322917 0.05
0 0.240104 0.361111 0.0260417 0.103704
1 0.592188 0.169444 0.0447917 0.0759259
0 0.301562 0.573148 0.0427083 0.187037
0 0.328125 0.493519 0.0270833 0.146296
1 0.798958 0.0944444 0.0416667 0.0555556
0 0.0989583 0.813889 0.0375 0.235185
0 0.176042 0.440741 0.0291667 0.0925926
1 0.615104 0.0722222 0.0364583 0.0555556
0 0.165104 0.899074 0.0552083 0.198148
0 0.203125 0.871296 0.05 0.25
0 0.364583 0.37963 0.0333333 0.137037
0 0.329688 0.680556 0.040625 0.201852
1 0.51875 0.152778 0.0479167 0.0685185
1 0.880729 0.178704 0.0635417 0.0796296
0 0.255208 0.855556 0.05 0.233333
1 0.721875 0.925926 0.158333 0.140741
1 0.0911458 0.434259 0.090625 0.135185
1 0.709375 0.210185 0.0666667 0.105556
1 0.190104 0.317593 0.0802083 0.112963
1 0.232812 0.268519 0.071875 0.0888889
1 0.140625 0.371296 0.0895833 0.124074
1 0.609375 0.22037 0.0625 0.118519
1 0.015625 0.738889 0.03125 0.159259
1 0.0432292 0.501852 0.0864583 0.17037
1 0.671354 0.481481 0.0989583 0.174074
1 0.5875 0.361111 0.08125 0.125926
