0 0.813542 0.405556 0.0166667 0.0555556
1 0.413021 0.272222 0.034375 0.037037
0 0.0619792 0.672222 0.0322917 0.114815
0 0.921354 0.515741 0.0322917 0.0981481
0 0.798437 0.405556 0.015625 0.0555556
1 0.870313 0.353704 0.0364583 0.0555556
1 0.976042 0.293519 0.0479167 0.0388889
0 0.83125 0.437963 0.0166667 0.0722222
0 0.0671875 0.641667 0.0260417 0.109259
0 0.910417 0.49537 0.0208333 0.0685185
0 0.102083 0.623148 0.0291667 0.109259
0 0.89375 0.451852 0.0208333 0.0888889
0 0.204688 0.494444 0.021875 0.0851852
0 0.143229 0.574074 0.0197917 0.111111
0 0.164583 0.555556 0.0229167 0.103704
1 0.350521 0.303704 0.0364583 0.037037
1 0.249479 0.341667 0.046875 0.0574074
1 0.334896 0.268519 0.040625 0.0481481
0 0.928125 0.524074 0.0166667 0.1
0 0.0338542 0.705556 0.0302083 0.133333
1 0.454688 0.275926 0.0239583 0.037037
1 0.488542 0.255556 0.0208333 0.0296296
0 0.254167 0.441667 0.0166667 0.0796296
1 0.28125 0.305556 0.0354167 0.0592593
0 0.127604 0.599074 0.0260417 0.116667
1 0.577083 0.221296 0.01875 0.0240741
1 0.514063 0.264815 0.0239583 0.0407407
0 0.232812 0.466667 0.0177083 0.0888889
1 0.465104 0.314815 0.034375 0.0518519
1 0.466146 0.547222 0.0697917 0.135185
1 0.071875 0.893519 0.141667 0.205556
