1 0.0822917 0.447222 0.120833 0.209259
1 0.708854 0.125 0.021875 0.0314815
1 0.457812 0.119444 0.021875 0.0314815
1 0.393229 0.152778 0.0260417 0.0351852
1 0.479167 0.148148 0.0270833 0.0407407
1 0.629167 0.126852 0.0208333 0.0314815
1 0.680729 0.134259 0.028125 0.0351852
1 0.458333 0.181481 0.03125 0.0518519
1 0.41875 0.168519 0.0291667 0.037037
1 0.767708 0.183333 0.0354167 0.0444444
1 0.292708 0.269444 0.0479167 0.0648148
1 0.602083 0.155556 0.0270833 0.0481481
1 0.517187 0.147222 0.0239583 0.0388889
1 0.355729 0.261111 0.0447917 0.062963
1 0.436979 0.217593 0.0364583 0.0611111
1 0.730729 0.212963 0.0385417 0.0555556
1 0.5 0.210185 0.03125 0.0537037
1 0.673958 0.2 0.0333333 0.0555556
1 0.61875 0.211111 0.0333333 0.0518519
1 0.632292 0.274074 0.0479167 0.0703704
1 0.831771 0.298148 0.0572917 0.0703704
1 0.769271 0.42037 0.0677083 0.0925926
1 0.148958 0.791667 0.152083 0.224074
