1 0.390104 0.0851852 0.0364583 0.0555556
1 0.238542 0.169444 0.0458333 0.0685185
1 0.897917 0.0472222 0.0208333 0.0425926
1 0.942187 0.0675926 0.0322917 0.0388889
1 0.965104 0.0759259 0.040625 0.0481481
1 0.331771 0.150926 0.0427083 0.0537037
0 0.398958 0.197222 0.0145833 0.05
1 0.35 0.132407 0.0354167 0.0574074
1 0.367188 0.112037 0.034375 0.0537037
0 0.236458 0.393519 0.0166667 0.05
1 0.297917 0.174074 0.0604167 0.0592593
1 0.932813 0.062963 0.0260417 0.0407407
0 0.196354 0.869444 0.053125 0.224074
0 0.164583 0.419444 0.0333333 0.109259
0 0.602604 0.151852 0.0177083 0.062963
1 0.239063 0.249074 0.0510417 0.0833333
0 0.0802083 0.84537 0.04375 0.201852
1 0.791146 0.0731481 0.034375 0.0537037
0 0.142188 0.903704 0.065625 0.188889
1 0.0348958 0.513889 0.0697917 0.172222
1 0.723437 0.1 0.040625 0.0555556
0 0.298438 0.801852 0.0489583 0.22963
1 0.217187 0.27963 0.065625 0.0962963
1 0.0765625 0.438889 0.0885417 0.125926
1 0.125521 0.381481 0.0885417 0.125926
1 0.795313 0.199074 0.0572917 0.0796296
1 0.176042 0.326852 0.08125 0.112963
