1 0.00833333 0.0388889 0.0166667 0.0407407
1 0.021875 0.0203704 0.0229167 0.037037
1 0.281771 0.0861111 0.0385417 0.05
1 0.0692708 0.0546296 0.028125 0.0351852
1 0.0302083 0.0657407 0.0291667 0.0462963
1 0.393229 0.161111 0.0614583 0.0592593
1 0.0833333 0.124074 0.0416667 0.062963
1 0.185937 0.159259 0.0510417 0.0592593
1 0.492188 0.141667 0.065625 0.0611111
1 0.581771 0.15 0.065625 0.0666667
1 0.295312 0.261111 0.0760417 0.0925926
1 0.959375 0.333333 0.08125 0.137037
1 0.754687 0.211111 0.084375 0.0740741
1 0.335938 0.687963 0.161458 0.268519
1 0.890625 0.786111 0.216667 0.287037
