1 0.731771 0.165741 0.0302083 0.0537037
1 0.630208 0.15 0.0270833 0.0444444
1 0.678646 0.175 0.034375 0.0648148
1 0.478125 0.109259 0.01875 0.0333333
1 0.429167 0.185185 0.0333333 0.0444444
1 0.360938 0.199074 0.0322917 0.0462963
1 0.532812 0.178704 0.0302083 0.0462963
1 0.890625 0.267593 0.05625 0.0759259
1 0.488021 0.160185 0.0260417 0.0425926
1 0.4 0.161111 0.0270833 0.0407407
1 0.467708 0.213889 0.0333333 0.0537037
1 0.783854 0.247222 0.0489583 0.0611111
1 0.65 0.224074 0.0375 0.0555556
1 0.350521 0.285185 0.0510417 0.0777778
1 0.673958 0.311111 0.05 0.0740741
1 0.883854 0.383333 0.0760417 0.0962963
1 0.775521 0.358333 0.0614583 0.087037
1 0.676562 0.408333 0.0572917 0.0907407
1 0.726562 0.605556 0.0947917 0.144444
1 0.885938 0.577778 0.107292 0.144444
1 0.216146 0.350926 0.065625 0.0796296
1 0.198958 0.49537 0.0916667 0.12037
1 0.0635417 0.688889 0.127083 0.185185
1 0.258333 0.637037 0.120833 0.181481
