1 0.58125 0.0148148 0.0229167 0.0259259
0 0.834375 0.24537 0.0166667 0.0722222
1 0.314583 0.0814815 0.04375 0.0518519
1 0.261458 0.121296 0.0416667 0.0611111
1 0.397396 0.118519 0.034375 0.0481481
0 0.925521 0.348148 0.0260417 0.1
0 0.153646 0.375 0.021875 0.112963
1 0.802604 0.0907407 0.040625 0.0518519
1 0.489062 0.087963 0.034375 0.0425926
1 0.346354 0.112963 0.0447917 0.0444444
1 0.425 0.0898148 0.025 0.0462963
0 0.009375 0.551852 0.01875 0.137037
0 0.110937 0.426852 0.0197917 0.0907407
1 0.439063 0.180556 0.040625 0.0648148
0 0.0734375 0.471296 0.0322917 0.12037
