0 0.247396 0.808333 0.0364583 0.183333
1 0.246354 0.241667 0.103125 0.0759259
1 0.35 0.174074 0.0416667 0.0555556
0 0.176563 0.839815 0.034375 0.116667
1 0.567187 0.075 0.021875 0.0314815
0 0.0442708 0.387963 0.0239583 0.101852
1 0.365625 0.15463 0.0416667 0.05
0 0.179688 0.932407 0.053125 0.135185
0 0.0802083 0.888889 0.0395833 0.177778
0 0.315104 0.611111 0.0364583 0.181481
1 0.234375 0.293519 0.0541667 0.0833333
1 0.535417 0.121296 0.03125 0.0537037
1 0.784896 0.160185 0.0385417 0.0759259
0 0.0614583 0.926852 0.0604167 0.127778
0 0.142708 0.960185 0.04375 0.0796296
1 0.615104 0.127778 0.034375 0.0703704
0 0.348958 0.310185 0.0229167 0.0981481
0 0.207292 0.891667 0.0458333 0.212963
1 0.214062 0.327778 0.0677083 0.0925926
1 0.561458 0.178704 0.0395833 0.0611111
1 0.071875 0.487037 0.0916667 0.137037
1 0.172396 0.374074 0.0802083 0.111111
1 0.0338542 0.560185 0.065625 0.172222
1 0.697396 0.303704 0.0635417 0.1
1 0.121875 0.425926 0.0916667 0.125926
1 0.591667 0.27963 0.0583333 0.0888889
1 0.39375 0.247222 0.129167 0.0907407
1 0.664583 0.582407 0.114583 0.201852
