1 0.669792 0.062963 0.025 0.0333333
0 0.230729 0.87963 0.0510417 0.196296
0 0.275 0.755556 0.0333333 0.125926
1 0.959896 0.126852 0.040625 0.0277778
1 0.570312 0.0712963 0.0177083 0.0388889
0 0.178125 0.934259 0.04375 0.131481
0 0.0145833 0.935185 0.0291667 0.122222
1 0.595833 0.0555556 0.0208333 0.0259259
1 0.236458 0.221296 0.0375 0.0685185
1 0.897917 0.107407 0.0229167 0.0407407
1 0.298438 0.225926 0.0614583 0.062963
0 0.102604 0.575926 0.040625 0.133333
1 0.240104 0.299074 0.0510417 0.0833333
0 0.204688 0.897222 0.0364583 0.201852
0 0.15 0.966667 0.0458333 0.0666667
0 0.319792 0.618519 0.0333333 0.185185
1 0.606771 0.0907407 0.0239583 0.0333333
1 0.586979 0.138889 0.028125 0.0518519
1 0.585938 0.219444 0.0447917 0.101852
0 0.065625 0.921296 0.0604167 0.142593
1 0.125 0.441667 0.0875 0.15
1 0.219271 0.333333 0.071875 0.0962963
1 0.0755208 0.492593 0.090625 0.12963
1 0.820312 0.152778 0.0427083 0.0537037
1 0.0348958 0.562037 0.0697917 0.175926
1 0.175 0.378704 0.0854167 0.112963
1 0.49375 0.465741 0.0875 0.175926
1 0.618229 0.440741 0.090625 0.162963
1 0.760938 0.436111 0.090625 0.135185
