0 0.379687 0.881481 0.0947917 0.233333
0 0.371875 0.823148 0.0729167 0.127778
0 0.7875 0.169444 0.0166667 0.05
1 0.065625 0.0157407 0.0208333 0.0277778
0 0.706771 0.115741 0.0135417 0.0537037
1 0.00572917 0.05 0.0114583 0.0296296
1 0.381771 0.900926 0.0947917 0.194444
1 0.546354 0.134259 0.065625 0.0648148
0 0.103125 0.912037 0.0645833 0.164815
1 0.882812 0.243519 0.130208 0.0759259
1 0.141667 0.159259 0.05 0.0666667
1 0.327604 0.219444 0.084375 0.105556
1 0.231771 0.237963 0.0739583 0.0907407
1 0.733854 0.701852 0.286458 0.337037
