1 0.0458333 0.0888889 0.0458333 0.0666667
1 0.021875 0.121296 0.04375 0.05
1 0.154687 0.0833333 0.0302083 0.0259259
0 0.155208 0.137037 0.0208333 0.0851852
0 0.924479 0.0592593 0.021875 0.0925926
0 0.968229 0.105556 0.0239583 0.125926
0 0.991667 0.134259 0.0166667 0.0981481
1 0.679167 0.0157407 0.04375 0.0277778
1 0.622396 0.0296296 0.0510417 0.0592593
0 0.0286458 0.292593 0.028125 0.137037
1 0.407292 0.0490741 0.0520833 0.0833333
1 0.473958 0.188889 0.0770833 0.137037
1 0.509375 0.0453704 0.05625 0.087037
1 0.73125 0.116667 0.075 0.114815
1 0.0953125 0.799074 0.190625 0.394444
1 0.903125 0.526852 0.18125 0.253704
