1 0.201042 0.0638889 0.0354167 0.0388889
1 0.680208 0.087963 0.0395833 0.0574074
1 0.801562 0.0842593 0.0552083 0.0574074
1 0.834896 0.194444 0.111458 0.0777778
1 0.908854 0.087037 0.046875 0.0703704
0 0.743229 0.208333 0.0177083 0.0944444
1 0.449479 0.0342593 0.0614583 0.0425926
1 0.759375 0.0842593 0.0541667 0.0648148
1 0.046875 0.087037 0.025 0.0296296
1 0.090625 0.106481 0.0291667 0.0425926
1 0.706771 0.156481 0.0552083 0.0722222
1 0.540625 0.368519 0.13125 0.114815
1 0.211458 0.159259 0.0520833 0.062963
1 0.496875 0.269444 0.122917 0.101852
1 0.319271 0.2 0.0739583 0.0740741
