1 0.605208 0.201852 0.0229167 0.0518519
0 0.0135417 0.65463 0.0270833 0.164815
1 0.819271 0.159259 0.053125 0.0555556
1 0.3125 0.15 0.0375 0.0333333
1 0.0822917 0.205556 0.0333333 0.0444444
1 0.0270833 0.202778 0.025 0.0351852
1 0.222917 0.199074 0.0416667 0.0462963
1 0.975 0.164815 0.05 0.0851852
1 0.0526042 0.232407 0.0364583 0.0537037
1 0.5125 0.111111 0.0729167 0.0444444
0 0.627083 0.25 0.0166667 0.0851852
1 0.942187 0.930556 0.115625 0.135185
0 0.664583 0.262963 0.0145833 0.0740741
1 0.748438 0.232407 0.0864583 0.0722222
1 0.147917 0.316667 0.0541667 0.0777778
1 0.680729 0.493519 0.178125 0.146296
1 0.7375 0.439815 0.175 0.127778
1 0.425521 0.296296 0.0885417 0.0814815
1 0.392188 0.462963 0.115625 0.155556
1 0.561979 0.843518 0.278125 0.301852
