1 0.686979 0.0796296 0.0385417 0.0555556
1 0.615625 0.0666667 0.0354167 0.062963
1 0.561458 0.0546296 0.025 0.0425926
1 0.945312 0.0518519 0.0447917 0.0444444
1 0.576042 0.121296 0.0395833 0.0648148
1 0.989062 0.112037 0.021875 0.0462963
0 0.341667 0.413889 0.0270833 0.0944444
1 0.61875 0.1 0.0375 0.0666667
1 0.423958 0.12963 0.0791667 0.0555556
0 0.361458 0.405556 0.025 0.0814815
1 0.983333 0.0481481 0.0333333 0.0444444
1 0.294271 0.178704 0.046875 0.0685185
1 0.265104 0.212963 0.0552083 0.0740741
0 0.889583 0.117593 0.0166667 0.0722222
0 0.332812 0.518519 0.034375 0.166667
0 0.292188 0.576852 0.0302083 0.17963
1 0.969271 0.0962963 0.0572917 0.0555556
1 0.540625 0.244444 0.0708333 0.0962963
1 0.652083 0.494444 0.122917 0.277778
1 0.661979 0.183333 0.0552083 0.0814815
1 0.884896 0.24537 0.0822917 0.0981481
1 0.195833 0.296296 0.0666667 0.0962963
1 0.0364583 0.525 0.0729167 0.183333
1 0.715625 0.306481 0.0895833 0.15
1 0.231771 0.249074 0.065625 0.0833333
1 0.603125 0.342593 0.0770833 0.137037
1 0.146354 0.348148 0.096875 0.12963
