0 0.164583 0.415741 0.0625 0.0648148
1 0.669792 0.263889 0.03125 0.0351852
1 0.851562 0.260185 0.0302083 0.0314815
1 0.930208 0.211111 0.0145833 0.0222222
1 0.858333 0.193519 0.03125 0.0277778
1 0.611458 0.287037 0.0416667 0.037037
1 0.643229 0.276852 0.034375 0.0425926
0 0.143229 0.435185 0.0177083 0.0666667
1 0.577604 0.303704 0.053125 0.0444444
1 0.414583 0.361111 0.0729167 0.062963
1 0.176563 0.410185 0.0572917 0.0574074
1 0.878125 0.227778 0.0208333 0.0333333
1 0.532812 0.318519 0.0510417 0.0444444
1 0.353646 0.391667 0.0802083 0.0796296
1 0.266667 0.427778 0.0958333 0.0777778
