1 0.697396 0.00925926 0.0239583 0.0185185
1 0.242188 0.20463 0.0635417 0.0833333
1 0.310417 0.0768519 0.0479167 0.0574074
0 0.344271 0.431481 0.028125 0.133333
1 0.642708 0.0175926 0.0270833 0.0314815
0 0.297917 0.512037 0.0333333 0.135185
0 0.217187 0.312963 0.034375 0.1
1 0.3125 0.131481 0.0458333 0.0592593
1 0.034375 0.291667 0.06875 0.112963
1 0.876562 0.0324074 0.0552083 0.0537037
1 0.382812 0.0824074 0.0510417 0.05
1 0.516667 0.0657407 0.0395833 0.05
0 0.296354 0.598148 0.0364583 0.181481
0 0.151042 0.449074 0.0395833 0.101852
1 0.984375 0.0268519 0.03125 0.0425926
0 0.379687 0.312037 0.0260417 0.109259
1 0.195312 0.261111 0.0677083 0.0703704
1 0.228125 0.233333 0.0604167 0.0962963
1 0.264583 0.188889 0.0583333 0.0740741
1 0.944792 0.0287037 0.04375 0.0462963
0 0.327083 0.5 0.0333333 0.17037
1 0.294271 0.155556 0.0489583 0.0666667
1 0.727604 0.0638889 0.0385417 0.0537037
1 0.546875 0.131481 0.0479167 0.0740741
0 0.888542 0.0990741 0.0166667 0.0685185
1 0.0364583 0.503704 0.0729167 0.185185
1 0.971354 0.0722222 0.0572917 0.0518519
1 0.611979 0.267593 0.065625 0.112963
1 0.147917 0.326852 0.1 0.124074
1 0.653646 0.180556 0.0552083 0.0907407
1 0.701042 0.762037 0.16875 0.357407
