0 0.216667 0.912963 0.0458333 0.174074
1 0.94375 0.169444 0.0354167 0.0462963
1 0.716667 0.15463 0.0270833 0.0425926
0 0.0723958 0.921296 0.028125 0.153704
0 0.26875 0.657407 0.0395833 0.0851852
0 0.236458 0.846296 0.0458333 0.188889
0 0.195833 0.917593 0.0375 0.15
1 0.228125 0.334259 0.0541667 0.087037
1 0.530208 0.169444 0.0291667 0.05
0 0.321875 0.563889 0.0291667 0.146296
1 0.800521 0.186111 0.034375 0.05
1 0.735937 0.175 0.034375 0.0425926
1 0.775 0.158333 0.03125 0.0462963
1 0.572396 0.149074 0.028125 0.0462963
0 0.0223958 0.947222 0.0447917 0.105556
1 0.36875 0.268519 0.0479167 0.0703704
1 0.821354 0.250926 0.0489583 0.0611111
1 0.597917 0.17963 0.03125 0.0518519
0 0.343229 0.553704 0.0239583 0.140741
1 0.20625 0.367593 0.0625 0.0944444
1 0.596354 0.392593 0.0677083 0.159259
0 0.309375 0.662037 0.0333333 0.17963
1 0.571875 0.225 0.0395833 0.0611111
1 0.0645833 0.532407 0.0916667 0.135185
1 0.166146 0.414815 0.0802083 0.111111
1 0.650521 0.260185 0.0447917 0.0722222
1 0.114063 0.467593 0.090625 0.124074
1 0.0296875 0.603704 0.059375 0.174074
1 0.834896 0.291667 0.0614583 0.0833333
1 0.744271 0.451852 0.0885417 0.140741
