1 0.803125 0.0935185 0.0395833 0.05
1 0.232812 0.156481 0.046875 0.0648148
1 0.375521 0.0805556 0.059375 0.087037
1 0.691667 0.05 0.0208333 0.0296296
1 0.260417 0.113889 0.04375 0.0611111
0 0.111458 0.235185 0.0208333 0.0592593
1 0.559896 0.0175926 0.0197917 0.0277778
1 0.447917 0.0944444 0.025 0.0407407
1 0.310417 0.0916667 0.0520833 0.0796296
1 0.358854 0.103704 0.034375 0.0592593
0 0.0984375 0.425926 0.028125 0.103704
1 0.925 0.837963 0.147917 0.309259
0 0.0125 0.536111 0.025 0.157407
1 0.673958 0.0925926 0.0270833 0.0259259
0 0.154687 0.366667 0.0239583 0.107407
0 0.0645833 0.463889 0.025 0.116667
1 0.406771 0.153704 0.0447917 0.062963
1 0.396354 0.235185 0.0635417 0.0962963
