1 0.821875 0.0638889 0.0375 0.05
1 0.974479 0.087963 0.0510417 0.0574074
1 0.575 0.0731481 0.0270833 0.05
1 0.720312 0.0740741 0.034375 0.0518519
1 0.596875 0.0157407 0.025 0.0277778
0 0.203646 0.776852 0.046875 0.190741
1 0.598958 0.101852 0.0395833 0.0777778
0 0.330208 0.662963 0.0354167 0.2
0 0.295833 0.552778 0.0395833 0.146296
0 0.316146 0.490741 0.0260417 0.111111
1 0.253125 0.22963 0.0520833 0.0925926
1 0.779167 0.0703704 0.0333333 0.0481481
0 0.247396 0.701852 0.0364583 0.185185
1 0.534375 0.0981481 0.0354167 0.0555556
1 0.23125 0.252778 0.0666667 0.0685185
1 0.645833 0.062963 0.0354167 0.0592593
0 0.242188 0.839815 0.0385417 0.198148
0 0.363542 0.4 0.03125 0.151852
0 0.11875 0.530556 0.0375 0.0796296
0 0.161979 0.891667 0.065625 0.205556
0 0.090625 0.810185 0.05 0.224074
0 0.217708 0.874074 0.0395833 0.244444
0 0.342708 0.302778 0.0166667 0.101852
1 0.841146 0.123148 0.0572917 0.0907407
1 0.697917 0.175 0.0520833 0.0796296
1 0.629167 0.187037 0.0520833 0.0740741
0 0.352083 0.646296 0.0354167 0.188889
0 0.304688 0.694444 0.040625 0.207407
1 0.191146 0.312037 0.0822917 0.109259
1 0.919792 0.211111 0.0791667 0.0925926
1 0.63125 0.281481 0.0645833 0.12963
1 0.528646 0.227778 0.0614583 0.0888889
1 0.0916667 0.425926 0.0895833 0.133333
1 0.0432292 0.497222 0.0864583 0.172222
1 0.141146 0.364815 0.090625 0.122222
1 0.0161458 0.72963 0.0322917 0.162963
1 0.717708 0.890741 0.204167 0.214815
1 0.645312 0.465741 0.105208 0.164815
