1 0.363542 0.124074 0.0354167 0.0518519
0 0.182292 0.957407 0.04375 0.0814815
1 0.235417 0.185185 0.04375 0.0666667
0 0.290625 0.573148 0.0333333 0.142593
1 0.295312 0.185185 0.0614583 0.0666667
1 0.35 0.146296 0.0375 0.0592593
1 0.329167 0.167593 0.0395833 0.0611111
1 0.766146 0.0138889 0.021875 0.0277778
0 0.130208 0.908333 0.05 0.161111
0 0.218229 0.363889 0.0260417 0.12037
0 0.594271 0.118519 0.015625 0.0518519
1 0.646354 0.0203704 0.021875 0.0333333
1 0.2375 0.259259 0.05 0.0740741
0 0.132812 0.463889 0.028125 0.124074
0 0.258333 0.755556 0.04375 0.222222
1 0.814062 0.103704 0.0385417 0.0592593
0 0.0791667 0.859259 0.0395833 0.207407
1 0.216146 0.289815 0.0697917 0.087037
0 0.204688 0.881481 0.0385417 0.237037
1 0.0734375 0.456481 0.090625 0.131481
0 0.297917 0.827778 0.05 0.22963
1 0.0348958 0.526852 0.0697917 0.175926
1 0.170833 0.341667 0.075 0.116667
1 0.123958 0.387037 0.0916667 0.107407
1 0.764063 0.165741 0.0489583 0.0685185
1 0.894792 0.338889 0.0895833 0.111111
