0 0.618229 0.227778 0.0177083 0.0444444
1 0.096875 0.00833333 0.0395833 0.0166667
1 0.473958 0.108333 0.05 0.0462963
0 0.601042 0.194444 0.0104167 0.062963
0 0.978646 0.301852 0.021875 0.103704
0 0.564583 0.177778 0.0166667 0.0851852
1 0.583854 0.0712963 0.053125 0.0425926
1 0.292708 0.0444444 0.0291667 0.0296296
0 0.0286458 0.422222 0.0322917 0.125926
1 0.798437 0.149074 0.0489583 0.0388889
1 0.854167 0.160185 0.0416667 0.0462963
0 0.690104 0.239815 0.0197917 0.0833333
1 0.777604 0.219444 0.0739583 0.0759259
1 0.147917 0.197222 0.0520833 0.0796296
