1 0.244271 0.214815 0.0302083 0.037037
0 0.156771 0.312037 0.0135417 0.0537037
1 0.188021 0.190741 0.0197917 0.0333333
1 0.598437 0.238889 0.0427083 0.037037
1 0.304688 0.202778 0.0322917 0.0388889
0 0.0177083 0.42963 0.0208333 0.0888889
1 0.0265625 0.367593 0.053125 0.087037
1 0.653646 0.25 0.053125 0.0481481
1 0.711458 0.262037 0.0666667 0.0574074
1 0.0473958 0.287963 0.034375 0.0648148
1 0.559896 0.227778 0.046875 0.0407407
1 0.224479 0.238889 0.0322917 0.0444444
1 0.840625 0.306481 0.09375 0.0611111
1 0.0369792 0.225926 0.0260417 0.0407407
1 0.923437 0.326852 0.090625 0.0685185
1 0.767187 0.37963 0.117708 0.0925926
1 0.447396 0.377778 0.071875 0.0888889
