0 0.570833 0.0990741 0.0125 0.0462963
1 0.953646 0.128704 0.0322917 0.0388889
0 0.509375 0.0861111 0.0125 0.0537037
1 0.640625 0.0916667 0.0375 0.0388889
1 0.286458 0.226852 0.127083 0.0833333
1 0.918229 0.133333 0.0447917 0.0481481
1 0.867188 0.141667 0.053125 0.0462963
0 0.638542 0.223148 0.0145833 0.087037
0 0.627083 0.225 0.0166667 0.0907407
1 0.161458 0.17963 0.114583 0.0777778
1 0.973437 0.126852 0.053125 0.0462963
1 0.452604 0.0990741 0.0572917 0.0611111
0 0.794792 0.196296 0.0166667 0.0777778
1 0.568229 0.171296 0.078125 0.0833333
0 0.660937 0.218519 0.015625 0.0851852
1 0.185417 0.237963 0.1375 0.109259
1 0.0479167 0.261111 0.0958333 0.0962963
1 0.936458 0.706481 0.127083 0.287037
