0 0.933854 0.559259 0.028125 0.0592593
1 0.788542 0.35463 0.0270833 0.0425926
0 0.178125 0.348148 0.0125 0.0481481
1 0.310937 0.3 0.065625 0.0481481
1 0.482812 0.223148 0.009375 0.0166667
1 0.053125 0.386111 0.0458333 0.0462963
1 0.822396 0.372222 0.0510417 0.0518519
1 0.605208 0.256481 0.0145833 0.0240741
0 0.189583 0.437037 0.0208333 0.062963
0 0.555729 0.256481 0.00729167 0.0314815
1 0.767187 0.341667 0.040625 0.0462963
1 0.328646 0.286111 0.0447917 0.0462963
1 0.295833 0.309259 0.0354167 0.0407407
1 0.942708 0.469444 0.0833333 0.0833333
1 0.113021 0.434259 0.084375 0.0907407
1 0.271354 0.327778 0.0364583 0.0444444
1 0.853646 0.402778 0.0572917 0.0537037
1 0.976042 0.50463 0.0479167 0.0685185
1 0.9 0.426852 0.0791667 0.0833333
1 0.59375 0.285185 0.0229167 0.0333333
1 0.622396 0.731481 0.0989583 0.177778
1 0.986458 0.55463 0.0270833 0.0833333
1 0.0130208 0.534259 0.0260417 0.0833333
1 0.244271 0.34537 0.0427083 0.05
1 0.213021 0.365741 0.0489583 0.0537037
