1 0.691667 0.150926 0.0270833 0.0388889
1 0.741146 0.168519 0.0322917 0.0444444
1 0.672396 0.128704 0.0239583 0.0425926
1 0.449479 0.141667 0.0239583 0.0425926
1 0.627604 0.140741 0.0302083 0.062963
1 0.704167 0.198148 0.0354167 0.0518519
1 0.784896 0.231481 0.040625 0.0518519
1 0.642187 0.186111 0.0322917 0.0648148
1 0.90625 0.277778 0.05625 0.0740741
1 0.828125 0.280556 0.0541667 0.0685185
1 0.660937 0.287037 0.046875 0.0703704
1 0.742708 0.286111 0.0520833 0.0722222
1 0.893229 0.590741 0.111458 0.155556
1 0.680729 0.389815 0.065625 0.105556
1 0.913021 0.414815 0.0864583 0.1
1 0.100521 0.489815 0.0947917 0.116667
1 0.784375 0.841667 0.158333 0.264815
1 0.315104 0.869444 0.169792 0.257407
1 0.219271 0.677778 0.144792 0.255556
