0 0.525521 0.0916667 0.0135417 0.0574074
1 0.977604 0.137963 0.0447917 0.0462963
1 0.992708 0.328704 0.0145833 0.0611111
1 0.170312 0.185185 0.0947917 0.0703704
1 0.880208 0.148148 0.05625 0.0518519
0 0.679167 0.225 0.01875 0.087037
0 0.654167 0.22963 0.0145833 0.0888889
1 0.467708 0.101852 0.0541667 0.0555556
1 0.929167 0.143519 0.0583333 0.0462963
0 0.639583 0.233333 0.01875 0.0962963
1 0.586979 0.176852 0.0802083 0.0796296
0 0.688542 0.224074 0.01875 0.0851852
1 0.199479 0.242593 0.134375 0.103704
1 0.0557292 0.266667 0.111458 0.1
