0 0.846875 0.221296 0.0166667 0.0611111
1 0.929167 0.164815 0.133333 0.0703704
1 0.0463542 0.187963 0.0385417 0.0611111
1 0.857292 0.117593 0.0333333 0.0388889
1 0.482292 0.012037 0.01875 0.0240741
1 0.469271 0.0648148 0.0260417 0.037037
1 0.388542 0.132407 0.0333333 0.0648148
0 0.180729 0.266667 0.015625 0.0814815
1 0.797396 0.0962963 0.034375 0.0481481
1 0.503125 0.0592593 0.025 0.0444444
1 0.825521 0.113889 0.0260417 0.0425926
1 0.863542 0.139815 0.03125 0.0611111
0 0.830208 0.209259 0.0166667 0.0851852
1 0.296875 0.25463 0.0520833 0.0944444
0 0.01875 0.287963 0.0208333 0.0907407
1 0.0880208 0.236111 0.0927083 0.087037
1 0.980729 0.234259 0.0385417 0.101852
1 0.479688 0.215741 0.0510417 0.0833333
1 0.109896 0.281481 0.065625 0.0962963
1 0.889583 0.160185 0.05 0.0759259
1 0.402083 0.246296 0.0604167 0.0814815
1 0.281771 0.350926 0.071875 0.124074
1 0.350521 0.292593 0.0677083 0.0962963
1 0.960417 0.176852 0.0770833 0.0648148
1 0.291667 0.52963 0.127083 0.237037
