0 0.161458 0.525926 0.03125 0.1
1 0.417188 0.0703704 0.0197917 0.0444444
1 0.494271 0.0907407 0.128125 0.177778
1 0.402083 0.0805556 0.03125 0.0425926
1 0.178646 0.282407 0.040625 0.0981481
0 0.253646 0.442593 0.028125 0.114815
1 0.284375 0.131481 0.0395833 0.0703704
1 0.230208 0.226852 0.08125 0.087037
1 0.0328125 0.42963 0.065625 0.111111
0 0.0270833 0.812963 0.05 0.233333
1 0.367188 0.110185 0.040625 0.0537037
1 0.3875 0.0925926 0.03125 0.0481481
0 0.158854 0.617593 0.0322917 0.175926
0 0.0614583 0.761111 0.0458333 0.211111
0 0.0911458 0.719444 0.046875 0.198148
0 0.192708 0.506481 0.0354167 0.168519
0 0.258333 0.387037 0.0291667 0.12963
1 0.772396 0.037037 0.0364583 0.0555556
1 0.135937 0.321296 0.0760417 0.0944444
0 0.125521 0.674074 0.0322917 0.185185
1 0.0833333 0.367593 0.0791667 0.0944444
1 0.335938 0.134259 0.059375 0.0611111
0 0.303646 0.373148 0.0239583 0.112963
1 0.26875 0.2 0.0479167 0.0740741
1 0.764063 0.0833333 0.040625 0.062963
0 0.2375 0.487963 0.0333333 0.157407
1 0.723437 0.899074 0.180208 0.194444
1 0.473437 0.186111 0.0552083 0.0833333
1 0.282292 0.872222 0.220833 0.248148
1 0.548958 0.252778 0.0645833 0.105556
