1 0.677083 0.0944444 0.0291667 0.0259259
1 0.368229 0.100926 0.0322917 0.0314815
0 0.840104 0.252778 0.0177083 0.0722222
1 0.264062 0.124074 0.0447917 0.062963
1 0.402604 0.125 0.028125 0.0388889
1 0.315625 0.0861111 0.0458333 0.0537037
1 0.585417 0.0222222 0.025 0.0259259
1 0.803125 0.0944444 0.0416667 0.0444444
1 0.492188 0.0768519 0.0302083 0.0388889
0 0.928646 0.35 0.0239583 0.103704
0 0.113021 0.433333 0.021875 0.0962963
1 0.422917 0.0907407 0.0354167 0.037037
1 0.45 0.155556 0.0333333 0.062963
0 0.0723958 0.471296 0.028125 0.116667
