0 0.171354 0.362037 0.0114583 0.05
1 0.855729 0.309259 0.040625 0.062963
1 0.641146 0.237037 0.028125 0.037037
0 0.128125 0.409259 0.0125 0.062963
1 0.517708 0.190741 0.0145833 0.0222222
1 0.883854 0.335185 0.0427083 0.0518519
1 0.508333 0.225926 0.0145833 0.0222222
1 0.658854 0.259259 0.0364583 0.062963
0 0.157813 0.378704 0.015625 0.0611111
1 0.525 0.238889 0.0208333 0.0333333
1 0.984896 0.410185 0.0302083 0.0685185
1 0.471354 0.238889 0.021875 0.0296296
1 0.959896 0.385185 0.065625 0.0666667
1 0.589063 0.236111 0.0239583 0.0314815
1 0.917188 0.357407 0.0572917 0.062963
1 0.486458 0.268519 0.0270833 0.0407407
1 0.228125 0.343519 0.0520833 0.0648148
1 0.683854 0.374074 0.053125 0.0777778
1 0.310417 0.699074 0.127083 0.209259
