0 0.275521 0.613889 0.021875 0.0944444
1 0.9625 0.294444 0.075 0.188889
1 0.772396 0.190741 0.0427083 0.0888889
1 0.533854 0.1 0.0177083 0.0296296
0 0.164062 0.917593 0.0427083 0.164815
1 0.345313 0.221296 0.0322917 0.0648148
0 0.230729 0.825926 0.046875 0.185185
0 0.139062 0.977778 0.0322917 0.0444444
0 0.0229167 0.936111 0.0458333 0.109259
1 0.555729 0.119444 0.021875 0.0388889
0 0.197396 0.913889 0.040625 0.164815
1 0.470833 0.244444 0.1 0.0962963
1 0.617708 0.155556 0.03125 0.0481481
1 0.228646 0.322222 0.0510417 0.0814815
1 0.575521 0.17963 0.0302083 0.0666667
1 0.841146 0.215741 0.040625 0.0611111
1 0.585417 0.240741 0.0416667 0.0666667
0 0.341667 0.544444 0.025 0.140741
1 0.372396 0.243519 0.040625 0.0611111
0 0.307292 0.65 0.03125 0.177778
1 0.206771 0.356481 0.0739583 0.0907407
1 0.0635417 0.513889 0.0895833 0.131481
1 0.165104 0.403704 0.0802083 0.111111
1 0.922917 0.357407 0.0854167 0.0851852
1 0.1125 0.45463 0.09375 0.124074
1 0.629687 0.540741 0.101042 0.17037
1 0.931771 0.441667 0.0989583 0.124074
1 0.0296875 0.587963 0.059375 0.175926
1 0.850521 0.781482 0.169792 0.277778
