0 0.768229 0.118519 0.0135417 0.0481481
1 0.56875 0.0388889 0.025 0.0481481
1 0.814583 0.12037 0.0229167 0.0407407
1 0.123438 0.19537 0.0572917 0.0648148
1 0.445833 0.0824074 0.03125 0.0537037
1 0.788542 0.105556 0.0354167 0.0555556
0 0.252083 0.201852 0.0125 0.0703704
1 0.426562 0.125 0.0322917 0.0537037
1 0.546875 0.0953704 0.03125 0.05
0 0.949479 0.297222 0.0135417 0.0685185
1 0.851042 0.141667 0.03125 0.0611111
1 0.485417 0.0740741 0.025 0.0407407
0 0.965104 0.30463 0.021875 0.087037
0 0.992708 0.402778 0.0145833 0.146296
1 0.034375 0.190741 0.0395833 0.0666667
1 0.480729 0.118519 0.034375 0.0518519
1 0.973958 0.238889 0.0520833 0.0925926
0 0.979167 0.405556 0.0291667 0.151852
0 0.815625 0.218519 0.01875 0.0925926
1 0.390104 0.217593 0.0552083 0.0907407
1 0.470833 0.180556 0.0416667 0.0648148
1 0.876042 0.164815 0.05 0.0740741
1 0.951042 0.183333 0.0854167 0.062963
1 0.442708 0.326852 0.0666667 0.109259
1 0.18125 0.25 0.10625 0.0777778
1 0.3125 0.836111 0.202083 0.316667
1 0.257812 0.581481 0.121875 0.196296
