0 0.676562 0.228704 0.0135417 0.0685185
1 0.958333 0.302778 0.08125 0.0722222
1 0.296875 0.0462963 0.0270833 0.0333333
0 0.622917 0.232407 0.0166667 0.0425926
1 0.860417 0.162037 0.0416667 0.0425926
0 0.0348958 0.422222 0.0322917 0.118519
0 0.858333 0.272222 0.0229167 0.0851852
1 0.0916667 0.0564815 0.0229167 0.0351852
0 0.695312 0.246296 0.0177083 0.0851852
1 0.804167 0.15 0.0458333 0.0407407
1 0.782292 0.221296 0.0729167 0.0759259
1 0.329167 0.153704 0.0541667 0.0592593
1 0.285937 0.414815 0.115625 0.166667
1 0.542188 0.341667 0.121875 0.124074
