1 0.552083 0.143519 0.0270833 0.0388889
0 0.172917 0.359259 0.0145833 0.0518519
1 0.594271 0.17037 0.0177083 0.0222222
0 0.0661458 0.394444 0.015625 0.0666667
0 0.134375 0.406481 0.0208333 0.0685185
1 0.686458 0.236111 0.0208333 0.0314815
1 0.0838542 0.631481 0.0927083 0.114815
1 0.00677083 0.87037 0.0135417 0.107407
1 0.825 0.283333 0.03125 0.0481481
1 0.330208 0.269444 0.0229167 0.0388889
1 0.572396 0.175926 0.0177083 0.0296296
1 0.647396 0.226852 0.0197917 0.0277778
1 0.615104 0.185185 0.021875 0.0259259
1 0.858333 0.309259 0.0416667 0.062963
1 0.959896 0.385185 0.059375 0.0703704
1 0.886458 0.333333 0.04375 0.0555556
1 0.985937 0.405556 0.028125 0.0703704
1 0.582812 0.236111 0.0197917 0.0314815
1 0.614062 0.234259 0.0260417 0.0388889
1 0.920833 0.356481 0.0583333 0.0648148
0 0.0671875 0.487963 0.021875 0.087037
1 0.230729 0.340741 0.0552083 0.062963
1 0.432292 0.575926 0.0895833 0.151852
