1 0.858333 0.173148 0.04375 0.0314815
0 0.329167 0.349074 0.0145833 0.0574074
1 0.639583 0.256481 0.0354167 0.0388889
1 0.669792 0.24537 0.0395833 0.0351852
1 0.60625 0.267593 0.0416667 0.0388889
1 0.748958 0.384259 0.0729167 0.0833333
1 0.407292 0.337963 0.075 0.0722222
1 0.569271 0.283333 0.0447917 0.0444444
0 0.0130208 0.42037 0.015625 0.062963
1 0.168229 0.390741 0.059375 0.0592593
1 0.956771 0.22963 0.0239583 0.037037
1 0.918229 0.274074 0.0322917 0.0444444
1 0.527604 0.299074 0.0510417 0.0462963
1 0.853646 0.355556 0.0510417 0.0814815
1 0.932813 0.349074 0.046875 0.0648148
1 0.654167 0.311111 0.0520833 0.062963
1 0.260417 0.408333 0.09375 0.0796296
1 0.0703125 0.572222 0.140625 0.133333
1 0.579687 0.710185 0.165625 0.198148
