0 0.554167 0.172222 0.0145833 0.062963
1 0.329167 0.0842593 0.0479167 0.0388889
0 0.594271 0.200926 0.0135417 0.0796296
1 0.594792 0.0759259 0.0583333 0.0407407
0 0.614062 0.20463 0.0114583 0.0722222
1 0.175521 0.0787037 0.0302083 0.0277778
0 0.716146 0.243519 0.0177083 0.087037
0 0.680729 0.235185 0.0135417 0.0777778
1 0.304167 0.0537037 0.0291667 0.0296296
0 0.634375 0.211111 0.0166667 0.0777778
1 0.9625 0.291667 0.075 0.0537037
1 0.0369792 0.0425926 0.0260417 0.0407407
0 0.702083 0.24537 0.01875 0.0833333
0 0.9375 0.330556 0.025 0.087037
1 0.969271 0.458333 0.0614583 0.142593
1 0.102083 0.0611111 0.025 0.0296296
1 0.230208 0.112037 0.0395833 0.0574074
1 0.810417 0.153704 0.0458333 0.0444444
1 0.121354 0.138889 0.040625 0.062963
1 0.790625 0.223148 0.075 0.0759259
1 0.382812 0.390741 0.119792 0.151852
1 0.731771 0.405556 0.176042 0.148148
