1 0.791667 0.189815 0.0375 0.05
1 0.609896 0.126852 0.021875 0.0425926
1 0.473958 0.192593 0.025 0.0481481
1 0.034375 0.0518519 0.0604167 0.0444444
1 0.488542 0.163889 0.0229167 0.0351852
1 0.530208 0.164815 0.0270833 0.0333333
1 0.7375 0.183333 0.0291667 0.0444444
1 0.453125 0.22037 0.0416667 0.0962963
1 0.35625 0.212037 0.0333333 0.05
1 0.291146 0.286111 0.0489583 0.0722222
1 0.401563 0.215741 0.034375 0.05
1 0.515104 0.227778 0.034375 0.0555556
1 0.623438 0.20463 0.0322917 0.0462963
1 0.983854 0.405556 0.0322917 0.0851852
1 0.685938 0.202778 0.034375 0.0462963
1 0.373437 0.263889 0.0427083 0.0574074
1 0.828646 0.273148 0.0552083 0.0722222
1 0.642187 0.259259 0.0385417 0.0555556
1 0.71875 0.266667 0.05 0.0666667
1 0.497917 0.287037 0.0416667 0.0666667
1 0.695833 0.49537 0.0791667 0.12037
1 0.89375 0.396296 0.075 0.0888889
1 0.955208 0.508333 0.0854167 0.116667
1 0.357292 0.440741 0.0729167 0.107407
