0 0.0442708 0.502778 0.0177083 0.0685185
1 0.5 0.0231481 0.0229167 0.0388889
1 0.0625 0.278704 0.05 0.0685185
1 0.263542 0.187963 0.03125 0.05
1 0.248958 0.197222 0.04375 0.0611111
1 0.28125 0.172222 0.0291667 0.0444444
1 0.645312 0.0537037 0.0177083 0.0333333
1 0.29375 0.162963 0.0270833 0.0444444
1 0.855729 0.15 0.0552083 0.0592593
1 0.949479 0.153704 0.071875 0.062963
1 0.939062 0.199074 0.0614583 0.0648148
0 0.308854 0.191667 0.0135417 0.0574074
1 0.275 0.180556 0.0270833 0.05
1 0.971354 0.219444 0.0572917 0.0685185
1 0.613542 0.0824074 0.0208333 0.0314815
1 0.236979 0.208333 0.0427083 0.0574074
0 0.595312 0.197222 0.0177083 0.0648148
1 0.571875 0.0833333 0.0229167 0.037037
1 0.0640625 0.35463 0.034375 0.0796296
1 0.594792 0.0648148 0.0208333 0.0333333
0 0.078125 0.482407 0.0270833 0.135185
1 0.640625 0.110185 0.0229167 0.0388889
0 0.1625 0.400926 0.025 0.101852
1 0.64375 0.174074 0.0375 0.0592593
0 0.0552083 0.539815 0.0333333 0.142593
1 0.15625 0.215741 0.0479167 0.0648148
1 0.0916667 0.322222 0.06875 0.0851852
1 0.126563 0.290741 0.0510417 0.0740741
1 0.959896 0.934259 0.0802083 0.12037
1 0.203646 0.225 0.0572917 0.0611111
1 0.710417 0.275 0.05625 0.0833333
1 0.696354 0.686111 0.132292 0.205556
