0 0.539583 0.189815 0.0145833 0.05
1 0.754167 0.123148 0.0395833 0.0462963
0 0.492708 0.184259 0.0166667 0.0685185
1 0.229687 0.138889 0.0302083 0.0333333
1 0.875 0.123148 0.0604167 0.0574074
1 0.384375 0.12963 0.0395833 0.0407407
1 0.561458 0.152778 0.0625 0.0611111
1 0.519792 0.0777778 0.05625 0.0407407
1 0.833854 0.123148 0.0552083 0.0648148
1 0.903646 0.218519 0.0864583 0.0592593
1 0.428646 0.135185 0.053125 0.0407407
0 0.500521 0.189815 0.0114583 0.0685185
0 0.590104 0.20463 0.021875 0.0833333
1 0.607292 0.166667 0.0458333 0.0518519
1 0.0317708 0.166667 0.021875 0.0407407
1 0.984375 0.125926 0.03125 0.0814815
0 0.675521 0.233333 0.0135417 0.0740741
0 0.642708 0.224074 0.01875 0.0851852
1 0.0536458 0.190741 0.0302083 0.0444444
1 0.183333 0.160185 0.03125 0.0388889
1 0.622917 0.916667 0.252083 0.159259
1 0.104687 0.230556 0.0385417 0.0537037
1 0.040625 0.267593 0.0479167 0.0722222
1 0.763021 0.197222 0.0864583 0.0722222
1 0.372917 0.275 0.0916667 0.087037
