0 0.173958 0.351852 0.0166667 0.062963
1 0.8875 0.330556 0.0458333 0.05
1 0.631771 0.22963 0.028125 0.0333333
1 0.642708 0.232407 0.03125 0.0388889
1 0.327604 0.27037 0.028125 0.0407407
0 0.134375 0.412037 0.0145833 0.0574074
0 0.280729 0.318519 0.0114583 0.0518519
0 0.872917 0.387037 0.01875 0.0555556
1 0.985417 0.407407 0.0291667 0.0703704
1 0.958854 0.384259 0.059375 0.0648148
1 0.674479 0.24537 0.0260417 0.0351852
1 0.601042 0.215741 0.0208333 0.0314815
1 0.917708 0.35463 0.0583333 0.0611111
1 0.227604 0.340741 0.0552083 0.062963
1 0.503646 0.318519 0.0364583 0.062963
1 0.628646 0.425 0.0489583 0.0981481
1 0.227083 0.569444 0.10625 0.142593
