1 0.220313 0.22963 0.0552083 0.0962963
1 0.395312 0.266667 0.190625 0.214815
1 0.245833 0.275 0.04375 0.0685185
1 0.517187 0.285185 0.0822917 0.107407
1 0.298958 0.307407 0.0770833 0.107407
1 0.654688 0.236111 0.107292 0.0944444
1 0.854167 0.305556 0.139583 0.125926
1 0.950521 0.507407 0.0989583 0.174074
1 0.627604 0.34537 0.123958 0.12037
1 0.963542 0.671296 0.0708333 0.153704
1 0.832292 0.532407 0.177083 0.216667
1 0.776042 0.416667 0.158333 0.133333
1 0.358854 0.361111 0.0760417 0.103704
1 0.647917 0.457407 0.16875 0.148148
1 0.590104 0.536111 0.159375 0.17963
1 0.433854 0.422222 0.113542 0.133333
1 0.826042 0.707407 0.277083 0.344444
