1 0.377083 0.0574074 0.0416667 0.0444444
1 0.307813 0.0768519 0.0427083 0.0574074
1 0.343229 0.0888889 0.0635417 0.0481481
0 0.485417 0.426852 0.0354167 0.0611111
0 0.34375 0.422222 0.0270833 0.166667
0 0.326042 0.494444 0.0270833 0.148148
1 0.983854 0.0296296 0.0322917 0.0444444
1 0.685938 0.0287037 0.0302083 0.0388889
0 0.891667 0.102778 0.0166667 0.0833333
1 0.94375 0.0314815 0.04375 0.0444444
1 0.513542 0.0185185 0.0229167 0.037037
1 0.477604 0.0740741 0.0572917 0.0407407
1 0.263542 0.185185 0.0604167 0.0703704
0 0.113021 0.44537 0.040625 0.116667
1 0.9875 0.0935185 0.025 0.0462963
1 0.227604 0.228704 0.059375 0.0833333
1 0.29375 0.157407 0.0479167 0.0703704
0 0.310417 0.578704 0.0375 0.190741
1 0.967188 0.0777778 0.0552083 0.0518519
1 0.193229 0.268519 0.071875 0.0851852
1 0.0354167 0.503704 0.0708333 0.185185
1 0.145833 0.325926 0.1 0.122222
1 0.735937 0.367593 0.0947917 0.157407
1 0.580208 0.177778 0.0583333 0.0851852
1 0.656771 0.527778 0.109375 0.211111
