1 0.984375 0.062963 0.03125 0.0296296
1 0.330729 0.22963 0.134375 0.0740741
1 0.116667 0.908333 0.229167 0.168519
1 0.875521 0.146296 0.065625 0.0481481
1 0.161979 0.186111 0.113542 0.0685185
0 0.641667 0.226852 0.0145833 0.0944444
1 0.455729 0.0990741 0.053125 0.0611111
1 0.570312 0.174074 0.0739583 0.0777778
0 0.63125 0.22963 0.0208333 0.0962963
0 0.742708 0.213889 0.0145833 0.0722222
1 0.0479167 0.27037 0.0958333 0.111111
0 0.661979 0.223148 0.015625 0.0833333
1 0.185937 0.238889 0.136458 0.103704
1 0.970312 0.285185 0.059375 0.0925926
1 0.526042 0.394444 0.19375 0.174074
