1 0.853125 0.0148148 0.025 0.0296296
1 0.306771 0.112963 0.0447917 0.062963
0 0.23125 0.27037 0.0208333 0.0962963
0 0.0640625 0.278704 0.0239583 0.087037
0 0.0453125 0.571296 0.034375 0.087037
1 0.36875 0.0416667 0.0333333 0.0425926
0 0.164583 0.360185 0.0270833 0.116667
0 0.483854 0.447222 0.0447917 0.0759259
1 0.300521 0.0592593 0.0447917 0.0518519
1 0.982813 0.0148148 0.034375 0.0296296
0 0.297396 0.535185 0.034375 0.166667
1 0.347917 0.0805556 0.0729167 0.05
1 0.879167 0.0212963 0.0458333 0.0425926
1 0.440625 0.012037 0.025 0.0240741
1 0.290625 0.137963 0.0479167 0.0685185
0 0.31875 0.462963 0.03125 0.137037
1 0.941146 0.0175926 0.0427083 0.0351852
0 0.121354 0.446296 0.040625 0.122222
1 0.986458 0.0731481 0.0270833 0.0537037
1 0.260417 0.172222 0.0604167 0.0777778
1 0.224479 0.208333 0.0635417 0.0759259
1 0.964583 0.0574074 0.05625 0.0555556
1 0.194792 0.259259 0.0729167 0.103704
1 0.0328125 0.486111 0.065625 0.187037
1 0.141146 0.310185 0.096875 0.124074
