0 0.479167 0.693519 0.0458333 0.087037
1 0.331771 0.168519 0.0385417 0.0592593
1 0.238021 0.181481 0.040625 0.062963
1 0.353125 0.141667 0.0395833 0.0611111
1 0.240104 0.260185 0.0510417 0.0796296
0 0.0380208 0.360185 0.0322917 0.12037
0 0.201042 0.85 0.04375 0.133333
0 0.201562 0.948148 0.0552083 0.1
1 0.696354 0.0342593 0.028125 0.0425926
1 0.671354 0.0175926 0.0239583 0.0314815
1 0.219792 0.294444 0.0729167 0.0962963
0 0.228646 0.749074 0.0364583 0.209259
0 0.271354 0.718518 0.0322917 0.177778
1 0.713542 0.0648148 0.025 0.0407407
1 0.834896 0.125 0.046875 0.0611111
0 0.114583 0.90463 0.0520833 0.164815
0 0.298958 0.577778 0.0333333 0.2
1 0.733854 0.0777778 0.034375 0.0592593
1 0.0755208 0.455556 0.090625 0.133333
1 0.821875 0.162037 0.0520833 0.0722222
1 0.0364583 0.526852 0.0729167 0.17963
1 0.758333 0.165741 0.0520833 0.0722222
1 0.127083 0.393519 0.0895833 0.127778
1 0.177083 0.339815 0.08125 0.109259
1 0.960938 0.300926 0.078125 0.105556
1 0.723958 0.880556 0.18125 0.235185
