1 0.829167 0.286111 0.03125 0.0425926
0 0.120312 0.386111 0.015625 0.0648148
1 0.865104 0.32037 0.040625 0.0518519
0 0.177083 0.362963 0.0145833 0.0518519
0 0.143229 0.40463 0.015625 0.0685185
1 0.567708 0.165741 0.01875 0.0314815
1 0.891667 0.337037 0.0458333 0.0518519
1 0.527604 0.193519 0.021875 0.0277778
1 0.332292 0.274074 0.025 0.037037
1 0.653646 0.228704 0.021875 0.0277778
1 0.0348958 0.447222 0.0697917 0.0944444
1 0.00989583 0.886111 0.0197917 0.131481
1 0.508333 0.199074 0.0145833 0.0240741
1 0.968229 0.384259 0.0635417 0.0759259
0 0.0291667 0.563889 0.0333333 0.105556
1 0.235417 0.34537 0.05625 0.0648148
1 0.926042 0.358333 0.05625 0.0611111
