1 0.100521 0.117593 0.0260417 0.0425926
1 0.0609375 0.134259 0.040625 0.0611111
1 0.172396 0.127778 0.0364583 0.0481481
1 0.120312 0.152778 0.034375 0.0537037
1 0.491667 0.138889 0.05625 0.062963
1 0.259896 0.206481 0.053125 0.0648148
1 0.607813 0.274074 0.084375 0.0703704
1 0.575521 0.212963 0.0822917 0.0777778
1 0.247917 0.273148 0.06875 0.0981481
1 0.0411458 0.260185 0.0510417 0.0833333
1 0.0916667 0.424074 0.0770833 0.12963
1 0.832812 0.276852 0.113542 0.101852
1 0.408854 0.476852 0.119792 0.175926
1 0.461458 0.834259 0.208333 0.312963
