1 0.85625 0.175926 0.0333333 0.0296296
1 0.947396 0.171296 0.0135417 0.0203704
1 0.928646 0.183333 0.0135417 0.0222222
1 0.671875 0.247222 0.0375 0.0425926
1 0.642708 0.259259 0.0333333 0.0407407
1 0.416146 0.341667 0.065625 0.0685185
1 0.610417 0.273148 0.0395833 0.0425926
1 0.986979 0.237037 0.0260417 0.0444444
1 0.572917 0.286111 0.0458333 0.0462963
1 0.53125 0.300926 0.05 0.0462963
1 0.35625 0.374074 0.075 0.0777778
1 0.954167 0.298148 0.0375 0.0592593
1 0.174479 0.398148 0.059375 0.062963
1 0.266667 0.412963 0.09375 0.0777778
