1 0.580729 0.114815 0.0322917 0.0444444
1 0.154687 0.283333 0.015625 0.0777778
0 0.0786458 0.241667 0.0197917 0.0574074
1 0.594792 0.0509259 0.01875 0.0314815
1 0.5 0.0787037 0.0229167 0.0351852
1 0.857813 0.135185 0.0572917 0.0555556
0 0.911979 0.227778 0.0197917 0.062963
1 0.2375 0.188889 0.0354167 0.0518519
1 0.631771 0.10463 0.0489583 0.109259
1 0.290104 0.150926 0.0302083 0.0462963
1 0.464063 0.102778 0.0260417 0.0425926
1 0.941667 0.184259 0.0645833 0.0648148
1 0.953646 0.137037 0.0802083 0.0592593
1 0.673958 0.112037 0.03125 0.0462963
1 0.533333 0.0898148 0.0229167 0.0351852
1 0.265104 0.174074 0.0364583 0.0555556
1 0.403646 0.224074 0.0614583 0.125926
1 0.990625 0.232407 0.01875 0.0425926
1 0.157292 0.200926 0.0479167 0.0648148
0 0.174479 0.264815 0.0135417 0.0555556
0 0.0484375 0.517593 0.0197917 0.138889
1 0.584896 0.148148 0.040625 0.062963
1 0.204688 0.208333 0.0572917 0.0648148
1 0.125521 0.274074 0.0489583 0.0740741
1 0.519792 0.12037 0.0270833 0.0407407
1 0.426562 0.156481 0.034375 0.05
0 0.0651042 0.526852 0.0260417 0.131481
1 0.469792 0.164815 0.0375 0.0555556
1 0.065625 0.338889 0.0333333 0.0777778
0 0.988021 0.344444 0.0239583 0.151852
1 0.735937 0.313889 0.0802083 0.116667
1 0.334896 0.230556 0.0489583 0.0759259
0 0.155208 0.283333 0.0166667 0.0814815
1 0.655729 0.164815 0.040625 0.062963
1 0.721875 0.249074 0.0625 0.0796296
1 0.0932292 0.305556 0.0677083 0.0851852
1 0.971875 0.205556 0.05625 0.0666667
0 0.240625 0.344444 0.01875 0.0925926
0 0.0791667 0.462037 0.0291667 0.131481
1 0.493229 0.257407 0.059375 0.103704
1 0.471875 0.47963 0.0895833 0.166667
1 0.822917 0.508333 0.114583 0.157407
