0 0.726562 0.460185 0.015625 0.0574074
0 0.0317708 0.532407 0.0239583 0.0574074
0 0.719271 0.462037 0.015625 0.0574074
0 0.646875 0.463889 0.0104167 0.0574074
0 0.667188 0.465741 0.015625 0.0648148
0 0.773438 0.468519 0.0135417 0.0666667
0 0.695833 0.462963 0.0125 0.0592593
1 0.249479 0.500926 0.101042 0.0722222
1 0.0677083 0.960185 0.135417 0.0759259
1 0.875521 0.490741 0.065625 0.0592593
1 0.090625 0.525926 0.075 0.0814815
1 0.277604 0.893519 0.190625 0.161111
1 0.13125 0.737963 0.166667 0.127778
1 0.548958 0.883333 0.1625 0.151852
1 0.929167 0.874074 0.125 0.148148
