1 0.0348958 0.314815 0.0697917 0.111111
0 0.352604 0.430556 0.0260417 0.135185
1 0.758333 0.0833333 0.0354167 0.0481481
0 0.302604 0.517593 0.0302083 0.101852
0 0.349479 0.473148 0.034375 0.12037
1 0.320833 0.165741 0.04375 0.0648148
1 0.30625 0.182407 0.05 0.0722222
1 0.572917 0.0703704 0.025 0.0407407
1 0.489062 0.118519 0.0510417 0.0555556
1 0.638542 0.121296 0.0458333 0.0907407
1 0.723958 0.139815 0.0458333 0.0759259
0 0.899479 0.141667 0.0197917 0.0722222
0 0.223438 0.347222 0.0239583 0.109259
1 0.976042 0.125 0.0479167 0.0574074
1 0.275521 0.219444 0.0572917 0.0796296
1 0.443229 0.142593 0.084375 0.0592593
0 0.127083 0.472222 0.0375 0.114815
1 0.040625 0.499074 0.08125 0.135185
1 0.20625 0.293519 0.0666667 0.0833333
1 0.561458 0.169444 0.04375 0.0722222
1 0.80625 0.149074 0.05 0.0722222
0 0.333854 0.512963 0.028125 0.137037
1 0.241667 0.257407 0.0645833 0.0888889
0 0.302604 0.642593 0.0385417 0.222222
1 0.593229 0.225926 0.0572917 0.0925926
1 0.692187 0.25463 0.0614583 0.0944444
1 0.155208 0.350926 0.09375 0.127778
1 0.967188 0.328704 0.065625 0.116667
1 0.849479 0.301852 0.084375 0.114815
1 0.649479 0.652778 0.130208 0.264815
