1 0.0869792 0.10463 0.0197917 0.0277778
0 0.7375 0.248148 0.0395833 0.0851852
1 0.529167 0.15 0.0354167 0.0555556
1 0.292708 0.106481 0.0291667 0.0351852
1 0.589583 0.162963 0.0354167 0.0518519
0 0.609375 0.213889 0.0166667 0.0759259
1 0.971354 0.132407 0.0552083 0.0759259
0 0.571354 0.197222 0.0177083 0.0796296
1 0.742188 0.193519 0.084375 0.0648148
0 0.517708 0.181481 0.0145833 0.062963
1 0.00625 0.137963 0.0125 0.0314815
1 0.890104 0.238889 0.113542 0.0814815
1 0.0578125 0.155556 0.0302083 0.0407407
0 0.628125 0.219444 0.01875 0.0796296
1 0.134375 0.14537 0.03125 0.0351852
0 0.75625 0.258333 0.01875 0.0981481
0 0.726562 0.246296 0.015625 0.0777778
1 0.242188 0.17037 0.046875 0.0555556
1 0.124479 0.261111 0.0572917 0.0740741
1 0.180729 0.391667 0.0885417 0.124074
1 0.381771 0.230556 0.0677083 0.0685185
1 0.723437 0.37963 0.182292 0.111111
1 0.770312 0.518519 0.255208 0.2
1 0.726562 0.743519 0.288542 0.32037
