1 0.009375 0.287037 0.01875 0.0703704
0 0.994792 0.457407 0.0104167 0.122222
1 0.547917 0.0712963 0.0208333 0.0388889
1 0.859375 0.175 0.0333333 0.0388889
1 0.492188 0.176852 0.034375 0.0611111
1 0.498958 0.112037 0.0270833 0.0425926
1 0.579167 0.0916667 0.0208333 0.0314815
0 0.977083 0.353704 0.0270833 0.0925926
1 0.860937 0.199074 0.028125 0.0611111
1 0.557813 0.143519 0.028125 0.0425926
1 0.401042 0.221296 0.0354167 0.0685185
1 0.133854 0.243519 0.0572917 0.0611111
1 0.795833 0.151852 0.0354167 0.0481481
0 0.842188 0.268519 0.0177083 0.0814815
0 0.826563 0.264815 0.0177083 0.0814815
1 0.45625 0.146296 0.0291667 0.0481481
0 0.0119792 0.389815 0.0239583 0.0833333
1 0.436979 0.185185 0.0322917 0.0555556
1 0.478646 0.237963 0.0427083 0.0648148
1 0.980208 0.27963 0.0395833 0.0888889
1 0.0458333 0.241667 0.0416667 0.0648148
1 0.885938 0.211111 0.0489583 0.0777778
1 0.310417 0.258333 0.05625 0.0722222
1 0.379167 0.250926 0.0479167 0.0833333
1 0.471354 0.302778 0.053125 0.0833333
1 0.0802083 0.937037 0.158333 0.118519
1 0.958333 0.22963 0.0791667 0.062963
1 0.373437 0.353704 0.0697917 0.107407
1 0.280729 0.487037 0.090625 0.148148
