0 0.00885417 0.231481 0.0177083 0.0740741
0 0.892708 0.202778 0.01875 0.0388889
1 0.609896 0.115741 0.0364583 0.0314815
1 0.00416667 0.0574074 0.00833333 0.0259259
0 0.794271 0.177778 0.0177083 0.0555556
1 0.0677083 0.0175926 0.01875 0.0314815
1 0.410937 0.940741 0.0989583 0.114815
0 0.704687 0.118519 0.0135417 0.0518519
0 0.395312 0.889815 0.0760417 0.168519
1 0.558854 0.142593 0.0677083 0.062963
0 0.0953125 0.89537 0.065625 0.187037
1 0.136458 0.157407 0.05 0.0666667
1 0.914062 0.255556 0.134375 0.0740741
1 0.314583 0.215741 0.08125 0.101852
1 0.219792 0.225 0.0729167 0.0944444
1 0.684896 0.658333 0.267708 0.309259
