1 0.888021 0.0657407 0.0177083 0.0240741
1 0.747396 0.0611111 0.0197917 0.037037
1 0.773438 0.0657407 0.0239583 0.0351852
1 0.698438 0.146296 0.0322917 0.0407407
1 0.95 0.0490741 0.0166667 0.0277778
1 0.870833 0.0990741 0.0229167 0.0314815
1 0.65 0.111111 0.0291667 0.0333333
1 0.696354 0.0962963 0.0260417 0.037037
1 0.819271 0.124074 0.0260417 0.037037
1 0.945833 0.10463 0.0229167 0.0388889
1 0.958333 0.187963 0.0375 0.0611111
1 0.792188 0.182407 0.040625 0.0537037
1 0.969792 0.497222 0.0604167 0.131481
1 0.889583 0.274074 0.0479167 0.0740741
1 0.434896 0.307407 0.0822917 0.0740741
1 0.317187 0.450926 0.138542 0.168519
1 0.454167 0.242593 0.0541667 0.0555556
