1 0.532812 0.114815 0.040625 0.0407407
1 0.151042 0.155556 0.0270833 0.0259259
0 0.628646 0.242593 0.0197917 0.0740741
0 0.649479 0.25 0.0135417 0.0703704
0 0.451562 0.20463 0.0135417 0.0648148
1 0.122396 0.162037 0.0239583 0.0277778
1 0.975521 0.15463 0.0489583 0.0833333
1 0.0963542 0.152778 0.021875 0.0277778
1 0.894271 0.253704 0.107292 0.0777778
1 0.00729167 0.19537 0.0145833 0.0648148
1 0.413542 0.160185 0.05 0.0388889
1 0.590104 0.193519 0.0489583 0.0537037
1 0.504167 0.105556 0.0541667 0.0444444
0 0.660417 0.256481 0.0145833 0.0759259
1 0.0375 0.207407 0.025 0.037037
1 0.0208333 0.174074 0.0291667 0.0444444
1 0.084375 0.206481 0.0291667 0.0462963
1 0.151042 0.262037 0.04375 0.0611111
1 0.317187 0.222222 0.0572917 0.062963
1 0.0526042 0.237963 0.0322917 0.0425926
1 0.748438 0.225 0.0885417 0.0722222
1 0.244271 0.201852 0.046875 0.0518519
1 0.124479 0.324074 0.0552083 0.0814815
1 0.296875 0.271296 0.0625 0.0685185
1 0.653646 0.380556 0.148958 0.127778
