0 0.252604 0.314815 0.021875 0.0925926
1 0.315625 0.158333 0.0375 0.0611111
1 0.561458 0.0851852 0.0270833 0.0555556
1 0.0338542 0.314815 0.0677083 0.107407
1 0.55625 0.0259259 0.01875 0.037037
1 0.667188 0.0268519 0.0197917 0.0425926
1 0.563542 0.115741 0.03125 0.0648148
1 0.888542 0.0694444 0.0416667 0.0462963
1 0.0130208 0.556481 0.0260417 0.127778
1 0.3 0.185185 0.05 0.0666667
1 0.596875 0.0527778 0.025 0.0388889
0 0.35 0.44537 0.0291667 0.175926
1 0.466146 0.131481 0.0885417 0.0703704
1 0.763021 0.0851852 0.0385417 0.0518519
0 0.208333 0.453704 0.025 0.107407
1 0.9875 0.062037 0.025 0.0425926
1 0.269271 0.22037 0.0552083 0.0814815
0 0.306771 0.602778 0.0510417 0.209259
1 0.948958 0.0657407 0.0416667 0.0462963
1 0.672917 0.20463 0.0625 0.105556
1 0.235417 0.257407 0.0625 0.0851852
1 0.197917 0.302778 0.0666667 0.0981481
0 0.329167 0.513889 0.0270833 0.142593
0 0.89375 0.131481 0.01875 0.0777778
1 0.580729 0.159259 0.040625 0.0666667
1 0.0390625 0.523148 0.0760417 0.183333
1 0.972396 0.109259 0.053125 0.0518519
1 0.151562 0.35463 0.0947917 0.127778
1 0.596354 0.246296 0.059375 0.0962963
1 0.734375 0.374074 0.0916667 0.155556
