0 0.979688 0.087037 0.0177083 0.0851852
0 0.902604 0.0314815 0.015625 0.062963
0 0.00989583 0.335185 0.0197917 0.103704
0 0.0130208 0.292593 0.0239583 0.122222
0 0.925 0.0592593 0.01875 0.1
0 0.989062 0.087963 0.021875 0.101852
0 0.106771 0.167593 0.0197917 0.101852
0 0.957812 0.0601852 0.015625 0.0981481
0 0.0291667 0.250926 0.0270833 0.146296
1 0.480729 0.075 0.0614583 0.142593
0 0.941667 0.0666667 0.0208333 0.114815
1 0.404687 0.0342593 0.053125 0.0685185
1 0.903125 0.463889 0.189583 0.238889
1 0.347396 0.42037 0.153125 0.259259
1 0.06875 0.763889 0.1375 0.357407
