1 0.670833 0.191667 0.025 0.0277778
1 0.594792 0.166667 0.01875 0.0259259
1 0.00729167 0.87037 0.0145833 0.107407
1 0.429167 0.283333 0.0270833 0.0444444
1 0.328125 0.267593 0.03125 0.0388889
1 0.86875 0.317593 0.0541667 0.0574074
1 0.823438 0.282407 0.0302083 0.0462963
1 0.570312 0.172222 0.0197917 0.0333333
1 0.0817708 0.62963 0.096875 0.114815
1 0.685938 0.236111 0.021875 0.0351852
1 0.614583 0.181481 0.0208333 0.0296296
1 0.857813 0.305556 0.0385417 0.062963
1 0.647396 0.224074 0.0197917 0.0259259
1 0.884896 0.328704 0.0427083 0.0537037
1 0.986458 0.402778 0.0270833 0.0685185
1 0.960417 0.385185 0.0604167 0.0666667
1 0.583333 0.237963 0.0208333 0.0314815
1 0.617708 0.239815 0.0291667 0.0425926
0 0.078125 0.478704 0.0208333 0.0833333
1 0.23125 0.339815 0.0541667 0.0611111
1 0.920313 0.35463 0.0572917 0.0648148
1 0.4625 0.475 0.06875 0.112963
