1 0.816667 0.062963 0.0125 0.0222222
1 0.00989583 0.10463 0.0197917 0.0277778
1 0.771875 0.102778 0.0208333 0.0240741
1 0.0776042 0.0962963 0.0864583 0.0407407
1 0.76875 0.350926 0.06875 0.12037
1 0.866146 0.113889 0.0177083 0.0277778
1 0.832812 0.153704 0.0302083 0.0518519
1 0.736979 0.135185 0.0260417 0.0333333
1 0.907292 0.10463 0.0166667 0.0277778
1 0.640625 0.155556 0.0333333 0.0333333
1 0.971875 0.185185 0.0270833 0.0407407
1 0.916146 0.157407 0.028125 0.0444444
1 0.603125 0.275926 0.0583333 0.0703704
1 0.888542 0.338889 0.0583333 0.0814815
1 0.352604 0.310185 0.065625 0.0833333
1 0.472917 0.324074 0.0791667 0.0777778
1 0.285937 0.884259 0.228125 0.224074
1 0.0515625 0.567593 0.101042 0.127778
