1 0.966146 0.222222 0.021875 0.0333333
0 0.169792 0.398148 0.05625 0.062963
1 0.971354 0.20463 0.0239583 0.0351852
0 0.00833333 0.540741 0.0166667 0.137037
0 0.168229 0.462037 0.028125 0.0685185
1 0.670833 0.250926 0.04375 0.0425926
0 0.0151042 0.397222 0.0135417 0.0537037
1 0.639583 0.261111 0.0375 0.037037
1 0.919792 0.196296 0.0166667 0.0222222
1 0.607292 0.274074 0.0416667 0.0407407
1 0.902604 0.300926 0.040625 0.0574074
1 0.901563 0.251852 0.028125 0.037037
1 0.569792 0.291667 0.0458333 0.0462963
1 0.939062 0.249074 0.0260417 0.0388889
1 0.408333 0.342593 0.075 0.0740741
1 0.526563 0.303704 0.0489583 0.0444444
1 0.96875 0.263889 0.0333333 0.0462963
1 0.169271 0.396296 0.059375 0.062963
1 0.935417 0.362963 0.05 0.0703704
1 0.836979 0.313889 0.0447917 0.0537037
1 0.227604 0.498148 0.130208 0.111111
1 0.260938 0.409259 0.0927083 0.0703704
1 0.629687 0.535185 0.113542 0.114815
