1 0.0463542 0.0138889 0.0177083 0.0277778
1 0.594271 0.0759259 0.0635417 0.0444444
1 0.0796875 0.0342593 0.0239583 0.0277778
0 0.609896 0.200926 0.0135417 0.0611111
1 0.961458 0.288889 0.0770833 0.0555556
1 0.0260417 0.0203704 0.0270833 0.0407407
0 0.628125 0.231481 0.0166667 0.0444444
1 0.121354 0.0240741 0.0197917 0.0407407
1 0.303646 0.0472222 0.028125 0.0314815
0 0.759896 0.268519 0.0197917 0.0814815
1 0.809375 0.150926 0.0458333 0.0425926
1 0.0760417 0.0648148 0.03125 0.0407407
0 0.702604 0.243519 0.0177083 0.0833333
1 0.866146 0.162037 0.040625 0.0425926
1 0.334896 0.187963 0.0510417 0.0537037
1 0.155208 0.125926 0.0395833 0.0518519
1 0.789583 0.221296 0.0708333 0.0722222
1 0.386458 0.194444 0.0729167 0.0703704
1 0.6625 0.436111 0.170833 0.161111
