1 0.466146 0.0981481 0.0260417 0.0666667
1 0.827083 0.153704 0.0208333 0.037037
0 0.986458 0.305556 0.01875 0.0407407
1 0.447917 0.151852 0.04375 0.0962963
0 0.00364583 0.317593 0.00729167 0.112963
0 0.971354 0.586111 0.0114583 0.05
1 0.553125 0.0712963 0.0208333 0.0314815
1 0.8625 0.174074 0.03125 0.0555556
1 0.801562 0.134259 0.040625 0.05
0 0.84375 0.253704 0.0166667 0.0814815
1 0.979688 0.259259 0.0385417 0.0703704
1 0.3125 0.240741 0.05625 0.0777778
0 0.829687 0.252778 0.0177083 0.0833333
1 0.489583 0.200926 0.04375 0.0796296
1 0.447917 0.246296 0.0479167 0.0814815
1 0.8875 0.19537 0.0520833 0.0796296
1 0.107292 0.275 0.114583 0.0796296
1 0.45625 0.337037 0.0625 0.103704
1 0.371875 0.328704 0.0625 0.101852
1 0.960938 0.214815 0.078125 0.062963
1 0.248958 0.521296 0.104167 0.161111
1 0.415625 0.580556 0.108333 0.194444
1 0.134896 0.835185 0.198958 0.322222
