1 0.939583 0.0972222 0.0479167 0.0425926
1 0.904688 0.116667 0.0385417 0.0518519
1 0.130208 0.160185 0.120833 0.0796296
1 0.0223958 0.211111 0.0447917 0.0407407
1 0.98125 0.0925926 0.0354167 0.0407407
1 0.879687 0.10463 0.0572917 0.0462963
1 0.833854 0.109259 0.053125 0.0444444
1 0.422917 0.0685185 0.0520833 0.0592593
0 0.598437 0.189815 0.0177083 0.0944444
0 0.638021 0.194444 0.0197917 0.0814815
1 0.540104 0.142593 0.078125 0.0777778
1 0.05 0.275 0.1 0.124074
0 0.1125 0.286111 0.0333333 0.105556
1 0.155208 0.214815 0.127083 0.103704
