0 0.321354 0.469444 0.0364583 0.142593
1 0.983333 0.0231481 0.0333333 0.0425926
0 0.289062 0.560185 0.028125 0.175926
1 0.297917 0.109259 0.0604167 0.0740741
0 0.143229 0.348148 0.0239583 0.1
1 0.289062 0.137963 0.0427083 0.0537037
0 0.483854 0.456481 0.0385417 0.0722222
0 0.339583 0.381481 0.0270833 0.133333
0 0.908333 0.108333 0.0166667 0.0685185
1 0.880208 0.0268519 0.0458333 0.05
1 0.260938 0.180556 0.0552083 0.087037
1 0.9875 0.0898148 0.025 0.0462963
1 0.508854 0.0351852 0.028125 0.0481481
1 0.944792 0.0240741 0.0458333 0.0444444
1 0.228125 0.217593 0.0645833 0.0907407
1 0.428646 0.0796296 0.0739583 0.0518519
0 0.336979 0.562037 0.040625 0.190741
1 0.304167 0.213889 0.0604167 0.124074
1 0.967188 0.0703704 0.053125 0.0555556
1 0.143229 0.311111 0.0947917 0.122222
1 0.19375 0.258333 0.0645833 0.101852
1 0.034375 0.486111 0.06875 0.187037
1 0.786979 0.125926 0.0572917 0.0703704
1 0.630729 0.275 0.0760417 0.12037
