1 0.66875 0.0898148 0.0291667 0.0277778
1 0.223958 0.157407 0.0479167 0.0666667
1 0.342187 0.0611111 0.0322917 0.0444444
1 0.2875 0.109259 0.04375 0.0592593
1 0.256771 0.113889 0.0427083 0.0648148
1 0.386979 0.0666667 0.034375 0.0592593
1 0.796354 0.0907407 0.040625 0.0481481
0 0.0916667 0.421296 0.025 0.101852
1 0.308854 0.075 0.0447917 0.05
1 0.429688 0.0703704 0.0364583 0.037037
0 0.15625 0.361111 0.0208333 0.111111
0 0.059375 0.462963 0.025 0.114815
1 0.408854 0.234259 0.0572917 0.0981481
1 0.273438 0.869444 0.192708 0.253704
1 0.794792 0.566667 0.15625 0.211111
