1 0.084375 0.633333 0.0875 0.111111
0 0.923437 0.407407 0.021875 0.0703704
1 0.616146 0.197222 0.021875 0.0462963
1 0.619792 0.183333 0.01875 0.0222222
0 0.135417 0.412037 0.0125 0.0574074
1 0.669792 0.202778 0.0270833 0.0388889
0 0.191667 0.333333 0.0145833 0.0555556
1 0.539062 0.198148 0.0197917 0.0259259
1 0.328125 0.27037 0.0229167 0.037037
1 0.249479 0.337963 0.021875 0.0574074
0 0.250521 0.336111 0.0177083 0.0537037
1 0.883333 0.333333 0.04375 0.0518519
1 0.985937 0.412037 0.028125 0.0685185
1 0.961458 0.384259 0.0645833 0.0685185
0 0.292708 0.325 0.0125 0.0388889
1 0.835417 0.326852 0.0458333 0.0574074
1 0.644271 0.224074 0.0197917 0.0296296
1 0.91875 0.353704 0.05625 0.062963
1 0.613021 0.221296 0.021875 0.0314815
1 0.580208 0.255556 0.0229167 0.0444444
1 0.230729 0.341667 0.053125 0.0611111
1 0.609896 0.360185 0.0447917 0.0685185
