1 0.640625 0.0814815 0.0375 0.0407407
1 0.910937 0.122222 0.0614583 0.0518519
1 0.864062 0.126852 0.0572917 0.05
1 0.970833 0.114815 0.0583333 0.0518519
0 0.626042 0.217593 0.0166667 0.0944444
1 0.565625 0.161111 0.0833333 0.0814815
0 0.660937 0.210185 0.015625 0.0907407
0 0.639063 0.213889 0.015625 0.0944444
1 0.452083 0.0907407 0.0541667 0.0592593
1 0.855729 0.339815 0.182292 0.164815
1 0.182292 0.234259 0.135417 0.105556
1 0.0479167 0.260185 0.09375 0.0944444
1 0.75625 0.311111 0.129167 0.118519
1 0.80625 0.57037 0.229167 0.203704
