0 0.228125 0.876852 0.0333333 0.216667
0 0.227604 0.736111 0.040625 0.216667
1 0.240104 0.187037 0.0447917 0.0666667
0 0.182292 0.406481 0.0270833 0.109259
1 0.774479 0.117593 0.0447917 0.0648148
0 0.305208 0.561111 0.0270833 0.177778
0 0.0859375 0.816667 0.0364583 0.237037
0 0.170833 0.90463 0.04375 0.190741
0 0.283854 0.707407 0.034375 0.2
1 0.601042 0.0592593 0.025 0.0407407
0 0.292708 0.575 0.0375 0.142593
0 0.203125 0.9 0.0375 0.2
1 0.564062 0.0824074 0.0239583 0.0425926
1 0.241667 0.263889 0.0520833 0.0833333
1 0.8375 0.165741 0.0520833 0.0648148
1 0.760417 0.167593 0.05 0.0759259
1 0.127604 0.399074 0.0927083 0.124074
1 0.621875 0.0953704 0.0270833 0.0462963
1 0.219792 0.298148 0.06875 0.0962963
1 0.596354 0.155556 0.040625 0.0666667
1 0.078125 0.460185 0.0875 0.135185
1 0.179688 0.338889 0.0822917 0.0962963
1 0.889063 0.217593 0.065625 0.0833333
1 0.0364583 0.531482 0.0729167 0.177778
1 0.875521 0.301852 0.0927083 0.137037
1 0.529688 0.183333 0.0572917 0.0740741
