0 0.174479 0.908333 0.0427083 0.17963
0 0.172917 0.802778 0.0270833 0.0722222
1 0.957292 0.125926 0.0458333 0.0407407
1 0.295833 0.218519 0.0604167 0.0666667
1 0.583854 0.0425926 0.0177083 0.037037
1 0.602604 0.062037 0.0197917 0.0277778
0 0.252604 0.807407 0.034375 0.185185
1 0.547917 0.0490741 0.01875 0.0277778
0 0.084375 0.887963 0.0354167 0.194444
1 0.329167 0.205556 0.0416667 0.0592593
1 0.368229 0.157407 0.0385417 0.0518519
0 0.203125 0.9 0.0375 0.2
1 0.351562 0.181481 0.040625 0.0592593
0 0.319271 0.609259 0.0322917 0.185185
1 0.566667 0.0694444 0.01875 0.0277778
1 0.583854 0.087963 0.021875 0.0388889
0 0.188542 0.491667 0.025 0.0462963
0 0.146354 0.961111 0.0489583 0.0777778
1 0.238542 0.293519 0.05 0.0833333
0 0.0588542 0.925 0.0510417 0.109259
1 0.541146 0.105556 0.0260417 0.037037
1 0.214583 0.325926 0.0625 0.0925926
1 0.611979 0.116667 0.0302083 0.0444444
1 0.572396 0.143519 0.0302083 0.05
1 0.0739583 0.487037 0.0895833 0.133333
1 0.58125 0.234259 0.0458333 0.0722222
1 0.034375 0.558333 0.06875 0.175926
1 0.7875 0.550926 0.120833 0.209259
1 0.175521 0.373148 0.0822917 0.112963
1 0.123438 0.425 0.090625 0.124074
1 0.659896 0.227778 0.0489583 0.0777778
1 0.566667 0.674074 0.122917 0.240741
