0 0.316146 0.45 0.0260417 0.0851852
1 0.352083 0.0898148 0.0541667 0.0388889
0 0.303125 0.226852 0.025 0.0759259
0 0.938021 0.136111 0.0177083 0.0759259
0 0.326042 0.198148 0.0145833 0.0740741
1 0.302604 0.0694444 0.0427083 0.0574074
0 0.484375 0.464815 0.04375 0.0703704
0 0.209896 0.162963 0.0177083 0.0518519
1 0.852083 0.0796296 0.05625 0.0518519
1 0.871875 0.0324074 0.05625 0.0537037
0 0.292188 0.542593 0.0322917 0.162963
1 0.940625 0.0324074 0.04375 0.05
1 0.0307292 0.480556 0.0614583 0.15
1 0.933333 0.962963 0.133333 0.0666667
0 0.316146 0.538889 0.028125 0.174074
1 0.982813 0.0277778 0.034375 0.0444444
1 0.288542 0.152778 0.0458333 0.0648148
1 0.0822917 0.536111 0.164583 0.272222
1 0.676562 0.0175926 0.028125 0.0314815
0 0.347917 0.555556 0.0354167 0.174074
1 0.986979 0.0944444 0.0260417 0.0555556
0 0.0692708 0.343519 0.028125 0.101852
1 0.259375 0.187037 0.0583333 0.0777778
1 0.965104 0.075 0.0552083 0.0537037
1 0.191667 0.272222 0.0645833 0.1
1 0.225 0.225926 0.0666667 0.0851852
1 0.482292 0.0722222 0.05 0.0481481
1 0.141667 0.322222 0.0979167 0.125926
