1 0.263542 0.19537 0.0333333 0.0574074
0 0.268229 0.196296 0.028125 0.0592593
1 0.303646 0.158333 0.028125 0.0425926
1 0.607292 0.0481481 0.01875 0.0296296
1 0.316667 0.146296 0.0333333 0.037037
1 0.0588542 0.282407 0.0572917 0.0685185
1 0.583333 0.0407407 0.01875 0.0296296
0 0.283854 0.197222 0.0135417 0.0574074
1 0.939062 0.202778 0.0635417 0.0648148
1 0.948958 0.156481 0.0729167 0.0611111
0 0.141667 0.316667 0.0208333 0.0851852
1 0.0635417 0.359259 0.0354167 0.0740741
1 0.855729 0.15463 0.0552083 0.0574074
1 0.572396 0.0722222 0.0197917 0.037037
1 0.636979 0.0916667 0.0239583 0.0351852
0 0.05625 0.442593 0.01875 0.0814815
1 0.970312 0.226852 0.059375 0.0759259
1 0.292708 0.165741 0.0333333 0.0388889
1 0.625 0.133333 0.0291667 0.0481481
0 0.0760417 0.487963 0.0291667 0.131481
1 0.240625 0.209259 0.0416667 0.0518519
1 0.124479 0.289815 0.053125 0.0648148
1 0.159896 0.219444 0.0552083 0.0648148
1 0.645312 0.168519 0.034375 0.0518519
1 0.0901042 0.327778 0.0739583 0.0925926
1 0.601042 0.205556 0.0416667 0.0666667
0 0.0536458 0.543519 0.0322917 0.138889
1 0.203125 0.22963 0.0583333 0.0592593
1 0.695312 0.269444 0.053125 0.0833333
1 0.383854 0.344444 0.078125 0.137037
1 0.889583 0.740741 0.16875 0.233333
