1 0.475521 0.109259 0.021875 0.0333333
1 0.654688 0.133333 0.028125 0.0407407
1 0.858854 0.291667 0.121875 0.0685185
1 0.604688 0.0962963 0.0197917 0.0296296
1 0.540104 0.113889 0.021875 0.0351852
1 0.508854 0.0981481 0.0197917 0.0407407
1 0.443229 0.108333 0.0197917 0.0240741
1 0.61875 0.125 0.0208333 0.0314815
1 0.701563 0.136111 0.0260417 0.0388889
1 0.375 0.658333 0.104167 0.238889
1 0.382812 0.225926 0.0364583 0.0703704
1 0.703125 0.224074 0.0395833 0.0592593
1 0.890625 0.280556 0.0625 0.0685185
1 0.502083 0.208333 0.0354167 0.0537037
1 0.640104 0.217593 0.0385417 0.0574074
1 0.256771 0.299074 0.053125 0.0759259
1 0.826563 0.307407 0.059375 0.0777778
1 0.657812 0.299074 0.0489583 0.0722222
1 0.736979 0.302778 0.0552083 0.0759259
1 0.410937 0.374074 0.0635417 0.0962963
1 0.866146 0.496296 0.096875 0.137037
1 0.685938 0.462037 0.0822917 0.131481
1 0.271875 0.566667 0.102083 0.148148
