1 0.31875 0.235185 0.0916667 0.0592593
0 0.675521 0.227778 0.015625 0.0851852
1 0.976562 0.138889 0.0447917 0.0444444
1 0.465625 0.101852 0.0541667 0.0592593
1 0.877083 0.149074 0.0541667 0.0462963
0 0.652604 0.230556 0.015625 0.0833333
1 0.926562 0.143519 0.0572917 0.05
0 0.636458 0.232407 0.0166667 0.0907407
0 0.683333 0.224074 0.01875 0.0851852
1 0.585417 0.174074 0.0791667 0.0814815
1 0.0333333 0.562963 0.0666667 0.148148
1 0.197396 0.239815 0.134375 0.101852
1 0.0552083 0.261111 0.110417 0.1
