1 0.920313 0.101852 0.0364583 0.0407407
0 0.798437 0.15 0.015625 0.0851852
1 0.248958 0.197222 0.127083 0.087037
1 0.940104 0.1 0.065625 0.0444444
1 0.982292 0.0972222 0.0354167 0.0388889
1 0.832812 0.112037 0.053125 0.05
1 0.881771 0.10463 0.0572917 0.05
1 0.422396 0.0694444 0.0510417 0.0574074
0 0.634375 0.191667 0.01875 0.087037
0 0.598437 0.194444 0.0177083 0.0925926
1 0.969792 0.410185 0.0604167 0.135185
1 0.539583 0.143519 0.08125 0.0833333
1 0.153125 0.216667 0.141667 0.107407
1 0.0302083 0.239815 0.0604167 0.0944444
1 0.288021 0.438889 0.234375 0.188889
