0 0.0979167 0.189815 0.01875 0.0611111
1 0.317708 0.0925926 0.0395833 0.0444444
1 0.157292 0.0925926 0.0270833 0.037037
1 0.73125 0.103704 0.03125 0.0555556
1 0.831771 0.201852 0.103125 0.0666667
1 0.914062 0.113889 0.0489583 0.0759259
1 0.761979 0.105556 0.0510417 0.062963
0 0.560938 0.185185 0.0135417 0.0666667
1 0.813542 0.105556 0.0583333 0.0518519
0 0.56875 0.187963 0.01875 0.0722222
1 0.684896 0.0981481 0.0364583 0.0444444
1 0.456771 0.0462963 0.065625 0.0481481
1 0.118229 0.133333 0.0427083 0.0555556
1 0.201562 0.15463 0.0427083 0.05
1 0.167187 0.17037 0.053125 0.0518519
1 0.0270833 0.149074 0.0375 0.05
1 0.0145833 0.203704 0.0291667 0.0666667
1 0.693229 0.171296 0.0864583 0.0722222
1 0.639063 0.889815 0.278125 0.209259
