0 0.0776042 0.353704 0.0385417 0.0814815
1 0.664583 0.226852 0.0541667 0.05
1 0.571875 0.205556 0.0479167 0.037037
1 0.0322917 0.35 0.0645833 0.0962963
1 0.939583 0.303704 0.0833333 0.0666667
1 0.0588542 0.264815 0.034375 0.062963
0 0.0890625 0.35463 0.0177083 0.0796296
1 0.186458 0.183333 0.025 0.0296296
1 0.722917 0.239815 0.06875 0.0574074
1 0.222396 0.207407 0.0302083 0.0407407
1 0.0484375 0.202778 0.028125 0.0425926
0 0.0713542 0.352778 0.015625 0.0796296
1 0.848958 0.283333 0.0875 0.0592593
1 0.253646 0.276852 0.0427083 0.0611111
1 0.601562 0.271296 0.078125 0.0685185
1 0.901042 0.387037 0.135417 0.103704
1 0.555208 0.421296 0.127083 0.153704
