0 0.159896 0.4 0.0239583 0.140741
1 0.966146 0.0675926 0.0385417 0.0277778
1 0.670313 0.012037 0.0260417 0.0240741
1 0.351042 0.137963 0.0416667 0.0574074
1 0.330729 0.159259 0.040625 0.0592593
0 0.335938 0.473148 0.034375 0.146296
1 0.369792 0.114815 0.0395833 0.0518519
1 0.295833 0.17963 0.0625 0.0666667
1 0.193229 0.297222 0.0822917 0.101852
0 0.28125 0.712037 0.0375 0.190741
0 0.309375 0.607407 0.0395833 0.177778
0 0.0869792 0.84537 0.028125 0.190741
0 0.231771 0.838889 0.0385417 0.203704
0 0.208333 0.853704 0.0395833 0.181481
0 0.0557292 0.874074 0.0447917 0.111111
0 0.149479 0.939815 0.0489583 0.12037
0 0.256771 0.8 0.034375 0.22963
1 0.526042 0.0972222 0.0354167 0.0685185
1 0.7 0.0787037 0.0354167 0.0537037
0 0.184896 0.917593 0.0510417 0.164815
1 0.948438 0.101852 0.0489583 0.0555556
1 0.241146 0.251852 0.0489583 0.0814815
1 0.119792 0.385185 0.08125 0.125926
1 0.217708 0.285185 0.0708333 0.0962963
1 0.0765625 0.444444 0.0885417 0.12963
1 0.765104 0.1 0.040625 0.0592593
1 0.176563 0.32963 0.0822917 0.111111
1 0.0364583 0.518519 0.0729167 0.177778
1 0.636979 0.467593 0.096875 0.157407
