1 0.630729 0.112037 0.0385417 0.0425926
1 0.880729 0.0287037 0.0197917 0.0277778
1 0.572396 0.125926 0.0427083 0.0444444
1 0.984375 0.0462963 0.025 0.0407407
1 0.572917 0.181481 0.0625 0.062963
1 0.655208 0.157407 0.0520833 0.0666667
1 0.873958 0.312037 0.0666667 0.0981481
1 0.758854 0.197222 0.0510417 0.0648148
1 0.408854 0.225 0.0677083 0.0685185
1 0.981771 0.237037 0.0364583 0.0777778
1 0.504687 0.290741 0.0885417 0.0962963
1 0.611458 0.625 0.145833 0.253704
1 0.422396 0.300926 0.090625 0.0944444
1 0.1125 0.482407 0.15 0.142593
