0 0.83125 0.164815 0.0166667 0.0851852
1 0.641146 0.0796296 0.0614583 0.0444444
1 0.916146 0.12037 0.0614583 0.0518519
1 0.868229 0.125926 0.059375 0.0518519
1 0.454688 0.0833333 0.053125 0.0592593
1 0.975 0.112963 0.05 0.0518519
0 0.641146 0.211111 0.015625 0.0888889
0 0.629167 0.214815 0.0166667 0.0962963
0 0.664583 0.207407 0.01875 0.0888889
1 0.570312 0.156481 0.078125 0.0796296
1 0.185417 0.225926 0.135417 0.103704
1 0.783854 0.288889 0.169792 0.166667
1 0.0489583 0.250926 0.0958333 0.0981481
