0 0.978646 0.100926 0.0177083 0.109259
1 0.176042 0.0231481 0.0395833 0.0462963
1 0.0223958 0.121296 0.0447917 0.05
0 0.00989583 0.34537 0.0197917 0.153704
1 0.155208 0.0888889 0.0333333 0.0259259
0 0.965104 0.110185 0.0197917 0.124074
1 0.444792 0.0175926 0.05 0.0351852
0 0.0286458 0.298148 0.028125 0.133333
1 0.618229 0.0166667 0.0427083 0.0296296
0 0.923958 0.0592593 0.0208333 0.0888889
0 0.991146 0.138889 0.0177083 0.0925926
0 0.154167 0.144444 0.01875 0.0814815
1 0.402083 0.0731481 0.0604167 0.0981481
1 0.497396 0.0916667 0.065625 0.105556
1 0.714583 0.0814815 0.0666667 0.0962963
1 0.463021 0.261111 0.090625 0.162963
1 0.851042 0.4 0.14375 0.2
1 0.0578125 0.889815 0.113542 0.212963
