1 0.323438 0.237037 0.090625 0.0592593
0 0.527083 0.0962963 0.0125 0.0481481
1 0.653646 0.10463 0.040625 0.0388889
0 0.647917 0.237037 0.0229167 0.0925926
1 0.882292 0.156481 0.0541667 0.0462963
1 0.168229 0.187037 0.0885417 0.0666667
0 0.655729 0.234259 0.015625 0.087037
1 0.979167 0.14537 0.0416667 0.0425926
1 0.932813 0.150926 0.0572917 0.0462963
1 0.583854 0.17963 0.0822917 0.0777778
1 0.468229 0.106481 0.053125 0.0611111
0 0.639063 0.238889 0.0197917 0.0962963
0 0.686979 0.228704 0.021875 0.087037
1 0.202083 0.242593 0.139583 0.103704
1 0.05625 0.266667 0.1125 0.1
