1 0.608333 0.205556 0.0291667 0.0555556
1 0.329167 0.268519 0.0270833 0.0407407
1 0.85625 0.306481 0.0375 0.0648148
1 0.569792 0.203704 0.0145833 0.0222222
0 0.0432292 0.510185 0.028125 0.0833333
1 0.469271 0.228704 0.0177083 0.0314815
1 0.533854 0.212037 0.021875 0.0240741
0 0.136979 0.402778 0.0135417 0.0685185
1 0.646875 0.224074 0.0208333 0.0296296
1 0.00677083 0.865741 0.0135417 0.0944444
1 0.986458 0.406481 0.0270833 0.0648148
1 0.886979 0.330556 0.0447917 0.0574074
0 0.924479 0.427778 0.021875 0.0666667
1 0.0833333 0.631481 0.0916667 0.111111
1 0.964583 0.384259 0.06875 0.0722222
0 0.172396 0.407407 0.015625 0.0740741
1 0.476042 0.298148 0.03125 0.0555556
1 0.919792 0.352778 0.05625 0.0611111
1 0.693229 0.313889 0.0427083 0.0574074
1 0.229687 0.340741 0.0572917 0.062963
1 0.514583 0.349074 0.0458333 0.0759259
1 0.628646 0.406481 0.0552083 0.0833333
1 0.371875 0.55463 0.0833333 0.138889
