0 0.853646 0.221296 0.0197917 0.0759259
1 0.7375 0.101852 0.0333333 0.0518519
1 0.326562 0.0953704 0.0510417 0.0425926
1 0.160417 0.0962963 0.0270833 0.0407407
1 0.0802083 0.126852 0.0416667 0.0425926
1 0.923437 0.110185 0.0552083 0.0759259
1 0.80625 0.107407 0.0604167 0.0518519
1 0.825 0.20463 0.0770833 0.0611111
1 0.459375 0.0481481 0.0625 0.0444444
1 0.767187 0.108333 0.0510417 0.0574074
1 0.115104 0.117593 0.0322917 0.0388889
0 0.355208 0.382407 0.0395833 0.109259
1 0.55 0.140741 0.0333333 0.0555556
1 0.689583 0.0990741 0.0354167 0.0425926
0 0.706771 0.231481 0.0177083 0.0925926
0 0.578125 0.189815 0.0166667 0.0759259
1 0.040625 0.164815 0.0375 0.0481481
1 0.698958 0.175 0.0895833 0.0759259
1 0.127604 0.232407 0.059375 0.0722222
1 0.118229 0.35 0.084375 0.125926
