1 0.0619792 0.283333 0.0447917 0.0740741
1 0.990104 0.242593 0.0197917 0.0518519
1 0.580729 0.0342593 0.015625 0.0240741
1 0.950521 0.150926 0.0760417 0.0611111
1 0.0614583 0.353704 0.0354167 0.0740741
1 0.294792 0.162037 0.0291667 0.0388889
0 0.983333 0.37037 0.0229167 0.122222
0 0.168229 0.289815 0.0177083 0.0722222
1 0.260417 0.187963 0.0333333 0.05
1 0.642187 0.112963 0.0260417 0.0407407
1 0.616667 0.0990741 0.025 0.0351852
1 0.277083 0.173148 0.0291667 0.0425926
1 0.938021 0.199074 0.0635417 0.0648148
1 0.970312 0.218519 0.059375 0.0666667
1 0.872396 0.209259 0.0552083 0.0666667
0 0.960417 0.348148 0.025 0.114815
1 0.153646 0.216667 0.0510417 0.062963
1 0.234896 0.20463 0.0427083 0.05
1 0.202083 0.225 0.0583333 0.0611111
0 0.195833 0.312963 0.0166667 0.0592593
1 0.476562 0.0833333 0.0197917 0.0296296
0 0.0744792 0.483333 0.0302083 0.137037
1 0.0864583 0.323148 0.0729167 0.0833333
0 0.0536458 0.541667 0.034375 0.135185
1 0.123958 0.292593 0.0520833 0.0740741
1 0.673437 0.225926 0.0510417 0.0777778
1 0.709375 0.316667 0.075 0.122222
1 0.240104 0.678704 0.126042 0.216667
1 0.922396 0.737963 0.155208 0.238889
1 0.697396 0.623148 0.119792 0.194444
