1 0.295833 0.231481 0.114583 0.062963
0 0.817187 0.167593 0.0177083 0.0907407
1 0.134375 0.189815 0.0791667 0.0611111
1 0.942187 0.117593 0.0364583 0.0425926
1 0.899479 0.125 0.0572917 0.05
1 0.852604 0.12963 0.0510417 0.0518519
1 0.972917 0.114815 0.0416667 0.0481481
1 0.440625 0.0953704 0.0541667 0.0611111
0 0.653125 0.214815 0.0166667 0.0888889
1 0.556771 0.164815 0.0822917 0.0851852
0 0.620833 0.219444 0.01875 0.0981481
1 0.0416667 0.266667 0.0833333 0.0925926
1 0.171354 0.241667 0.136458 0.105556
1 0.0864583 0.518519 0.172917 0.174074
