1 0.369792 0.378704 0.0833333 0.161111
1 0.722917 0.164815 0.0270833 0.037037
1 0.531771 0.199074 0.028125 0.05
1 0.419792 0.206481 0.0333333 0.0462963
1 0.457292 0.237037 0.0375 0.0518519
1 0.489062 0.17037 0.021875 0.0518519
1 0.675 0.173148 0.03125 0.0425926
1 0.390104 0.193519 0.0302083 0.0425926
1 0.810417 0.203704 0.0354167 0.0481481
1 0.631771 0.162037 0.0260417 0.0388889
1 0.758333 0.215741 0.0354167 0.05
1 0.717708 0.246296 0.0416667 0.0555556
1 0.888021 0.290741 0.0552083 0.0666667
1 0.445312 0.273148 0.0427083 0.0611111
1 0.372917 0.261111 0.04375 0.0555556
1 0.994271 0.587963 0.0114583 0.0944444
1 0.644271 0.251852 0.0364583 0.0740741
1 0.736458 0.297222 0.0479167 0.0685185
1 0.498437 0.276852 0.0447917 0.0796296
1 0.817187 0.294444 0.0510417 0.062963
1 0.678125 0.426852 0.0666667 0.112963
1 0.204688 0.513889 0.0927083 0.124074
1 0.443229 0.457407 0.0739583 0.125926
1 0.183854 0.808333 0.148958 0.224074
