1 0.19375 0.236111 0.0354167 0.0574074
1 0.375 0.325 0.189583 0.231481
1 0.967188 0.292593 0.065625 0.0592593
1 0.0838542 0.837963 0.165625 0.312963
1 0.225521 0.262037 0.0447917 0.0722222
1 0.160417 0.27037 0.0354167 0.0592593
1 0.527604 0.274074 0.0739583 0.0666667
1 0.150521 0.318519 0.0489583 0.0703704
1 0.914583 0.400926 0.15 0.142593
1 0.506771 0.35463 0.0947917 0.0944444
1 0.260417 0.350926 0.0583333 0.0907407
1 0.704687 0.323148 0.111458 0.109259
1 0.795833 0.919444 0.235417 0.153704
1 0.800521 0.760185 0.271875 0.335185
1 0.917708 0.580556 0.164583 0.224074
1 0.663021 0.510185 0.134375 0.187037
1 0.719271 0.466667 0.136458 0.137037
1 0.895312 0.698148 0.209375 0.222222
1 0.360417 0.552778 0.11875 0.172222
1 0.568229 0.59537 0.161458 0.175926
1 0.394271 0.447222 0.123958 0.124074
