0 0.0880208 0.25 0.021875 0.0740741
1 0.634375 0.0805556 0.0520833 0.0425926
1 0.0177083 0.343519 0.0354167 0.0648148
0 0.639583 0.208333 0.0145833 0.0907407
1 0.864062 0.125926 0.0552083 0.0481481
1 0.911458 0.12037 0.0583333 0.0481481
1 0.159896 0.175926 0.115625 0.0777778
0 0.627083 0.217593 0.0208333 0.0944444
1 0.971354 0.112037 0.0572917 0.0537037
1 0.565104 0.160185 0.0822917 0.0796296
1 0.451042 0.087963 0.0520833 0.0611111
0 0.659896 0.209259 0.015625 0.0925926
1 0.0447917 0.261111 0.0895833 0.0962963
1 0.18125 0.231481 0.1375 0.107407
1 0.545833 0.462037 0.229167 0.187037
1 0.863021 0.303704 0.142708 0.125926
