0 0.217708 0.307407 0.05625 0.0962963
1 0.244271 0.187963 0.0489583 0.0685185
1 0.964063 0.0916667 0.0364583 0.0462963
1 0.414062 0.0814815 0.028125 0.037037
0 0.275521 0.553704 0.0302083 0.103704
1 0.331771 0.174074 0.0385417 0.0592593
0 0.183333 0.921296 0.0479167 0.157407
1 0.368229 0.12963 0.034375 0.0518519
1 0.934896 0.0805556 0.0260417 0.0425926
0 0.210417 0.877778 0.0395833 0.214815
0 0.0276042 0.585185 0.040625 0.148148
0 0.151562 0.948148 0.0489583 0.103704
1 0.9 0.0638889 0.0229167 0.0425926
0 0.0588542 0.918519 0.0510417 0.155556
1 0.326562 0.257407 0.021875 0.0740741
0 0.205208 0.364815 0.025 0.122222
1 0.351562 0.153704 0.0385417 0.0555556
0 0.0901042 0.869444 0.0302083 0.201852
1 0.972396 0.124074 0.0552083 0.0518519
0 0.333333 0.475926 0.0333333 0.155556
0 0.313021 0.612963 0.0385417 0.2
1 0.175 0.35 0.0729167 0.114815
0 0.186458 0.462037 0.0291667 0.0611111
1 0.240104 0.267593 0.0510417 0.0833333
1 0.0375 0.516667 0.075 0.137037
1 0.220313 0.301852 0.0697917 0.0962963
1 0.532292 0.0898148 0.03125 0.0574074
1 0.127083 0.401852 0.0895833 0.122222
1 0.724479 0.126852 0.0427083 0.0648148
1 0.0776042 0.466667 0.0885417 0.137037
1 0.810417 0.163889 0.0520833 0.0685185
1 0.601562 0.328704 0.0739583 0.112963
