0 0.227083 0.39537 0.03125 0.0981481
1 0.310417 0.167593 0.0604167 0.0611111
0 0.50625 0.518519 0.0333333 0.0814815
0 0.102083 0.821296 0.0333333 0.216667
1 0.251042 0.235185 0.0541667 0.0888889
0 0.190104 0.433333 0.0385417 0.0851852
0 0.318229 0.49537 0.0239583 0.112963
0 0.339063 0.452778 0.0260417 0.135185
0 0.301562 0.577778 0.040625 0.181481
0 0.356771 0.174074 0.0135417 0.0777778
0 0.154687 0.89537 0.053125 0.17963
0 0.261458 0.685185 0.0458333 0.214815
0 0.235417 0.837963 0.0395833 0.227778
1 0.554688 0.0685185 0.0322917 0.0518519
0 0.364583 0.378704 0.03125 0.131481
1 0.565104 0.137037 0.0364583 0.0703704
1 0.638021 0.133333 0.0427083 0.0666667
1 0.463542 0.2 0.0583333 0.0814815
1 0.228125 0.273148 0.0625 0.0981481
1 0.546875 0.185185 0.0458333 0.0777778
0 0.201562 0.867593 0.053125 0.261111
1 0.808333 0.140741 0.05 0.0703704
1 0.0895833 0.435185 0.0895833 0.133333
1 0.189583 0.319444 0.08125 0.109259
0 0.355729 0.649074 0.0322917 0.187037
1 0.139583 0.373148 0.0895833 0.127778
1 0.673437 0.181481 0.0510417 0.0777778
1 0.0145833 0.727778 0.0291667 0.181481
1 0.0427083 0.50463 0.0854167 0.172222
1 0.683854 0.647222 0.167708 0.353704
1 0.721354 0.300926 0.0885417 0.135185
1 0.64375 0.419444 0.09375 0.157407
