1 0.160938 0.182407 0.117708 0.0722222
1 0.496875 0.087963 0.0458333 0.0574074
0 0.825 0.163889 0.01875 0.0907407
1 0.636458 0.0796296 0.0375 0.0407407
1 0.863542 0.126852 0.0583333 0.0462963
1 0.908333 0.119444 0.05625 0.05
0 0.628125 0.215741 0.0208333 0.0944444
1 0.972396 0.112037 0.0552083 0.0537037
0 0.659375 0.208333 0.0166667 0.0907407
1 0.560938 0.158333 0.0885417 0.0833333
1 0.45 0.0888889 0.0541667 0.0592593
1 0.179167 0.234259 0.1375 0.105556
1 0.928646 0.321296 0.140625 0.116667
1 0.0453125 0.259259 0.090625 0.0962963
1 0.888021 0.541667 0.213542 0.205556
