1 0.766667 0.0472222 0.0229167 0.0277778
1 0.977083 0.0537037 0.025 0.0481481
1 0.170833 0.933333 0.21875 0.12963
1 0.720833 0.0666667 0.0479167 0.037037
1 0.644271 0.0666667 0.040625 0.0666667
1 0.878646 0.0314815 0.0177083 0.0222222
1 0.944271 0.0222222 0.0177083 0.0259259
1 0.841667 0.0861111 0.03125 0.0388889
1 0.892187 0.062963 0.0239583 0.037037
1 0.794792 0.143519 0.04375 0.0537037
1 0.421354 0.236111 0.084375 0.112963
1 0.591146 0.174074 0.053125 0.0555556
1 0.821875 0.210185 0.0520833 0.0722222
1 0.477083 0.317593 0.0875 0.0981481
1 0.325 0.274074 0.0875 0.0814815
