1 0.900521 0.0962963 0.021875 0.0296296
1 0.625 0.168519 0.0333333 0.0407407
1 0.878646 0.116667 0.0197917 0.037037
1 0.942187 0.114815 0.021875 0.0333333
1 0.967708 0.0888889 0.01875 0.0296296
1 0.920833 0.134259 0.025 0.0388889
1 0.481771 0.227778 0.053125 0.0703704
1 0.967708 0.846296 0.0625 0.262963
1 0.781771 0.214815 0.0385417 0.0518519
1 0.551562 0.234259 0.0552083 0.0574074
1 0.796354 0.306481 0.053125 0.0722222
1 0.569792 0.289815 0.0666667 0.0759259
1 0.386458 0.325926 0.0791667 0.0777778
1 0.461979 0.312963 0.084375 0.1
1 0.836979 0.517593 0.084375 0.135185
1 0.0807292 0.591667 0.161458 0.17963
1 0.290625 0.535185 0.15 0.151852
1 0.490104 0.866667 0.203125 0.255556
1 0.411979 0.732407 0.178125 0.209259
