0 0.257812 0.285185 0.021875 0.114815
1 0.561458 0.0175926 0.0208333 0.0351852
1 0.318229 0.158333 0.0447917 0.0611111
1 0.595833 0.0796296 0.0375 0.0703704
1 0.572396 0.0546296 0.0260417 0.0462963
1 0.74375 0.103704 0.04375 0.062963
0 0.506771 0.50463 0.0302083 0.0648148
1 0.846875 0.0851852 0.0458333 0.0555556
1 0.254167 0.227778 0.0541667 0.0777778
1 0.792708 0.0842593 0.0375 0.0537037
1 0.536979 0.0824074 0.0322917 0.0537037
0 0.318229 0.501852 0.0260417 0.125926
1 0.258333 0.147222 0.0541667 0.0611111
0 0.142188 0.475926 0.034375 0.111111
0 0.246354 0.694444 0.0364583 0.174074
1 0.635938 0.0398148 0.0302083 0.05
1 0.672396 0.12037 0.0427083 0.0666667
0 0.332292 0.659259 0.03125 0.181481
1 0.619271 0.148148 0.0447917 0.0592593
0 0.288542 0.676852 0.0333333 0.194444
0 0.352604 0.272222 0.021875 0.0962963
1 0.622396 0.224074 0.0552083 0.107407
0 0.240104 0.834259 0.040625 0.216667
0 0.208854 0.861111 0.0447917 0.274074
1 0.879687 0.160185 0.0677083 0.0981481
1 0.228125 0.266667 0.0604167 0.0962963
0 0.159896 0.890741 0.0614583 0.207407
0 0.353646 0.401852 0.0322917 0.144444
1 0.0911458 0.424074 0.0885417 0.133333
1 0.192188 0.312037 0.084375 0.109259
0 0.0864583 0.819444 0.0645833 0.205556
1 0.509896 0.2 0.0677083 0.0666667
1 0.0432292 0.497222 0.0864583 0.172222
1 0.141146 0.362037 0.0927083 0.12037
1 0.967708 0.268519 0.0645833 0.107407
1 0.0161458 0.72963 0.0322917 0.162963
1 0.863021 0.857407 0.171875 0.281481
1 0.620833 0.347222 0.0833333 0.131481
1 0.676042 0.607407 0.129167 0.233333
