1 0.238021 0.175926 0.046875 0.0518519
1 0.984375 0.116667 0.03125 0.0555556
1 0.938021 0.177778 0.0614583 0.0703704
1 0.522396 0.118519 0.0260417 0.0481481
1 0.4375 0.12963 0.03125 0.0481481
1 0.261458 0.161111 0.0375 0.0481481
1 0.5 0.087037 0.0291667 0.0444444
1 0.154167 0.189815 0.0520833 0.0611111
1 0.947917 0.12963 0.0770833 0.0666667
1 0.85625 0.126852 0.0520833 0.0574074
1 0.989062 0.223148 0.021875 0.0462963
0 0.990625 0.351852 0.01875 0.12963
1 0.513021 0.187037 0.0447917 0.0925926
1 0.202604 0.197222 0.059375 0.0574074
1 0.608333 0.249074 0.05625 0.112963
1 0.415625 0.17037 0.0354167 0.0555556
1 0.121354 0.262037 0.0572917 0.0722222
1 0.440625 0.214815 0.0479167 0.0740741
1 0.969792 0.197222 0.0604167 0.0722222
1 0.0854167 0.293519 0.0791667 0.0833333
0 0.954167 0.313889 0.0229167 0.116667
0 0.279167 0.242593 0.0145833 0.0740741
1 0.763542 0.160185 0.05625 0.0574074
0 0.1875 0.243519 0.0166667 0.0685185
0 0.0734375 0.452778 0.028125 0.135185
1 0.503646 0.258333 0.0510417 0.087037
0 0.0520833 0.511111 0.0354167 0.140741
1 0.702604 0.257407 0.0614583 0.0777778
1 0.748438 0.362963 0.0927083 0.137037
1 0.357812 0.374074 0.078125 0.12963
1 0.144271 0.908333 0.213542 0.175926
1 0.475 0.632407 0.116667 0.22037
1 0.342708 0.524074 0.10625 0.166667
1 0.708854 0.606481 0.121875 0.198148
1 0.941146 0.857407 0.115625 0.266667
