1 0.782292 0.00833333 0.01875 0.0166667
1 0.646875 0.0648148 0.0270833 0.0333333
1 0.735937 0.0222222 0.021875 0.0259259
1 0.669792 0.0731481 0.0375 0.0462963
1 0.944271 0.0185185 0.021875 0.0333333
1 0.588542 0.102778 0.0416667 0.0425926
1 0.714063 0.0935185 0.0364583 0.0462963
1 0.814583 0.106481 0.0375 0.0462963
1 0.167708 0.924074 0.258333 0.148148
1 0.833854 0.172222 0.0510417 0.0851852
1 0.630208 0.127778 0.04375 0.0518519
1 0.541667 0.14537 0.0541667 0.0537037
1 0.444271 0.221296 0.0635417 0.0648148
1 0.405729 0.299074 0.0927083 0.0981481
1 0.0807292 0.487963 0.161458 0.153704
