1 0.0296875 0.200926 0.0260417 0.05
1 0.571354 0.121296 0.053125 0.05
1 0.0541667 0.190741 0.0270833 0.0296296
1 0.847396 0.172222 0.0802083 0.0592593
1 0.172917 0.2 0.0354167 0.0444444
1 0.806771 0.172222 0.0614583 0.0666667
1 0.8875 0.280556 0.11875 0.0833333
1 0.498437 0.116667 0.053125 0.0444444
1 0.970312 0.174074 0.0572917 0.0814815
1 0.0473958 0.232407 0.0322917 0.0462963
0 0.630729 0.258333 0.0135417 0.0722222
0 0.604167 0.248148 0.0166667 0.0814815
1 0.289062 0.236111 0.053125 0.0574074
1 0.740625 0.242593 0.0854167 0.0740741
1 0.141146 0.276852 0.0510417 0.0685185
1 0.94375 0.559259 0.110417 0.159259
1 0.725521 0.842593 0.319792 0.311111
1 0.136458 0.35 0.0604167 0.0888889
1 0.320833 0.426852 0.1125 0.157407
1 0.542708 0.35463 0.122917 0.105556
