1 0.584896 0.0101852 0.0177083 0.0166667
1 0.365104 0.148148 0.0427083 0.0592593
0 0.195312 0.787037 0.0447917 0.103704
1 0.355729 0.161111 0.040625 0.0592593
1 0.244792 0.196296 0.0479167 0.0703704
1 0.772917 0.0851852 0.0354167 0.0518519
0 0.328125 0.252778 0.0145833 0.0759259
0 0.0411458 0.911111 0.065625 0.148148
0 0.309896 0.538889 0.021875 0.111111
1 0.571875 0.0583333 0.025 0.0425926
0 0.230208 0.749074 0.0395833 0.216667
1 0.983854 0.155556 0.0322917 0.0740741
0 0.295833 0.584259 0.0354167 0.15
1 0.701042 0.0768519 0.0291667 0.0462963
1 0.730208 0.0666667 0.0270833 0.0407407
0 0.167708 0.914815 0.0479167 0.17037
1 0.56875 0.087963 0.0291667 0.0462963
1 0.755729 0.113889 0.0364583 0.0537037
0 0.203646 0.900926 0.040625 0.198148
1 0.24375 0.275926 0.05 0.0851852
0 0.283854 0.700926 0.040625 0.231481
1 0.222917 0.310185 0.06875 0.0981481
1 0.628646 0.0935185 0.028125 0.0462963
1 0.0328125 0.758333 0.065625 0.198148
1 0.0802083 0.469444 0.0895833 0.135185
1 0.853125 0.25463 0.0708333 0.105556
1 0.129167 0.405556 0.09375 0.125926
1 0.828125 0.187963 0.05625 0.0685185
1 0.180729 0.350926 0.0802083 0.101852
1 0.0375 0.538889 0.075 0.174074
1 0.613542 0.237037 0.0541667 0.0814815
1 0.965104 0.238889 0.0697917 0.0851852
1 0.619271 0.618519 0.119792 0.211111
