1 0.723437 0.132407 0.0260417 0.0351852
1 0.607292 0.128704 0.025 0.0314815
1 0.4 0.161111 0.025 0.0333333
1 0.360417 0.189815 0.0291667 0.0388889
1 0.622396 0.174074 0.0322917 0.0481481
1 0.666146 0.141667 0.028125 0.0425926
1 0.636979 0.22963 0.0364583 0.0592593
1 0.367188 0.24537 0.0447917 0.0648148
1 0.4875 0.246296 0.0375 0.062963
1 0.711979 0.253704 0.0447917 0.0666667
1 0.676562 0.39537 0.0677083 0.124074
1 0.479167 0.321296 0.0479167 0.0796296
1 0.81875 0.301852 0.0541667 0.0703704
1 0.907812 0.310185 0.0614583 0.0722222
1 0.2375 0.434259 0.075 0.101852
1 0.11875 0.587037 0.127083 0.159259
1 0.329167 0.45 0.0729167 0.111111
1 0.257812 0.628704 0.115625 0.172222
1 0.447396 0.478704 0.071875 0.124074
