0 0.111979 0.572222 0.0239583 0.107407
0 0.246875 0.419444 0.03125 0.087037
1 0.367188 0.112963 0.0427083 0.0518519
0 0.161458 0.527778 0.0333333 0.1
1 0.218229 0.234259 0.103125 0.0944444
1 0.178125 0.281481 0.0395833 0.0962963
0 0.0260417 0.822222 0.0479167 0.218519
0 0.251042 0.450926 0.0291667 0.12037
1 0.335417 0.133333 0.05625 0.062963
1 0.267708 0.200926 0.05 0.0759259
0 0.0619792 0.762037 0.0427083 0.212963
0 0.0932292 0.721296 0.0510417 0.183333
0 0.158854 0.616667 0.0322917 0.181481
1 0.0328125 0.431481 0.065625 0.111111
0 0.259375 0.386111 0.0291667 0.131481
0 0.19375 0.509259 0.0333333 0.162963
0 0.304688 0.375 0.0239583 0.116667
0 0.125521 0.667593 0.0364583 0.183333
1 0.472917 0.187963 0.05625 0.0796296
0 0.236979 0.489815 0.0302083 0.153704
1 0.811979 0.0944444 0.0510417 0.0740741
1 0.0822917 0.367593 0.0791667 0.0944444
1 0.789583 0.172222 0.0541667 0.0888889
1 0.139062 0.326852 0.084375 0.109259
1 0.517708 0.385185 0.0958333 0.181481
1 0.564062 0.175 0.065625 0.0796296
1 0.545833 0.682407 0.139583 0.287037
1 0.675 0.341667 0.0833333 0.142593
