1 0.717708 0.157407 0.025 0.037037
1 0.675 0.156481 0.0291667 0.0388889
1 0.74375 0.197222 0.0333333 0.0611111
1 0.628125 0.172222 0.0291667 0.0481481
1 0.526563 0.176852 0.0302083 0.0425926
1 0.816146 0.274074 0.053125 0.062963
1 0.473958 0.181481 0.03125 0.0592593
1 0.155729 0.425 0.0802083 0.135185
1 0.391667 0.235185 0.04375 0.0555556
1 0.692187 0.20463 0.0364583 0.0537037
1 0.725 0.272222 0.0479167 0.0666667
1 0.639583 0.212963 0.0333333 0.0481481
1 0.343229 0.296296 0.0510417 0.0703704
1 0.489583 0.314815 0.05 0.0777778
1 0.438542 0.483333 0.06875 0.159259
1 0.923958 0.716667 0.14375 0.203704
1 0.766667 0.357407 0.0625 0.0851852
1 0.404687 0.322222 0.0510417 0.0777778
