1 0.308333 0.152778 0.0375 0.0351852
1 0.346354 0.150926 0.0489583 0.0462963
1 0.025 0.196296 0.0229167 0.0333333
1 0.167708 0.181481 0.03125 0.037037
1 0.860937 0.169444 0.0572917 0.0574074
1 0.574479 0.12037 0.0572917 0.0481481
1 0.0463542 0.180556 0.0239583 0.0314815
1 0.811979 0.173148 0.0572917 0.0648148
1 0.040625 0.221296 0.0291667 0.0425926
1 0.970833 0.176852 0.0520833 0.0685185
1 0.509375 0.116667 0.0708333 0.0407407
1 0.196354 0.215741 0.0427083 0.0462963
0 0.607292 0.25 0.0166667 0.0814815
1 0.893229 0.281481 0.113542 0.0777778
0 0.634375 0.260185 0.0145833 0.0685185
1 0.114063 0.255556 0.046875 0.0592593
1 0.742708 0.241667 0.0854167 0.0722222
1 0.34375 0.262037 0.0645833 0.0685185
1 0.109375 0.315741 0.0541667 0.0722222
1 0.234375 0.347222 0.08125 0.116667
1 0.713542 0.437037 0.16875 0.12963
1 0.419271 0.568519 0.161458 0.196296
