1 0.638021 0.0787037 0.0364583 0.0425926
1 0.864583 0.125 0.05625 0.05
0 0.641146 0.206481 0.0135417 0.0907407
1 0.913021 0.117593 0.0552083 0.05
1 0.975521 0.109259 0.0489583 0.0481481
0 0.660937 0.206481 0.015625 0.0907407
0 0.628125 0.215741 0.01875 0.0907407
1 0.452083 0.087963 0.05625 0.0611111
1 0.564583 0.158333 0.0833333 0.0796296
1 0.981771 0.626852 0.0364583 0.124074
1 0.182292 0.232407 0.135417 0.109259
1 0.0484375 0.258333 0.0947917 0.0944444
1 0.840625 0.364815 0.164583 0.137037
1 0.930208 0.269444 0.13125 0.12037
1 0.326562 0.463889 0.236458 0.198148
