1 0.560938 0.0777778 0.0739583 0.0481481
0 0.621875 0.215741 0.0291667 0.0759259
1 0.0901042 0.116667 0.021875 0.0222222
1 0.859375 0.127778 0.0479167 0.0592593
1 0.00572917 0.131481 0.0114583 0.0259259
1 0.0046875 0.231481 0.009375 0.037037
0 0.520312 0.183333 0.015625 0.0666667
0 0.571875 0.202778 0.0166667 0.0722222
1 0.166146 0.135185 0.034375 0.0407407
1 0.880729 0.22963 0.0947917 0.0666667
1 0.502083 0.0694444 0.0604167 0.0425926
1 0.734375 0.124074 0.0375 0.0481481
0 0.609375 0.212963 0.0166667 0.0740741
1 0.229687 0.164815 0.040625 0.0481481
1 0.813542 0.127778 0.0520833 0.0666667
1 0.584375 0.162963 0.05 0.0555556
0 0.630208 0.219444 0.0166667 0.0759259
0 0.775 0.266667 0.0208333 0.0851852
1 0.971875 0.130556 0.0520833 0.0796296
1 0.0302083 0.162963 0.0291667 0.0481481
0 0.683333 0.234259 0.0145833 0.0722222
1 0.120312 0.209259 0.046875 0.0592593
1 0.742188 0.197222 0.084375 0.0722222
1 0.266667 0.22037 0.0666667 0.0703704
1 0.351562 0.217593 0.0739583 0.0685185
1 0.698438 0.927778 0.257292 0.133333
1 0.358854 0.462963 0.136458 0.162963
