0 0.271354 0.601852 0.0302083 0.0777778
1 0.242188 0.182407 0.0489583 0.0685185
0 0.296354 0.788889 0.0302083 0.12963
1 0.933333 0.0685185 0.025 0.037037
1 0.958854 0.0777778 0.040625 0.0407407
1 0.332812 0.167593 0.0385417 0.0574074
1 0.351562 0.147222 0.0385417 0.0574074
1 0.240104 0.260185 0.0510417 0.0833333
0 0.0911458 0.869444 0.034375 0.183333
1 0.648438 0.0212963 0.021875 0.0351852
1 0.423438 0.208333 0.0802083 0.0611111
0 0.149479 0.913889 0.0572917 0.168519
1 0.217187 0.297222 0.065625 0.0981481
1 0.682813 0.0157407 0.0197917 0.0277778
0 0.195833 0.881481 0.0541667 0.225926
1 0.078125 0.460185 0.0875 0.135185
0 0.330208 0.864815 0.0541667 0.259259
1 0.489583 0.163889 0.075 0.0759259
0 0.275 0.887963 0.05 0.224074
1 0.127083 0.39537 0.0895833 0.124074
1 0.0369792 0.530556 0.0739583 0.175926
1 0.177083 0.341667 0.08125 0.109259
