0 0.482292 0.198148 0.025 0.0666667
1 0.420312 0.152778 0.0552083 0.0388889
0 0.616667 0.230556 0.0145833 0.0685185
1 0.833854 0.137963 0.0739583 0.0574074
0 0.632812 0.2 0.132292 0.1
1 0.218229 0.146296 0.0302083 0.0444444
1 0.871354 0.137963 0.065625 0.0537037
1 0.378125 0.147222 0.0395833 0.0351852
1 0.316667 0.137037 0.0354167 0.037037
1 0.511979 0.0944444 0.059375 0.0444444
0 0.492188 0.200926 0.015625 0.0759259
1 0.55625 0.17037 0.0666667 0.0555556
0 0.654167 0.239815 0.0145833 0.0759259
1 0.903646 0.246296 0.111458 0.0777778
1 0.129688 0.174074 0.0302083 0.0296296
0 0.633333 0.230556 0.0166667 0.0759259
1 0.0119792 0.159259 0.021875 0.0333333
0 0.666146 0.247222 0.0135417 0.0759259
1 0.046875 0.212037 0.03125 0.0462963
1 0.978125 0.139815 0.04375 0.0833333
1 0.753646 0.212963 0.0864583 0.0740741
1 0.2375 0.327778 0.0708333 0.0888889
1 0.134896 0.337037 0.065625 0.0851852
