1 0.140625 0.292593 0.114583 0.0703704
1 0.841146 0.161111 0.096875 0.0592593
1 0.0510417 0.234259 0.0354167 0.05
1 0.511458 0.109259 0.0729167 0.0407407
0 0.611458 0.242593 0.0166667 0.0814815
1 0.975 0.165741 0.05 0.0833333
1 0.108333 0.308333 0.0541667 0.0759259
0 0.664062 0.265741 0.015625 0.0722222
1 0.284896 0.25463 0.0614583 0.0611111
1 0.170312 0.282407 0.0552083 0.0685185
1 0.747396 0.233333 0.0864583 0.0703704
1 0.453125 0.362037 0.108333 0.0981481
1 0.654167 0.37963 0.179167 0.159259
1 0.196875 0.417593 0.0854167 0.12037
1 0.325521 0.664815 0.159375 0.240741
1 0.367188 0.453704 0.126042 0.151852
