1 0.569271 0.0925926 0.0572917 0.0555556
0 0.605208 0.225 0.0145833 0.0648148
0 0.633333 0.226852 0.03125 0.0722222
0 0.581771 0.177778 0.0489583 0.0592593
0 0.519271 0.20463 0.0135417 0.0685185
0 0.466146 0.189815 0.0114583 0.0648148
1 0.810417 0.133333 0.0541667 0.062963
1 0.839063 0.133333 0.0822917 0.0592593
1 0.728646 0.131481 0.0385417 0.0407407
1 0.363021 0.138889 0.040625 0.0407407
0 0.620833 0.223148 0.0166667 0.0722222
0 0.568229 0.218519 0.0197917 0.0814815
0 0.478646 0.194444 0.015625 0.0703704
1 0.0286458 0.117593 0.0197917 0.0277778
1 0.541667 0.164815 0.0645833 0.0592593
1 0.205208 0.142593 0.03125 0.037037
1 0.502604 0.087037 0.0677083 0.0444444
1 0.96875 0.134259 0.05625 0.0722222
0 0.640104 0.231481 0.0135417 0.0814815
1 0.303125 0.127778 0.0375 0.0407407
1 0.8875 0.238889 0.114583 0.0814815
1 0.58125 0.175926 0.0479167 0.0592593
1 0.0177083 0.268519 0.0354167 0.0740741
1 0.0770833 0.142593 0.0229167 0.0259259
0 0.652604 0.238889 0.0135417 0.0777778
1 0.739062 0.206481 0.0885417 0.0722222
1 0.276563 0.210185 0.0572917 0.0685185
