1 0.0307292 0.348148 0.0614583 0.103704
1 0.015625 0.356481 0.03125 0.101852
1 0.3625 0.157407 0.0375 0.0444444
1 0.608854 0.213889 0.0364583 0.0351852
1 0.664062 0.221296 0.0510417 0.05
1 0.715625 0.233333 0.0520833 0.0555556
1 0.0479167 0.202778 0.0270833 0.0425926
1 0.276042 0.239815 0.0479167 0.0611111
0 0.0505208 0.376852 0.0197917 0.0907407
1 0.935417 0.298148 0.0916667 0.0703704
1 0.0598958 0.266667 0.034375 0.062963
0 0.08125 0.377778 0.0166667 0.0814815
1 0.572396 0.201852 0.046875 0.037037
1 0.851562 0.276852 0.0885417 0.0574074
1 0.890625 0.657407 0.216667 0.240741
