0 0.561458 0.465741 0.0125 0.0611111
0 0.779688 0.446296 0.0114583 0.0592593
0 0.0697917 0.505556 0.0145833 0.0703704
0 0.0838542 0.509259 0.0197917 0.0777778
0 0.609375 0.480556 0.0166667 0.0685185
0 0.736458 0.45463 0.0125 0.0611111
0 0.634896 0.492593 0.0114583 0.0592593
1 0.991667 0.643519 0.0166667 0.087037
1 0.0697917 0.959259 0.139583 0.0777778
1 0.0567708 0.862963 0.113542 0.155556
1 0.134375 0.52037 0.0604167 0.0851852
1 0.252604 0.498148 0.0989583 0.0740741
1 0.280729 0.890741 0.192708 0.162963
