1 0.522917 0.217593 0.0354167 0.0351852
0 0.0333333 0.281481 0.0125 0.062963
1 0.58125 0.225926 0.0583333 0.0518519
1 0.839583 0.294444 0.1 0.0666667
1 0.220833 0.17963 0.0375 0.0555556
1 0.115625 0.155556 0.0354167 0.0259259
0 0.0208333 0.290741 0.0145833 0.0555556
1 0.640625 0.236111 0.0708333 0.0574074
1 0.4875 0.206481 0.0479167 0.0388889
1 0.954167 0.326852 0.0916667 0.0685185
1 0.763542 0.275926 0.0895833 0.0555556
0 0.275521 0.932407 0.0572917 0.131481
1 0.338542 0.224074 0.05 0.0481481
1 0.605729 0.324074 0.096875 0.0740741
