0 0.83125 0.166667 0.0166667 0.0814815
1 0.163021 0.178704 0.113542 0.0722222
1 0.916146 0.118519 0.059375 0.0518519
0 0.642708 0.212037 0.0145833 0.0833333
1 0.869271 0.124074 0.0677083 0.0518519
1 0.979688 0.110185 0.040625 0.05
0 0.666667 0.207407 0.01875 0.0888889
1 0.453646 0.0888889 0.053125 0.0592593
0 0.630208 0.215741 0.01875 0.0833333
1 0.564583 0.157407 0.09375 0.0814815
1 0.0927083 0.914815 0.183333 0.162963
1 0.184896 0.231481 0.134375 0.107407
1 0.0494792 0.259259 0.0989583 0.0925926
1 0.0588542 0.549074 0.117708 0.183333
1 0.614062 0.447222 0.219792 0.172222
1 0.821875 0.303704 0.15 0.144444
1 0.768229 0.850926 0.353125 0.290741
