1 0.493229 0.196296 0.015625 0.0333333
0 0.854688 0.442593 0.015625 0.062963
0 0.230729 0.475926 0.0197917 0.1
0 0.141667 0.561111 0.01875 0.107407
0 0.807813 0.413889 0.021875 0.0685185
1 0.619271 0.219444 0.0302083 0.0388889
1 0.556771 0.222222 0.0135417 0.0222222
0 0.896354 0.474074 0.0135417 0.0777778
0 0.0640625 0.673148 0.0302083 0.131481
1 0.704167 0.248148 0.01875 0.0259259
0 0.8 0.412963 0.0166667 0.0666667
0 0.223958 0.467593 0.0229167 0.087037
0 0.289583 0.393519 0.0145833 0.05
1 0.493229 0.260185 0.0239583 0.0351852
0 0.243229 0.471296 0.0177083 0.087037
0 0.127604 0.605556 0.0260417 0.118519
1 0.954687 0.388889 0.0802083 0.0666667
1 0.653646 0.255556 0.0239583 0.0259259
1 0.248958 0.350926 0.0458333 0.0574074
0 0.816146 0.417593 0.0177083 0.0722222
1 0.976042 0.303704 0.0479167 0.0407407
0 0.203646 0.5 0.0260417 0.0925926
0 0.248958 0.462037 0.01875 0.0907407
0 0.255729 0.447222 0.015625 0.0722222
0 0.164583 0.543519 0.025 0.138889
0 0.833333 0.444444 0.0166667 0.0703704
1 0.619271 0.251852 0.0322917 0.0333333
1 0.466667 0.251852 0.025 0.0296296
0 0.926042 0.521296 0.0166667 0.0796296
1 0.283333 0.310185 0.0375 0.0611111
1 0.898958 0.390741 0.0479167 0.0592593
1 0.6875 0.288889 0.0291667 0.0296296
1 0.335938 0.278704 0.040625 0.05
0 0.0369792 0.711111 0.0302083 0.12963
0 0.908854 0.519444 0.0197917 0.105556
1 0.467708 0.306481 0.03125 0.0425926
1 0.397917 0.351852 0.0416667 0.062963
1 0.403125 0.462963 0.0645833 0.103704
