1 0.975521 0.175926 0.0177083 0.0259259
1 0.632292 0.261111 0.0354167 0.0407407
1 0.909896 0.17963 0.0135417 0.0185185
1 0.661458 0.252778 0.0479167 0.0425926
1 0.6 0.272222 0.0416667 0.0407407
1 0.564062 0.287963 0.046875 0.0462963
1 0.8375 0.307407 0.0479167 0.0592593
1 0.798437 0.451852 0.059375 0.111111
1 0.401042 0.343519 0.075 0.0722222
1 0.1625 0.396296 0.0625 0.062963
1 0.520312 0.302778 0.0510417 0.0462963
1 0.638542 0.349074 0.0604167 0.0648148
1 0.254167 0.412037 0.0958333 0.0796296
1 0.333333 0.525926 0.13125 0.144444
1 0.0666667 0.578704 0.133333 0.135185
