1 0.881771 0.0305556 0.0427083 0.0537037
1 0.296875 0.105556 0.0541667 0.0777778
0 0.486458 0.462963 0.0416667 0.0777778
1 0.983333 0.0287037 0.0333333 0.0425926
0 0.320312 0.475 0.0322917 0.146296
1 0.292708 0.140741 0.0458333 0.0555556
0 0.288542 0.513889 0.0333333 0.27963
1 0.258333 0.184259 0.05 0.0833333
1 0.944271 0.0296296 0.0427083 0.0481481
0 0.910937 0.115741 0.0177083 0.0722222
1 0.9875 0.0925926 0.025 0.0444444
1 0.302083 0.216667 0.0666667 0.133333
1 0.508854 0.0425926 0.028125 0.0481481
1 0.227083 0.221296 0.0625 0.0907407
1 0.969271 0.075 0.0552083 0.0537037
0 0.340104 0.569444 0.040625 0.187037
1 0.426042 0.0833333 0.0770833 0.0518519
1 0.144792 0.315741 0.0958333 0.127778
1 0.19375 0.263889 0.06875 0.0981481
1 0.0369792 0.490741 0.0739583 0.185185
1 0.777083 0.118519 0.05625 0.0666667
1 0.6375 0.296296 0.0791667 0.125926
