1 0.295312 0.121296 0.0427083 0.0462963
0 0.0703125 0.544444 0.028125 0.137037
1 0.0979167 0.189815 0.0875 0.146296
0 0.540625 0.17963 0.0145833 0.0481481
1 0.605729 0.0833333 0.0614583 0.0444444
1 0.276563 0.15 0.0427083 0.0518519
1 0.820312 0.157407 0.046875 0.0481481
1 0.966146 0.3 0.065625 0.062963
0 0.104687 0.517593 0.028125 0.131481
0 0.0770833 0.397222 0.025 0.109259
1 0.222917 0.264815 0.0625 0.0962963
1 0.480208 0.294444 0.102083 0.103704
1 0.619271 0.336111 0.126042 0.109259
1 0.732292 0.777778 0.3 0.366667
