1 0.205208 0.212963 0.05625 0.0555556
1 0.533333 0.0851852 0.0229167 0.0333333
1 0.490625 0.113889 0.0270833 0.0388889
1 0.991146 0.372222 0.0177083 0.114815
1 0.241146 0.193519 0.0427083 0.0537037
1 0.952604 0.144444 0.0760417 0.0592593
1 0.991146 0.237037 0.0177083 0.0407407
0 0.0447917 0.494444 0.0166667 0.0814815
1 0.861979 0.142593 0.0489583 0.0555556
1 0.680729 0.115741 0.034375 0.0462963
1 0.475 0.144444 0.03125 0.0518519
1 0.941667 0.188889 0.0604167 0.062963
1 0.0651042 0.343519 0.0322917 0.0759259
1 0.450521 0.116667 0.0260417 0.0407407
1 0.430729 0.19537 0.040625 0.0611111
1 0.716667 0.171296 0.0416667 0.0648148
0 0.180729 0.249074 0.0135417 0.0685185
1 0.660937 0.187037 0.0427083 0.0666667
1 0.436979 0.234259 0.0510417 0.087037
1 0.127083 0.274074 0.0541667 0.0703704
1 0.159375 0.203704 0.0479167 0.0592593
0 0.26875 0.316667 0.0166667 0.0888889
1 0.0932292 0.309259 0.0677083 0.0851852
1 0.338542 0.280556 0.0520833 0.087037
1 0.971875 0.209259 0.05625 0.0666667
1 0.214583 0.276852 0.0604167 0.0796296
0 0.0583333 0.525 0.0333333 0.142593
0 0.0786458 0.468519 0.028125 0.137037
1 0.479688 0.284259 0.059375 0.0944444
0 0.9625 0.330556 0.025 0.12037
1 0.723437 0.294444 0.0635417 0.0888889
1 0.505729 0.387963 0.0802083 0.124074
1 0.788542 0.464815 0.110417 0.144444
1 0.41875 0.655556 0.120833 0.222222
