0 0.3375 0.199074 0.0145833 0.0759259
1 0.607813 0.0527778 0.0197917 0.0388889
1 0.0380208 0.312963 0.0760417 0.107407
0 0.303646 0.503704 0.0302083 0.0703704
0 0.448438 0.0722222 0.009375 0.037037
1 0.991667 0.0861111 0.0166667 0.0388889
1 0.694271 0.062963 0.028125 0.037037
1 0.578125 0.0722222 0.0270833 0.0407407
1 0.594271 0.0240741 0.0197917 0.0407407
0 0.300521 0.243519 0.0177083 0.0759259
1 0.670833 0.0805556 0.03125 0.0425926
1 0.559375 0.0592593 0.0229167 0.0407407
1 0.958854 0.087037 0.0427083 0.0481481
1 0.306771 0.187037 0.0447917 0.0703704
1 0.278125 0.212963 0.05625 0.0666667
1 0.51875 0.0888889 0.0354167 0.0518519
0 0.904167 0.152778 0.01875 0.0685185
1 0.977604 0.132407 0.0447917 0.0537037
1 0.579167 0.117593 0.03125 0.0537037
0 0.357292 0.462963 0.0229167 0.137037
0 0.333854 0.506481 0.028125 0.135185
0 0.311979 0.606481 0.046875 0.190741
1 0.852083 0.156481 0.05625 0.0648148
1 0.207813 0.3 0.065625 0.1
1 0.244271 0.256481 0.0635417 0.087037
1 0.778646 0.151852 0.046875 0.062963
1 0.0416667 0.512963 0.0833333 0.2
1 0.613542 0.248148 0.0645833 0.114815
1 0.908854 0.280556 0.084375 0.0944444
1 0.157813 0.350926 0.096875 0.131481
1 0.722917 0.337963 0.0729167 0.124074
1 0.611458 0.475 0.104167 0.22037
