1 0.709896 0.0555556 0.021875 0.0296296
1 0.689062 0.0694444 0.0239583 0.0351852
1 0.366667 0.156481 0.0416667 0.0648148
1 0.647917 0.181481 0.05625 0.114815
1 0.348437 0.171296 0.0364583 0.0574074
1 0.765104 0.128704 0.0364583 0.0537037
1 0.55625 0.0333333 0.0145833 0.0222222
1 0.727083 0.101852 0.0291667 0.0555556
0 0.176563 0.800926 0.034375 0.105556
1 0.329167 0.190741 0.0395833 0.0555556
1 0.234896 0.208333 0.0427083 0.0648148
1 0.295312 0.212963 0.059375 0.062963
0 0.283333 0.593518 0.0270833 0.138889
1 0.569271 0.0638889 0.0197917 0.0277778
0 0.3 0.575926 0.0270833 0.177778
1 0.795833 0.117593 0.0354167 0.05
1 0.238021 0.282407 0.0510417 0.0796296
0 0.19375 0.907407 0.05 0.185185
1 0.573958 0.109259 0.0291667 0.0444444
0 0.439063 0.149074 0.0114583 0.0537037
0 0.155208 0.924074 0.0604167 0.151852
0 0.217708 0.774074 0.0375 0.214815
1 0.751042 0.171296 0.0458333 0.0574074
0 0.274479 0.711111 0.040625 0.237037
1 0.214062 0.319444 0.0677083 0.0981481
1 0.173958 0.363889 0.0854167 0.112963
1 0.071875 0.477778 0.0916667 0.140741
1 0.825 0.199074 0.0541667 0.0685185
1 0.561979 0.216667 0.0489583 0.0740741
1 0.034375 0.548148 0.06875 0.174074
1 0.122396 0.417593 0.090625 0.124074
1 0.683333 0.288889 0.0625 0.0962963
1 0.545833 0.310185 0.05625 0.0944444
1 0.926042 0.315741 0.0833333 0.105556
