0 0.0302083 0.301852 0.0270833 0.118519
0 0.916146 0.0601852 0.0177083 0.087037
1 0.0197917 0.122222 0.0395833 0.0518519
1 0.660417 0.0157407 0.0458333 0.0314815
0 0.939583 0.111111 0.0166667 0.0740741
1 0.425 0.0240741 0.0479167 0.0481481
0 0.0151042 0.344444 0.0302083 0.148148
0 0.972396 0.113889 0.0197917 0.116667
0 0.234375 0.103704 0.01875 0.0888889
1 0.352083 0.0796296 0.0791667 0.0962963
1 0.472396 0.0953704 0.0697917 0.112963
1 0.19375 0.459259 0.16875 0.244444
1 0.426562 0.525 0.134375 0.290741
