1 0.572396 0.1 0.0364583 0.0555556
1 0.709896 0.0277778 0.028125 0.0444444
1 0.611458 0.0694444 0.0333333 0.0833333
1 0.707292 0.102778 0.04375 0.0648148
0 0.392708 0.156481 0.0125 0.0611111
0 0.364583 0.405556 0.0270833 0.0814815
1 0.984896 0.0462963 0.0302083 0.0444444
0 0.294792 0.558333 0.0354167 0.194444
1 0.0359375 0.312963 0.071875 0.111111
1 0.989062 0.111111 0.021875 0.0444444
1 0.630208 0.408333 0.110417 0.224074
1 0.296875 0.17037 0.0520833 0.062963
1 0.423958 0.124074 0.0791667 0.0555556
1 0.945833 0.0481481 0.04375 0.0444444
0 0.328125 0.510185 0.0333333 0.17963
1 0.265104 0.206481 0.0552083 0.0796296
1 0.645833 0.143519 0.0479167 0.0685185
1 0.528125 0.22963 0.0625 0.1
0 0.890104 0.115741 0.015625 0.0685185
1 0.970833 0.0944444 0.05625 0.0555556
1 0.231771 0.24537 0.0635417 0.087037
1 0.595833 0.29537 0.0645833 0.124074
1 0.0369792 0.519444 0.0739583 0.183333
1 0.196875 0.290741 0.0666667 0.0962963
1 0.678646 0.230556 0.071875 0.116667
1 0.146354 0.343519 0.096875 0.127778
1 0.959896 0.328704 0.0802083 0.124074
