0 0.586979 0.198148 0.0177083 0.0703704
0 0.483854 0.174074 0.015625 0.0592593
1 0.372917 0.117593 0.0520833 0.0462963
1 0.839583 0.218519 0.0916667 0.0703704
1 0.46875 0.0648148 0.075 0.0481481
1 0.819792 0.117593 0.0708333 0.0574074
1 0.0171875 0.191667 0.034375 0.0537037
1 0.778646 0.117593 0.0552083 0.0574074
1 0.5125 0.141667 0.0708333 0.0611111
1 0.0109375 0.0842593 0.0197917 0.0277778
1 0.929688 0.123148 0.0510417 0.0833333
1 0.10625 0.105556 0.03125 0.0296296
1 0.55 0.153704 0.05 0.0555556
1 0.0229167 0.241667 0.0458333 0.0685185
1 0.131771 0.136111 0.0364583 0.0425926
0 0.722396 0.244444 0.0239583 0.0925926
1 0.70625 0.187963 0.0854167 0.0685185
1 0.271354 0.199074 0.071875 0.0833333
1 0.564583 0.324074 0.1375 0.114815
1 0.417188 0.836111 0.259375 0.32037
