1 0.864583 0.0981481 0.0479167 0.062963
0 0.156771 0.448148 0.0302083 0.122222
1 0.370313 0.115741 0.046875 0.0537037
1 0.0166667 0.701852 0.0333333 0.103704
1 0.802083 0.0916667 0.0375 0.0537037
1 0.313542 0.157407 0.0541667 0.062963
1 0.258333 0.146296 0.05 0.0555556
0 0.317708 0.494444 0.0270833 0.125926
0 0.247396 0.705556 0.0364583 0.2
1 0.571354 0.0472222 0.0239583 0.0425926
1 0.761458 0.12037 0.0479167 0.0666667
1 0.614062 0.131481 0.040625 0.062963
0 0.288021 0.676852 0.034375 0.187037
0 0.315104 0.646296 0.0447917 0.207407
1 0.632292 0.0296296 0.03125 0.0481481
0 0.2625 0.273148 0.0208333 0.105556
1 0.663021 0.0990741 0.0385417 0.0574074
0 0.0203125 0.772222 0.040625 0.192593
1 0.595312 0.0685185 0.0364583 0.0666667
0 0.242188 0.833333 0.040625 0.211111
1 0.539062 0.0731481 0.0322917 0.05
1 0.620833 0.198148 0.0520833 0.0962963
1 0.254687 0.219444 0.0510417 0.0648148
0 0.352604 0.257407 0.021875 0.0962963
1 0.903125 0.177778 0.075 0.107407
0 0.071875 0.818519 0.0583333 0.185185
0 0.161979 0.889815 0.0614583 0.209259
0 0.209896 0.860185 0.046875 0.27963
0 0.351042 0.407407 0.0291667 0.144444
1 0.501562 0.191667 0.0739583 0.0648148
1 0.983333 0.307407 0.0333333 0.111111
1 0.229167 0.266667 0.0625 0.0962963
1 0.192708 0.311111 0.0833333 0.111111
1 0.0916667 0.423148 0.0895833 0.127778
1 0.04375 0.492593 0.0875 0.17037
1 0.141146 0.356481 0.090625 0.112963
1 0.827083 0.65 0.13125 0.251852
1 0.613542 0.30463 0.0729167 0.116667
1 0.663542 0.496296 0.110417 0.185185
