1 0.588542 0.190741 0.05 0.0555556
1 0.0369792 0.165741 0.0197917 0.0240741
1 0.00677083 0.169444 0.0135417 0.0351852
1 0.817708 0.15 0.0541667 0.062963
0 0.606771 0.235185 0.0135417 0.0703704
0 0.573958 0.233333 0.0166667 0.0777778
1 0.03125 0.171296 0.025 0.0388889
1 0.0739583 0.148148 0.01875 0.0222222
0 0.627604 0.237963 0.0177083 0.0722222
1 0.505208 0.102778 0.05625 0.0425926
1 0.633333 0.197222 0.135417 0.087037
0 0.648438 0.248148 0.0135417 0.0666667
1 0.973958 0.146296 0.05 0.0962963
1 0.890625 0.249074 0.0979167 0.0685185
0 0.659375 0.255556 0.0145833 0.0777778
1 0.0291667 0.198148 0.025 0.0333333
1 0.286979 0.234259 0.059375 0.0685185
1 0.747396 0.222222 0.084375 0.0703704
1 0.101042 0.312037 0.0520833 0.0796296
1 0.411979 0.271296 0.0822917 0.0759259
1 0.3125 0.559259 0.139583 0.188889
