0 0.926042 0.183333 0.01875 0.1
1 0.938542 0.121296 0.0791667 0.0833333
1 0.0479167 0.0851852 0.01875 0.0222222
0 0.78125 0.251852 0.0270833 0.0814815
1 0.772396 0.113889 0.053125 0.0574074
0 0.532812 0.184259 0.0177083 0.0722222
1 0.50625 0.137037 0.0645833 0.0592593
1 0.46875 0.062037 0.0708333 0.05
1 0.0265625 0.0953704 0.0197917 0.0314815
1 0.129688 0.103704 0.040625 0.037037
1 0.703125 0.184259 0.0854167 0.0722222
1 0.751562 0.849074 0.346875 0.294444
1 0.261458 0.197222 0.0625 0.0648148
1 0.06875 0.30463 0.0645833 0.0907407
1 0.225 0.501852 0.13125 0.188889
1 0.813021 0.439815 0.232292 0.216667
