1 0.974479 0.149074 0.0489583 0.0907407
0 0.451562 0.20463 0.0135417 0.0611111
0 0.528646 0.221296 0.0135417 0.0648148
1 0.154687 0.15463 0.028125 0.0314815
1 0.321354 0.15 0.0552083 0.0407407
0 0.649479 0.249074 0.0135417 0.0685185
1 0.504687 0.10463 0.0572917 0.0425926
1 0.129688 0.166667 0.0260417 0.0296296
1 0.102083 0.155556 0.0229167 0.0296296
0 0.627083 0.240741 0.01875 0.0740741
1 0.413021 0.160185 0.046875 0.0388889
1 0.895312 0.255556 0.113542 0.0777778
1 0.0333333 0.20463 0.0229167 0.0425926
1 0.0171875 0.173148 0.0302083 0.0425926
1 0.589063 0.193519 0.046875 0.0537037
0 0.660417 0.256481 0.0145833 0.0759259
1 0.0473958 0.231481 0.0302083 0.0444444
1 0.0770833 0.203704 0.0270833 0.0444444
1 0.264583 0.210185 0.05 0.05
1 0.347396 0.236111 0.065625 0.0685185
1 0.134896 0.25 0.040625 0.0518519
1 0.748438 0.224074 0.0885417 0.0703704
1 0.110937 0.30463 0.053125 0.0759259
1 0.328646 0.285185 0.071875 0.0703704
1 0.802604 0.44537 0.192708 0.161111
