0 0.448438 0.115741 0.0114583 0.05
1 0.655208 0.00740741 0.0166667 0.0148148
1 0.244271 0.187963 0.0510417 0.0648148
1 0.351042 0.155556 0.0375 0.0555556
0 0.584375 0.0694444 0.0125 0.0425926
1 0.331771 0.173148 0.0385417 0.0574074
1 0.301562 0.193519 0.0614583 0.0611111
0 0.196875 0.961111 0.05 0.0740741
0 0.270833 0.733333 0.0479167 0.225926
0 0.134375 0.916667 0.0541667 0.148148
1 0.675521 0.0555556 0.0260417 0.0407407
1 0.241146 0.266667 0.053125 0.0851852
0 0.224479 0.365741 0.021875 0.116667
1 0.221875 0.297222 0.0708333 0.087037
0 0.0828125 0.875926 0.0489583 0.185185
1 0.866146 0.125926 0.0677083 0.0666667
0 0.210417 0.877778 0.0604167 0.218519
0 0.303646 0.840741 0.0489583 0.255556
1 0.176042 0.349074 0.0729167 0.112963
1 0.0802083 0.465741 0.0895833 0.135185
1 0.128646 0.400926 0.090625 0.124074
1 0.0369792 0.538889 0.0739583 0.177778
1 0.949479 0.366667 0.101042 0.122222
1 0.710938 0.598148 0.126042 0.222222
