1 0.393229 0.107407 0.0302083 0.0444444
1 0.627604 0.0157407 0.015625 0.0240741
1 0.415104 0.0814815 0.034375 0.0481481
1 0.905208 0.0972222 0.0416667 0.05
1 0.572917 0.05 0.0229167 0.037037
1 0.330729 0.114815 0.0385417 0.0518519
0 0.416146 0.152778 0.0135417 0.0537037
1 0.672917 0.0407407 0.0229167 0.0333333
1 0.54375 0.0462963 0.01875 0.0296296
0 0.363542 0.473148 0.025 0.127778
1 0.620833 0.0805556 0.0270833 0.0388889
1 0.314583 0.193519 0.0458333 0.0648148
0 0.341667 0.503704 0.03125 0.107407
1 0.584896 0.0833333 0.0302083 0.037037
1 0.965625 0.0953704 0.04375 0.0462963
1 0.640104 0.125 0.0364583 0.0611111
1 0.98125 0.139815 0.0375 0.0537037
1 0.580729 0.126852 0.034375 0.0611111
0 0.909375 0.160185 0.01875 0.0722222
0 0.307813 0.593518 0.0322917 0.164815
1 0.284375 0.227778 0.0583333 0.0777778
1 0.215625 0.307407 0.0625 0.1
1 0.832292 0.203704 0.0625 0.0740741
0 0.340104 0.626852 0.0364583 0.194444
1 0.25 0.264815 0.0645833 0.0888889
1 0.0453125 0.525926 0.0885417 0.185185
1 0.73125 0.387963 0.09375 0.146296
1 0.590104 0.271296 0.059375 0.101852
1 0.165625 0.357407 0.0958333 0.125926
