1 0.209896 0.0768519 0.0302083 0.0425926
1 0.0963542 0.0861111 0.0260417 0.0388889
0 0.980729 0.221296 0.0177083 0.0611111
1 0.0578125 0.0907407 0.028125 0.0444444
1 0.96875 0.3 0.0625 0.0666667
1 0.102604 0.196296 0.0864583 0.148148
1 0.606771 0.0833333 0.0572917 0.0407407
1 0.820833 0.158333 0.0458333 0.0462963
0 0.0807292 0.383333 0.028125 0.111111
0 0.116667 0.534259 0.0270833 0.138889
1 0.808854 0.231481 0.0572917 0.0703704
1 0.376563 0.217593 0.065625 0.0796296
1 0.457292 0.225926 0.0770833 0.0814815
1 0.290625 0.37037 0.0833333 0.137037
