1 0.33125 0.231481 0.139583 0.0666667
1 0.917708 0.139815 0.0583333 0.0462963
0 0.64375 0.22963 0.0145833 0.0851852
1 0.868229 0.14537 0.0572917 0.05
1 0.167708 0.187037 0.110417 0.062963
1 0.457292 0.0981481 0.0541667 0.0592593
1 0.977604 0.130556 0.0447917 0.05
0 0.665104 0.224074 0.015625 0.0851852
0 0.63125 0.22963 0.0208333 0.0925926
0 0.680208 0.217593 0.0166667 0.0833333
1 0.190104 0.237963 0.140625 0.101852
1 0.0510417 0.258333 0.1 0.0981481
1 0.583333 0.475926 0.245833 0.166667
1 0.914062 0.312037 0.136458 0.127778
