0 0.171875 0.878704 0.0354167 0.198148
1 0.934375 0.121296 0.0416667 0.0388889
1 0.367708 0.162037 0.0375 0.05
0 0.0432292 0.62037 0.0489583 0.174074
1 0.7125 0.0703704 0.0208333 0.0296296
1 0.341146 0.196296 0.040625 0.0592593
1 0.329688 0.207407 0.0427083 0.0592593
0 0.270833 0.60463 0.03125 0.0981481
1 0.738542 0.0888889 0.0291667 0.0444444
1 0.540625 0.0759259 0.01875 0.0296296
1 0.234375 0.225 0.0458333 0.0685185
0 0.311458 0.617593 0.0395833 0.190741
0 0.133854 0.964815 0.046875 0.0703704
1 0.235417 0.302778 0.0479167 0.0796296
0 0.941667 0.15 0.0125 0.0518519
0 0.204167 0.900926 0.0395833 0.198148
0 0.0822917 0.92963 0.0645833 0.140741
1 0.583854 0.0851852 0.0239583 0.0333333
1 0.566146 0.109259 0.0260417 0.0407407
1 0.0328125 0.566667 0.065625 0.174074
1 0.570833 0.160185 0.0354167 0.0537037
1 0.2125 0.335185 0.0666667 0.0962963
1 0.0713542 0.49537 0.090625 0.135185
1 0.619271 0.138889 0.0322917 0.0481481
1 0.639063 0.531482 0.0947917 0.237037
1 0.663542 0.24537 0.0520833 0.087037
1 0.120833 0.434259 0.0895833 0.124074
1 0.172396 0.381481 0.0822917 0.111111
1 0.566667 0.303704 0.0604167 0.0962963
