0 0.964063 0.556481 0.040625 0.0796296
1 0.653125 0.24537 0.0229167 0.0240741
0 0.0640625 0.625 0.021875 0.087037
0 0.0635417 0.658333 0.0270833 0.135185
1 0.976562 0.287963 0.046875 0.0351852
0 0.204167 0.488889 0.0208333 0.0666667
1 0.328646 0.358333 0.0802083 0.0944444
1 0.395312 0.257407 0.0260417 0.0296296
1 0.686458 0.274074 0.0291667 0.0333333
0 0.942187 0.536111 0.0364583 0.101852
0 0.104167 0.617593 0.0333333 0.109259
1 0.527083 0.210185 0.0145833 0.0277778
0 0.286979 0.384259 0.015625 0.0537037
0 0.975 0.566667 0.0229167 0.0814815
1 0.25 0.340741 0.0479167 0.0592593
0 0.145833 0.559259 0.025 0.118519
0 0.164062 0.552778 0.0239583 0.105556
0 0.953125 0.541667 0.025 0.0981481
0 0.928646 0.526852 0.0177083 0.0981481
1 0.510938 0.281481 0.0260417 0.0481481
0 0.0338542 0.706481 0.028125 0.124074
0 0.127604 0.598148 0.0260417 0.114815
1 0.282813 0.3 0.040625 0.062963
1 0.495313 0.237963 0.021875 0.0277778
0 0.255729 0.432407 0.015625 0.0685185
0 0.86875 0.456481 0.01875 0.0944444
1 0.334375 0.266667 0.0416667 0.0518519
0 0.895833 0.47037 0.0145833 0.0814815
1 0.395312 0.35 0.0427083 0.0666667
1 0.41875 0.421296 0.0666667 0.131481
1 0.616667 0.328704 0.0375 0.0574074
1 0.151562 0.763889 0.163542 0.227778
