0 0.626562 0.471296 0.0197917 0.0611111
0 0.0817708 0.565741 0.0322917 0.0611111
0 0.694792 0.467593 0.0104167 0.0537037
0 0.0833333 0.544444 0.01875 0.062963
0 0.0166667 0.52037 0.0145833 0.0666667
0 0.556771 0.481481 0.0135417 0.0962963
0 0.61875 0.473148 0.0145833 0.0648148
0 0.680208 0.465741 0.0145833 0.0574074
0 0.745833 0.448148 0.0104167 0.0444444
0 0.64375 0.462963 0.0125 0.0518519
1 0.248437 0.499074 0.0989583 0.0722222
1 0.0682292 0.959259 0.136458 0.0777778
1 0.881771 0.75463 0.109375 0.124074
1 0.698438 0.557407 0.0947917 0.0740741
1 0.276042 0.892593 0.191667 0.159259
