1 0.964583 0.0833333 0.0166667 0.0296296
1 0.009375 0.103704 0.01875 0.0296296
1 0.686979 0.175926 0.034375 0.0407407
1 0.857813 0.132407 0.0239583 0.0314815
1 0.0786458 0.0962963 0.0885417 0.0407407
1 0.894271 0.133333 0.0260417 0.0333333
1 0.620833 0.183333 0.0354167 0.0444444
1 0.813021 0.187963 0.0302083 0.0388889
1 0.864583 0.189815 0.03125 0.0425926
1 0.496354 0.269444 0.0635417 0.0611111
1 0.590104 0.244444 0.0489583 0.0555556
1 0.0208333 0.527778 0.0416667 0.0851852
1 0.889063 0.342593 0.053125 0.0814815
1 0.972396 0.787963 0.0552083 0.238889
1 0.313542 0.348148 0.0666667 0.0777778
1 0.473958 0.37037 0.0875 0.107407
1 0.215104 0.493519 0.148958 0.161111
1 0.0947917 0.70463 0.1875 0.264815
1 0.807813 0.65 0.119792 0.203704
