1 0.228646 0.155556 0.0510417 0.0703704
1 0.671354 0.0907407 0.028125 0.0259259
1 0.398958 0.142593 0.0479167 0.0740741
1 0.798437 0.0898148 0.040625 0.05
1 0.491146 0.102778 0.028125 0.05
1 0.255729 0.111111 0.0572917 0.062963
1 0.133333 0.882407 0.20625 0.224074
1 0.408333 0.087037 0.0458333 0.037037
1 0.371875 0.062963 0.0333333 0.0407407
0 0.158854 0.361111 0.0197917 0.111111
1 0.309896 0.0740741 0.046875 0.0518519
0 0.0619792 0.458333 0.0260417 0.112963
0 0.103125 0.419444 0.0208333 0.105556
1 0.627604 0.171296 0.0489583 0.0685185
