1 0.249479 0.17037 0.046875 0.0666667
1 0.307813 0.175 0.059375 0.0611111
1 0.551042 0.0546296 0.0270833 0.05
1 0.339583 0.15463 0.0375 0.0611111
0 0.240104 0.707407 0.034375 0.162963
1 0.247917 0.24537 0.0520833 0.087037
1 0.624479 0.0435185 0.0260417 0.05
0 0.526563 0.476852 0.0322917 0.0648148
1 0.788021 0.062963 0.0302083 0.0444444
1 0.825 0.0851852 0.04375 0.0592593
1 0.551042 0.0990741 0.03125 0.0462963
0 0.309375 0.541667 0.03125 0.17963
0 0.2875 0.673148 0.0375 0.172222
1 0.763021 0.0851852 0.0364583 0.0518519
1 0.59375 0.0722222 0.03125 0.0481481
0 0.165104 0.90463 0.046875 0.190741
1 0.226042 0.275926 0.0708333 0.0851852
0 0.234896 0.850926 0.0427083 0.212963
0 0.203646 0.871296 0.0614583 0.253704
0 0.281771 0.803704 0.040625 0.211111
1 0.641667 0.0759259 0.03125 0.0481481
1 0.9875 0.35 0.025 0.0888889
1 0.864062 0.190741 0.0614583 0.0777778
0 0.358333 0.289815 0.0270833 0.0907407
1 0.185417 0.327778 0.0770833 0.111111
1 0.0854167 0.430556 0.0916667 0.101852
1 0.0421875 0.511111 0.084375 0.17037
1 0.134896 0.378704 0.090625 0.12037
1 0.103125 0.569444 0.13125 0.198148
1 0.685417 0.651852 0.13125 0.248148
