1 0.0546875 0.412037 0.109375 0.12037
1 0.571354 0.0537037 0.0364583 0.0518519
1 0.363021 0.138889 0.0364583 0.0518519
1 0.989062 0.0740741 0.021875 0.0444444
1 0.283333 0.15463 0.0416667 0.0648148
1 0.386458 0.116667 0.0354167 0.0518519
0 0.2125 0.525 0.06875 0.146296
1 0.648958 0.0583333 0.03125 0.0462963
1 0.603125 0.0685185 0.03125 0.0444444
1 0.175521 0.305556 0.0385417 0.0962963
0 0.053125 0.787037 0.0541667 0.2
1 0.413542 0.131481 0.0291667 0.0555556
0 0.0885417 0.742593 0.0541667 0.192593
0 0.0229167 0.828704 0.0458333 0.25
0 0.245312 0.472222 0.0302083 0.133333
1 0.261979 0.221296 0.0572917 0.0685185
1 0.576042 0.10463 0.04375 0.0648148
0 0.156771 0.636111 0.0322917 0.168519
1 0.333854 0.153704 0.0614583 0.062963
1 0.633854 0.0925926 0.0385417 0.0555556
1 0.03125 0.45 0.0625 0.107407
1 0.728646 0.110185 0.0427083 0.0648148
0 0.121875 0.691667 0.0354167 0.187037
0 0.231771 0.515741 0.0302083 0.146296
0 0.257812 0.409259 0.028125 0.12963
1 0.548958 0.212963 0.05 0.122222
0 0.296354 0.394444 0.0239583 0.114815
1 0.0791667 0.393519 0.08125 0.087037
1 0.588542 0.14537 0.0395833 0.0685185
1 0.134896 0.348148 0.0864583 0.111111
0 0.194271 0.535185 0.034375 0.159259
1 0.652604 0.151852 0.0447917 0.0703704
1 0.829687 0.151852 0.0552083 0.0703704
1 0.325521 0.247222 0.0614583 0.0907407
1 0.470313 0.213889 0.0552083 0.0796296
1 0.918229 0.311111 0.096875 0.118519
1 0.792708 0.237037 0.0666667 0.0962963
1 0.658333 0.417593 0.0916667 0.161111
1 0.410937 0.680556 0.153125 0.283333
