0 0.995313 0.446296 0.009375 0.114815
1 0.548958 0.0731481 0.0208333 0.0388889
1 0.859375 0.172222 0.0333333 0.0333333
0 0.905208 0.273148 0.0208333 0.0759259
1 0.501042 0.109259 0.0270833 0.0444444
1 0.579687 0.1 0.021875 0.0333333
1 0.134375 0.244444 0.0541667 0.062963
1 0.8625 0.201852 0.0291667 0.062963
1 0.0463542 0.243519 0.040625 0.0685185
0 0.0286458 0.385185 0.0260417 0.0962963
1 0.458333 0.141667 0.0270833 0.0425926
1 0.795833 0.151852 0.0333333 0.0481481
0 0.977604 0.35463 0.0260417 0.0944444
1 0.403646 0.217593 0.0322917 0.0611111
1 0.560417 0.153704 0.0291667 0.0444444
0 0.842188 0.272222 0.0177083 0.0851852
1 0.48125 0.221296 0.0375 0.0611111
1 0.623438 0.182407 0.0364583 0.0722222
0 0.826563 0.265741 0.0177083 0.087037
1 0.439063 0.184259 0.0322917 0.0537037
1 0.493229 0.174074 0.0322917 0.0555556
1 0.310937 0.260185 0.0552083 0.0759259
1 0.885938 0.213889 0.0510417 0.0759259
1 0.474479 0.280556 0.0489583 0.0759259
1 0.379167 0.243519 0.0458333 0.0796296
1 0.979688 0.282407 0.040625 0.087037
1 0.958333 0.231481 0.0791667 0.062963
1 0.385417 0.327778 0.0645833 0.0962963
1 0.286979 0.451852 0.0822917 0.140741
1 0.122917 0.862037 0.2 0.268519
