1 0.5375 0.062037 0.01875 0.0314815
1 0.290104 0.160185 0.0427083 0.0425926
0 0.003125 0.380556 0.00625 0.0722222
1 0.06875 0.272222 0.0458333 0.0666667
1 0.990625 0.248148 0.01875 0.0481481
1 0.065625 0.349074 0.0333333 0.0685185
0 0.0473958 0.531482 0.0197917 0.137037
1 0.486458 0.118519 0.0229167 0.0407407
1 0.46875 0.0925926 0.0208333 0.0333333
1 0.940625 0.2 0.0604167 0.062963
1 0.193229 0.227778 0.0322917 0.0481481
1 0.457812 0.149074 0.0427083 0.0537037
1 0.676562 0.133333 0.028125 0.0481481
1 0.464583 0.177778 0.0375 0.0555556
1 0.234375 0.20463 0.0416667 0.0574074
1 0.856771 0.15 0.059375 0.0592593
1 0.951563 0.153704 0.071875 0.062963
1 0.160938 0.212037 0.0552083 0.0685185
1 0.0932292 0.313889 0.0677083 0.0796296
1 0.275 0.231481 0.0479167 0.062963
1 0.7125 0.175 0.0416667 0.0611111
1 0.652604 0.166667 0.0385417 0.062963
1 0.128646 0.286111 0.053125 0.0722222
0 0.963542 0.340741 0.0291667 0.122222
1 0.517708 0.169444 0.0333333 0.0537037
1 0.338542 0.250926 0.0458333 0.0759259
0 0.0614583 0.534259 0.0270833 0.127778
1 0.971875 0.221296 0.05625 0.0685185
0 0.0796875 0.475926 0.028125 0.133333
0 0.25625 0.335185 0.0166667 0.0888889
1 0.698958 0.275926 0.0583333 0.0888889
1 0.520833 0.238889 0.0479167 0.0740741
1 0.897396 0.647222 0.142708 0.198148
1 0.796875 0.283333 0.0666667 0.0888889
1 0.377604 0.385185 0.0760417 0.118519
1 0.490104 0.321296 0.059375 0.0981481
