1 0.009375 0.239815 0.01875 0.0314815
1 0.226562 0.158333 0.040625 0.0388889
1 0.441667 0.0685185 0.04375 0.037037
1 0.180208 0.175926 0.0375 0.0444444
1 0.292188 0.131481 0.053125 0.0407407
1 0.365625 0.105556 0.03125 0.0296296
1 0.148958 0.181481 0.0395833 0.0481481
1 0.215104 0.166667 0.0635417 0.0481481
1 0.895312 0.187037 0.0677083 0.0703704
1 0.778125 0.0287037 0.05625 0.05
1 0.667188 0.257407 0.0677083 0.0666667
1 0.659896 0.144444 0.0552083 0.0555556
1 0.770312 0.378704 0.0489583 0.124074
1 0.0796875 0.186111 0.0614583 0.0611111
1 0.594271 0.346296 0.136458 0.12963
1 0.243229 0.789815 0.232292 0.201852
1 0.464583 0.266667 0.06875 0.0814815
1 0.707292 0.350926 0.104167 0.131481
1 0.130208 0.480556 0.104167 0.0907407
