1 0.693229 0.0731481 0.0322917 0.0388889
1 0.605208 0.137963 0.0416667 0.0425926
1 0.861979 0.0425926 0.0197917 0.0259259
1 0.802604 0.117593 0.0302083 0.0462963
1 0.93125 0.0592593 0.025 0.0333333
1 0.553646 0.138889 0.0447917 0.0518519
1 0.877604 0.0685185 0.0197917 0.037037
1 0.589583 0.180556 0.05 0.0537037
1 0.861458 0.112037 0.0291667 0.0462963
1 0.745833 0.962963 0.139583 0.0703704
1 0.893229 0.187963 0.0427083 0.0611111
1 0.418229 0.260185 0.065625 0.0685185
1 0.04375 0.456481 0.0854167 0.101852
1 0.371875 0.321296 0.0875 0.109259
1 0.034375 0.616667 0.06875 0.111111
1 0.767187 0.301852 0.0614583 0.0851852
1 0.183333 0.588889 0.166667 0.174074
1 0.515104 0.54537 0.134375 0.157407
1 0.555729 0.825926 0.190625 0.311111
