1 0.248958 0.187037 0.0166667 0.0296296
1 0.604688 0.243519 0.0447917 0.0388889
1 0.0265625 0.372222 0.0510417 0.0888889
1 0.167708 0.209259 0.0270833 0.0296296
1 0.0989583 0.281481 0.0145833 0.037037
1 0.651563 0.25463 0.053125 0.0462963
1 0.232812 0.159259 0.034375 0.0259259
1 0.195312 0.163889 0.0197917 0.0240741
1 0.360417 0.215741 0.0375 0.0314815
1 0.668229 0.437037 0.111458 0.148148
1 0.0338542 0.226852 0.028125 0.0462963
1 0.560417 0.231481 0.05 0.0407407
1 0.303125 0.272222 0.0520833 0.0962963
0 0.180208 0.35463 0.0166667 0.0722222
1 0.921875 0.330556 0.0895833 0.0685185
1 0.710938 0.263889 0.0677083 0.0574074
1 0.942708 0.723148 0.114583 0.17963
1 0.0479167 0.292593 0.0354167 0.062963
1 0.64375 0.361111 0.102083 0.0666667
1 0.839583 0.308333 0.0958333 0.0611111
