1 0.858333 0.184259 0.0395833 0.0351852
1 0.670833 0.253704 0.0375 0.0407407
1 0.986458 0.207407 0.0229167 0.0259259
1 0.411458 0.348148 0.0729167 0.0740741
1 0.642187 0.266667 0.034375 0.0407407
0 0.0239583 0.377778 0.025 0.103704
1 0.989583 0.236111 0.0208333 0.0314815
1 0.609375 0.27963 0.0395833 0.0444444
1 0.172917 0.403704 0.0604167 0.062963
1 0.571354 0.29537 0.0447917 0.0462963
1 0.942187 0.288889 0.034375 0.0518519
1 0.529688 0.308333 0.0510417 0.0462963
1 0.356771 0.385185 0.0635417 0.0777778
1 0.263542 0.419444 0.09375 0.0759259
1 0.485938 0.777778 0.226042 0.288889
