1 0.958333 0.12963 0.0479167 0.0851852
1 0.396354 0.137037 0.0489583 0.0407407
1 0.015625 0.0916667 0.0208333 0.0277778
1 0.846354 0.130556 0.0510417 0.0574074
0 0.559896 0.209259 0.0197917 0.0814815
0 0.471875 0.187037 0.0145833 0.0666667
1 0.803125 0.128704 0.0541667 0.0685185
0 0.615625 0.219444 0.0145833 0.0722222
1 0.294271 0.12037 0.0364583 0.0333333
1 0.358854 0.128704 0.0427083 0.0388889
1 0.532812 0.155556 0.0635417 0.062963
1 0.199479 0.131481 0.034375 0.037037
0 0.633854 0.225 0.0135417 0.0648148
1 0.491667 0.0787037 0.0583333 0.0425926
1 0.575 0.169444 0.05 0.0537037
0 0.644792 0.232407 0.0125 0.0759259
1 0.0140625 0.247222 0.028125 0.087037
1 0.101562 0.149074 0.0302083 0.0314815
1 0.0348958 0.113889 0.021875 0.0314815
1 0.731771 0.200926 0.084375 0.0722222
1 0.577604 0.322222 0.157292 0.125926
1 0.441667 0.768519 0.24375 0.374074
