0 0.0473958 0.425 0.0197917 0.105556
1 0.205208 0.0777778 0.0291667 0.037037
1 0.603646 0.0805556 0.0572917 0.0388889
0 0.931771 0.211111 0.0135417 0.0518519
0 0.0692708 0.533333 0.028125 0.111111
1 0.26875 0.0694444 0.0479167 0.05
1 0.875 0.168519 0.04375 0.0444444
0 0.0807292 0.437963 0.0239583 0.116667
0 0.642187 0.217593 0.0177083 0.0796296
0 0.710938 0.250926 0.0197917 0.0833333
1 0.819271 0.157407 0.046875 0.0481481
1 0.134896 0.141667 0.0364583 0.0537037
1 0.0875 0.165741 0.0708333 0.142593
1 0.266146 0.140741 0.0427083 0.0481481
1 0.533333 0.333333 0.114583 0.103704
1 0.353646 0.153704 0.0572917 0.0703704
1 0.799479 0.228704 0.071875 0.0722222
1 0.530729 0.255556 0.101042 0.0703704
1 0.255729 0.222222 0.065625 0.0814815
1 0.617188 0.834259 0.280208 0.324074
