0 0.332812 0.241667 0.015625 0.0759259
1 0.723437 0.0648148 0.0260417 0.037037
0 0.251042 0.818519 0.0354167 0.196296
1 0.928646 0.113889 0.028125 0.0425926
1 0.239583 0.214815 0.0416667 0.0666667
1 0.369271 0.157407 0.0364583 0.0518519
1 0.578125 0.0648148 0.0208333 0.0296296
0 0.0723958 0.871296 0.0427083 0.142593
1 0.546875 0.0537037 0.0166667 0.0296296
0 0.315625 0.609259 0.0395833 0.185185
1 0.352083 0.178704 0.0395833 0.0611111
0 0.15 0.962963 0.05 0.0740741
0 0.207292 0.89537 0.0416667 0.205556
1 0.959896 0.125 0.046875 0.0425926
1 0.652604 0.77963 0.151042 0.403704
1 0.570833 0.0842593 0.0229167 0.0351852
1 0.239063 0.292593 0.0510417 0.0851852
1 0.761979 0.0981481 0.0302083 0.0444444
1 0.6125 0.0981481 0.0270833 0.0407407
1 0.615625 0.323148 0.0625 0.142593
1 0.0744792 0.483333 0.090625 0.125926
1 0.571354 0.125926 0.028125 0.0407407
1 0.216667 0.325926 0.0645833 0.0962963
1 0.0348958 0.556481 0.0697917 0.175926
1 0.123958 0.417593 0.0916667 0.109259
1 0.640625 0.171296 0.0395833 0.0648148
1 0.175 0.371296 0.08125 0.109259
1 0.566146 0.209259 0.0447917 0.0703704
