1 0.894792 0.132407 0.0270833 0.0351852
1 0.230729 0.332407 0.0364583 0.0833333
1 0.593229 0.112037 0.021875 0.0425926
1 0.580729 0.140741 0.0302083 0.037037
1 0.371354 0.198148 0.040625 0.0407407
0 0.110937 0.734259 0.0322917 0.183333
0 0.217708 0.528704 0.03125 0.112963
1 0.193229 0.335185 0.107292 0.0962963
1 0.313542 0.239815 0.0604167 0.0648148
0 0.165104 0.60463 0.0322917 0.164815
1 0.697396 0.0981481 0.0177083 0.0333333
1 0.154687 0.37963 0.0385417 0.0962963
1 0.386979 0.237037 0.046875 0.0592593
0 0.2625 0.400926 0.0208333 0.0833333
1 0.557292 0.135185 0.0229167 0.037037
0 0.138542 0.673148 0.0333333 0.194444
1 0.951563 0.158333 0.034375 0.0462963
1 0.584375 0.158333 0.0333333 0.0537037
1 0.242708 0.30463 0.05 0.0722222
1 0.0197917 0.506481 0.0395833 0.0796296
0 0.207813 0.591667 0.0322917 0.153704
1 0.628646 0.136111 0.0260417 0.0388889
0 0.0890625 0.765741 0.0385417 0.187037
0 0.0546875 0.816667 0.046875 0.2
1 0.970833 0.17037 0.05 0.0518519
1 0.561458 0.199074 0.0354167 0.0574074
0 0.0171875 0.864815 0.034375 0.211111
1 0.499479 0.544444 0.101042 0.237037
0 0.273438 0.476852 0.0260417 0.112963
0 0.233333 0.491667 0.0270833 0.131481
1 0.579687 0.228704 0.0385417 0.0648148
1 0.320312 0.287963 0.053125 0.0722222
1 0.113021 0.417593 0.0864583 0.101852
1 0.421875 0.285185 0.0895833 0.0740741
1 0.500521 0.360185 0.0635417 0.0981481
