0 0.0223958 0.374074 0.0239583 0.103704
1 0.858854 0.183333 0.0447917 0.037037
1 0.788021 0.267593 0.0177083 0.0537037
1 0.994271 0.237037 0.009375 0.0333333
1 0.639583 0.263889 0.0375 0.0388889
0 0.00625 0.52963 0.0125 0.114815
1 0.669792 0.252778 0.0458333 0.0425926
1 0.607292 0.277778 0.0416667 0.0444444
1 0.967188 0.212963 0.0197917 0.0259259
1 0.569271 0.292593 0.0447917 0.0481481
1 0.525521 0.308333 0.0447917 0.0388889
1 0.955208 0.319444 0.0395833 0.0648148
1 0.407813 0.34537 0.0739583 0.0759259
1 0.945312 0.255556 0.028125 0.0407407
1 0.903125 0.29537 0.0375 0.0537037
1 0.16875 0.398148 0.0604167 0.062963
1 0.803125 0.349074 0.0520833 0.0611111
1 0.885938 0.353704 0.053125 0.0666667
1 0.260938 0.416667 0.0927083 0.0777778
1 0.134375 0.492593 0.11875 0.111111
