1 0.3 0.155556 0.0333333 0.0407407
0 0.260938 0.197222 0.028125 0.0722222
1 0.841146 0.138889 0.0427083 0.0481481
1 0.320833 0.136111 0.0354167 0.0425926
0 0.313542 0.182407 0.0125 0.0648148
0 0.0453125 0.500926 0.0177083 0.0685185
1 0.266667 0.183333 0.0354167 0.0555556
1 0.0578125 0.277778 0.0572917 0.0666667
1 0.259375 0.198148 0.0333333 0.0666667
1 0.293229 0.163889 0.0239583 0.0425926
1 0.939062 0.197222 0.0614583 0.0648148
1 0.853125 0.147222 0.0583333 0.0574074
1 0.95 0.150926 0.0729167 0.0648148
1 0.277604 0.174074 0.0260417 0.0444444
1 0.971354 0.217593 0.0572917 0.0685185
1 0.642708 0.0574074 0.01875 0.0296296
1 0.235417 0.207407 0.0416667 0.0592593
1 0.0640625 0.35463 0.034375 0.0759259
0 0.597396 0.210185 0.0177083 0.0648148
1 0.596875 0.0685185 0.0208333 0.0296296
1 0.615625 0.0842593 0.0208333 0.0314815
1 0.643229 0.112963 0.0260417 0.0444444
1 0.198958 0.224074 0.05 0.0592593
1 0.0921875 0.321296 0.0677083 0.0833333
1 0.157813 0.215741 0.0489583 0.0611111
0 0.0786458 0.482407 0.028125 0.131481
1 0.573438 0.0898148 0.021875 0.0351852
0 0.0552083 0.539815 0.0333333 0.138889
1 0.647917 0.181481 0.0395833 0.062963
1 0.126042 0.289815 0.05 0.0722222
0 0.160417 0.402778 0.0270833 0.105556
1 0.7125 0.293519 0.0583333 0.087037
1 0.728125 0.832407 0.164583 0.264815
