1 0.394792 0.0935185 0.0583333 0.0388889
1 0.195312 0.162037 0.0385417 0.05
1 0.535417 0.949074 0.10625 0.0944444
1 0.853646 0.0268519 0.0427083 0.0425926
1 0.679688 0.235185 0.0614583 0.0777778
1 0.0161458 0.237963 0.0322917 0.0537037
1 0.0744792 0.50463 0.148958 0.168519
1 0.0291667 0.201852 0.05625 0.0407407
1 0.638021 0.169444 0.0635417 0.0648148
0 0.975521 0.936111 0.0489583 0.124074
1 0.217708 0.158333 0.0791667 0.0648148
1 0.742188 0.0481481 0.040625 0.037037
1 0.595312 0.353704 0.144792 0.133333
0 0.916146 0.758333 0.046875 0.15
1 0.0729167 0.217593 0.0916667 0.0685185
1 0.459375 0.950926 0.210417 0.0944444
1 0.660417 0.107407 0.0520833 0.0518519
1 0.9625 0.162963 0.0729167 0.0814815
1 0.0432292 0.630556 0.0864583 0.116667
1 0.43125 0.264815 0.0708333 0.0666667
1 0.108333 0.903704 0.216667 0.192593
1 0.784896 0.305556 0.105208 0.111111
1 0.622396 0.552778 0.167708 0.168519
