1 0.909896 0.140741 0.0489583 0.0481481
1 0.867708 0.14537 0.0541667 0.05
1 0.163021 0.188889 0.107292 0.062963
0 0.102083 0.268519 0.0395833 0.0777778
0 0.641667 0.227778 0.0145833 0.0888889
1 0.455729 0.0990741 0.0510417 0.0611111
1 0.573958 0.174074 0.0708333 0.0777778
0 0.63125 0.230556 0.0208333 0.0907407
0 0.749479 0.212963 0.0197917 0.0777778
0 0.6625 0.223148 0.0166667 0.0833333
1 0.0536458 0.263889 0.105208 0.0981481
1 0.1875 0.240741 0.133333 0.103704
1 0.641667 0.357407 0.170833 0.162963
