1 0.807292 0.178704 0.0354167 0.05
1 0.546875 0.0962963 0.01875 0.0259259
1 0.515625 0.0824074 0.0208333 0.0425926
1 0.696875 0.162037 0.0291667 0.0388889
1 0.676562 0.135185 0.0239583 0.0444444
1 0.751562 0.177778 0.034375 0.0481481
1 0.466146 0.185185 0.040625 0.0888889
1 0.802604 0.253704 0.0447917 0.0592593
1 0.629687 0.152778 0.0302083 0.0574074
1 0.646875 0.200926 0.0354167 0.0722222
1 0.0109375 0.818519 0.021875 0.133333
1 0.715625 0.215741 0.0416667 0.0574074
1 0.945312 0.312037 0.065625 0.0833333
1 0.853646 0.314815 0.0635417 0.0814815
1 0.670313 0.322222 0.053125 0.0777778
1 0.763542 0.324074 0.0625 0.0814815
1 0.948438 0.75 0.103125 0.2
1 0.397396 0.628704 0.109375 0.235185
1 0.192188 0.392593 0.0677083 0.0851852
1 0.959896 0.492593 0.0802083 0.114815
1 0.304688 0.508333 0.103125 0.175926
1 0.695833 0.457407 0.0770833 0.118519
