1 0.869792 0.121296 0.0625 0.0574074
0 0.566146 0.183333 0.0135417 0.0703704
1 0.584375 0.0731481 0.05625 0.05
0 0.617708 0.202778 0.0145833 0.0685185
1 0.420833 0.121296 0.0583333 0.0425926
1 0.109375 0.0990741 0.0166667 0.0240741
1 0.508854 0.0648148 0.0510417 0.0407407
0 0.528125 0.172222 0.0145833 0.062963
1 0.89375 0.217593 0.0958333 0.0611111
0 0.583854 0.193519 0.015625 0.0722222
1 0.825521 0.12037 0.053125 0.0592593
1 0.315625 0.102778 0.0354167 0.0351852
1 0.528646 0.0703704 0.0635417 0.0407407
0 0.633854 0.20463 0.015625 0.0722222
0 0.675 0.222222 0.0229167 0.0888889
1 0.0125 0.118519 0.01875 0.0222222
1 0.596354 0.157407 0.0489583 0.0555556
1 0.0541667 0.135185 0.025 0.037037
1 0.756771 0.191667 0.0927083 0.0759259
1 0.979688 0.125926 0.040625 0.0777778
1 0.24375 0.161111 0.0479167 0.0666667
1 0.08125 0.214815 0.0416667 0.0592593
1 0.153125 0.217593 0.05 0.0648148
1 0.150521 0.314815 0.0697917 0.0962963
1 0.465104 0.726852 0.234375 0.335185
