1 0.570833 0.0157407 0.01875 0.0203704
0 0.835417 0.230556 0.0333333 0.0796296
0 0.971354 0.563889 0.0114583 0.0574074
0 0.0520833 0.269444 0.0125 0.0759259
0 0.0046875 0.271296 0.009375 0.0611111
1 0.259375 0.161111 0.0375 0.0592593
1 0.009375 0.225926 0.01875 0.0259259
1 0.825 0.133333 0.0291667 0.037037
1 0.50625 0.0259259 0.0166667 0.0333333
1 0.479688 0.0388889 0.0177083 0.0259259
0 0.84375 0.230556 0.0145833 0.0796296
1 0.436458 0.163889 0.0375 0.0648148
0 0.826563 0.226852 0.015625 0.0796296
1 0.275521 0.291667 0.0260417 0.0722222
1 0.864583 0.156481 0.03125 0.0611111
1 0.434375 0.0759259 0.025 0.037037
1 0.796354 0.112963 0.0322917 0.0481481
1 0.420833 0.201852 0.0604167 0.0851852
1 0.980208 0.256481 0.0395833 0.109259
1 0.226042 0.199074 0.0479167 0.0685185
1 0.138021 0.209259 0.0572917 0.0592593
1 0.454688 0.12963 0.0322917 0.0481481
1 0.0484375 0.207407 0.040625 0.062963
1 0.3125 0.221296 0.05625 0.0722222
1 0.447917 0.257407 0.0645833 0.0851852
1 0.888021 0.177778 0.0510417 0.0777778
1 0.960938 0.19537 0.0760417 0.0648148
1 0.442708 0.340741 0.0708333 0.107407
