0 0.911458 0.0601852 0.0166667 0.0759259
1 0.0192708 0.122222 0.0385417 0.0518519
0 0.972917 0.1 0.0166667 0.0925926
0 0.941146 0.107407 0.015625 0.0888889
0 0.916667 0.114815 0.01875 0.0925926
0 0.958854 0.115741 0.0197917 0.116667
0 0.0286458 0.294444 0.0302083 0.12963
1 0.519271 0.0212963 0.040625 0.0388889
0 0.0177083 0.335185 0.0354167 0.166667
1 0.441667 0.037037 0.0479167 0.0740741
1 0.344271 0.0935185 0.0635417 0.109259
1 0.329688 0.262963 0.115625 0.2
1 0.439063 0.396296 0.115625 0.22963
