1 0.0833333 0.531482 0.145833 0.0925926
0 0.418229 0.488889 0.0177083 0.0851852
1 0.988542 0.639815 0.0229167 0.0425926
0 0.34375 0.491667 0.0166667 0.0685185
1 0.260417 0.619444 0.11875 0.131481
1 0.236458 0.487037 0.0979167 0.0740741
1 0.963021 0.527778 0.0552083 0.0592593
1 0.040625 0.521296 0.0604167 0.0907407
1 0.845833 0.673148 0.09375 0.0833333
1 0.58125 0.711111 0.129167 0.103704
1 0.122917 0.559259 0.06875 0.0888889
1 0.0578125 0.961111 0.115625 0.0777778
1 0.0421875 0.699074 0.084375 0.12037
1 0.673958 0.787037 0.14375 0.155556
1 0.323958 0.839815 0.183333 0.164815
