0 0.245833 0.421296 0.0291667 0.0833333
1 0.253646 0.233333 0.0364583 0.0814815
1 0.107813 0.350926 0.128125 0.105556
0 0.0296875 0.687037 0.028125 0.0925926
1 0.2875 0.137963 0.0416667 0.0648148
1 0.376563 0.10463 0.053125 0.05
0 0.103646 0.709259 0.0302083 0.188889
1 0.980729 0.0277778 0.0385417 0.0518519
1 0.217708 0.236111 0.104167 0.0944444
0 0.160938 0.530556 0.0302083 0.0981481
1 0.0328125 0.435185 0.065625 0.111111
1 0.389583 0.0972222 0.0333333 0.05
0 0.146875 0.64537 0.0333333 0.17963
1 0.178646 0.287037 0.040625 0.0962963
0 0.251042 0.45463 0.0270833 0.12037
1 0.367188 0.116667 0.0427083 0.0518519
0 0.158333 0.625 0.0333333 0.168519
0 0.0895833 0.725 0.0520833 0.194444
0 0.0567708 0.772222 0.0510417 0.2
1 0.755208 0.0388889 0.0354167 0.0703704
0 0.0265625 0.824074 0.0510417 0.218519
0 0.122917 0.675926 0.0333333 0.185185
0 0.258333 0.391667 0.03125 0.124074
1 0.269271 0.203704 0.0489583 0.0703704
0 0.19375 0.509259 0.03125 0.17037
1 0.138542 0.325926 0.0854167 0.103704
1 0.335938 0.138889 0.0572917 0.0592593
1 0.808854 0.248148 0.0885417 0.151852
0 0.304167 0.37963 0.0229167 0.118519
1 0.0822917 0.374074 0.0791667 0.0962963
0 0.235938 0.494444 0.028125 0.151852
1 0.472917 0.192593 0.0583333 0.0851852
1 0.501042 0.459259 0.1 0.174074
