1 0.885417 0.0518519 0.0229167 0.037037
1 0.66875 0.107407 0.0375 0.0555556
1 0.8375 0.0675926 0.0229167 0.0314815
1 0.961458 0.121296 0.03125 0.0611111
1 0.916146 0.0787037 0.0239583 0.0462963
1 0.965104 0.0574074 0.021875 0.0407407
1 0.867188 0.0416667 0.0177083 0.0277778
1 0.605729 0.157407 0.0447917 0.0666667
1 0.635417 0.178704 0.0541667 0.0611111
1 0.863542 0.187037 0.0416667 0.0703704
1 0.540104 0.164815 0.0552083 0.0703704
1 0.383333 0.275926 0.0770833 0.0925926
1 0.448958 0.264815 0.0916667 0.122222
1 0.779688 0.288889 0.0614583 0.0851852
1 0.290625 0.486111 0.147917 0.15
1 0.805208 0.623148 0.1 0.198148
1 0.302083 0.291667 0.0833333 0.0796296
1 0.0546875 0.603704 0.109375 0.162963
1 0.56875 0.675926 0.164583 0.233333
1 0.116667 0.412963 0.114583 0.118519
