1 0.341667 0.175926 0.05 0.0555556
1 0.30625 0.202778 0.0833333 0.0648148
0 0.232292 0.882407 0.0354167 0.205556
1 0.245312 0.196296 0.046875 0.0666667
1 0.330729 0.187963 0.046875 0.0611111
1 0.366146 0.15 0.0427083 0.0592593
1 0.357812 0.162963 0.034375 0.0555556
0 0.198437 0.789815 0.046875 0.109259
1 0.767708 0.106481 0.0375 0.0574074
0 0.232292 0.752778 0.0416667 0.212963
0 0.151562 0.483333 0.0260417 0.111111
0 0.179167 0.914815 0.0479167 0.17037
0 0.0895833 0.825 0.0354167 0.235185
1 0.806771 0.141667 0.040625 0.05
0 0.293229 0.578704 0.0302083 0.142593
0 0.207813 0.900926 0.0364583 0.198148
1 0.246354 0.27963 0.053125 0.0925926
1 0.622396 0.101852 0.0322917 0.0518519
0 0.289062 0.727778 0.0385417 0.196296
1 0.744792 0.137037 0.0395833 0.062963
1 0.221354 0.309259 0.065625 0.0925926
1 0.558854 0.117593 0.0302083 0.05
0 0.308333 0.565741 0.0291667 0.183333
1 0.840104 0.181481 0.0489583 0.0666667
1 0.0828125 0.464815 0.0885417 0.12963
1 0.602083 0.215741 0.0479167 0.0796296
1 0.131771 0.403704 0.0927083 0.118519
1 0.644792 0.160185 0.0395833 0.0611111
1 0.183854 0.35463 0.0802083 0.109259
1 0.0390625 0.539815 0.078125 0.17963
1 0.790104 0.208333 0.0614583 0.101852
1 0.476562 0.221296 0.0802083 0.0796296
