1 0.938542 0.180556 0.0666667 0.0648148
1 0.448438 0.111111 0.0302083 0.0407407
1 0.260417 0.164815 0.0354167 0.0481481
1 0.989062 0.22963 0.021875 0.0444444
1 0.479688 0.0833333 0.0239583 0.037037
0 0.065625 0.49537 0.0354167 0.131481
1 0.950521 0.134259 0.0802083 0.0648148
1 0.51875 0.12037 0.0291667 0.0444444
1 0.578125 0.0888889 0.025 0.0481481
1 0.235417 0.181481 0.04375 0.0518519
1 0.639583 0.136111 0.0395833 0.0796296
1 0.464063 0.137963 0.0322917 0.0611111
0 0.126042 0.355556 0.0291667 0.0962963
1 0.969792 0.203704 0.0604167 0.0666667
1 0.683333 0.169444 0.0395833 0.0574074
1 0.153125 0.193519 0.05 0.0574074
0 0.95625 0.321296 0.025 0.12037
1 0.201562 0.2 0.0572917 0.062963
1 0.0609375 0.330556 0.034375 0.0759259
1 0.325521 0.237963 0.0572917 0.0722222
1 0.403125 0.206481 0.0395833 0.0722222
1 0.121354 0.267593 0.0614583 0.0722222
0 0.9875 0.353704 0.0208333 0.12963
0 0.0739583 0.456481 0.0270833 0.135185
1 0.677083 0.212037 0.0479167 0.0759259
1 0.0359375 0.921296 0.071875 0.15
1 0.0875 0.298148 0.0645833 0.0851852
0 0.0520833 0.513889 0.0333333 0.138889
1 0.860937 0.399074 0.0927083 0.131481
1 0.910937 0.708333 0.178125 0.253704
1 0.650521 0.414815 0.0822917 0.12963
1 0.43125 0.251852 0.0604167 0.0851852
1 0.473958 0.551852 0.09375 0.218519
1 0.726042 0.289815 0.06875 0.0944444
1 0.39375 0.373148 0.0791667 0.124074
