0 0.893229 0.203704 0.0135417 0.0592593
1 0.0505208 0.0666667 0.0385417 0.0555556
1 0.603125 0.0814815 0.0604167 0.0407407
0 0.976562 0.225 0.0177083 0.0648148
0 0.541667 0.177778 0.0145833 0.0481481
1 0.327604 0.142593 0.0552083 0.0444444
1 0.0953125 0.196296 0.0864583 0.177778
1 0.318229 0.176852 0.0552083 0.0611111
0 0.08125 0.408333 0.0270833 0.112963
1 0.820312 0.156481 0.0447917 0.0462963
1 0.186979 0.217593 0.0572917 0.0796296
0 0.103646 0.489815 0.0239583 0.112963
1 0.868229 0.506481 0.211458 0.164815
1 0.628125 0.40463 0.147917 0.142593
1 0.48125 0.485185 0.160417 0.196296
