1 0.241146 0.192593 0.040625 0.0666667
1 0.332812 0.176852 0.0385417 0.0574074
1 0.35 0.160185 0.0395833 0.0537037
1 0.654167 0.00833333 0.01875 0.0166667
1 0.240625 0.271296 0.0520833 0.0833333
0 0.221354 0.374074 0.021875 0.118519
0 0.585417 0.0740741 0.0125 0.0407407
0 0.133854 0.918519 0.0572917 0.148148
1 0.300521 0.196296 0.0614583 0.062963
0 0.196354 0.962037 0.0489583 0.0722222
1 0.220313 0.30463 0.0697917 0.0944444
0 0.0828125 0.878704 0.046875 0.187037
1 0.672396 0.0564815 0.0260417 0.0388889
0 0.270833 0.738889 0.0479167 0.22963
1 0.861458 0.125926 0.0666667 0.0666667
0 0.210938 0.878704 0.059375 0.22037
1 0.0791667 0.466667 0.0875 0.133333
1 0.177083 0.352778 0.075 0.112963
0 0.302604 0.841667 0.0489583 0.246296
1 0.128646 0.400926 0.090625 0.12037
1 0.0369792 0.538889 0.0739583 0.174074
1 0.933333 0.349074 0.1 0.112963
1 0.719792 0.643519 0.133333 0.238889
