1 0.480729 0.0722222 0.021875 0.0333333
1 0.236979 0.180556 0.0447917 0.0537037
1 0.265625 0.161111 0.04375 0.0518519
1 0.860417 0.133333 0.05625 0.0592593
1 0.440625 0.227778 0.0583333 0.103704
1 0.955729 0.148148 0.0864583 0.0666667
1 0.519792 0.1 0.0270833 0.0407407
0 0.133854 0.282407 0.0197917 0.0796296
0 0.0416667 0.47963 0.0166667 0.0777778
1 0.989583 0.225 0.0208333 0.0462963
1 0.465625 0.116667 0.0395833 0.0592593
1 0.580729 0.0981481 0.0302083 0.0518519
1 0.154167 0.192593 0.05 0.0592593
0 0.292708 0.230556 0.0145833 0.0685185
1 0.682292 0.187963 0.0395833 0.0611111
1 0.201042 0.2 0.05625 0.062963
0 0.948958 0.318519 0.0291667 0.118519
1 0.979167 0.949074 0.0416667 0.0944444
1 0.410937 0.181481 0.040625 0.062963
1 0.646354 0.146296 0.0427083 0.0851852
0 0.990104 0.35 0.0197917 0.133333
1 0.328125 0.236111 0.0520833 0.0759259
1 0.970312 0.2 0.059375 0.0703704
1 0.0885417 0.29537 0.0666667 0.0833333
0 0.075 0.460185 0.0270833 0.127778
0 0.0578125 0.514815 0.0302083 0.137037
1 0.455729 0.203704 0.0489583 0.0703704
1 0.1375 0.95463 0.172917 0.087037
1 0.425 0.287963 0.0604167 0.0944444
1 0.691146 0.236111 0.053125 0.0796296
1 0.488542 0.400926 0.0729167 0.157407
1 0.420833 0.872222 0.18125 0.251852
1 0.148958 0.650926 0.147917 0.22037
1 0.753125 0.341667 0.08125 0.109259
1 0.928646 0.528704 0.126042 0.168519
1 0.689062 0.57963 0.111458 0.188889
