1 0.865104 0.142593 0.0177083 0.0259259
1 0.736458 0.159259 0.03125 0.037037
1 0.0104167 0.112963 0.01875 0.037037
1 0.933854 0.150926 0.0197917 0.0277778
1 0.828646 0.185185 0.028125 0.0407407
1 0.968229 0.156481 0.021875 0.0314815
1 0.663021 0.177778 0.028125 0.0333333
1 0.078125 0.107407 0.0895833 0.0407407
1 0.874479 0.187037 0.0260417 0.0444444
1 0.670313 0.234259 0.0489583 0.0648148
1 0.764583 0.274074 0.0458333 0.0592593
1 0.965104 0.262037 0.0364583 0.0574074
1 0.895312 0.303704 0.0427083 0.0666667
1 0.620313 0.237037 0.0489583 0.0555556
1 0.450521 0.30463 0.065625 0.0759259
1 0.507812 0.311111 0.0635417 0.0703704
1 0.470313 0.668519 0.163542 0.196296
1 0.234375 0.391667 0.10625 0.101852
