0 0.788542 0.203704 0.0166667 0.062963
1 0.399479 0.102778 0.0302083 0.0388889
1 0.244271 0.169444 0.0510417 0.0796296
0 0.119792 0.426852 0.01875 0.087037
0 0.828125 0.230556 0.01875 0.0759259
1 0.702604 0.0546296 0.0197917 0.0277778
1 0.684896 0.1 0.0302083 0.0296296
0 0.164062 0.398148 0.0239583 0.0666667
1 0.810938 0.0972222 0.0427083 0.0462963
1 0.322917 0.087963 0.0458333 0.0537037
1 0.359896 0.114815 0.053125 0.0555556
1 0.4125 0.158333 0.05 0.0648148
1 0.473437 0.0592593 0.0385417 0.0740741
0 0.945833 0.369444 0.025 0.105556
0 0.918229 0.325 0.021875 0.0981481
0 0.0796875 0.468519 0.0239583 0.111111
1 0.614583 0.102778 0.0333333 0.0462963
1 0.425521 0.218519 0.0614583 0.111111
0 0.01875 0.536111 0.0375 0.157407
1 0.250521 0.840741 0.215625 0.303704
