1 0.390625 0.0259259 0.03125 0.037037
1 0.378125 0.0425926 0.0458333 0.0481481
0 0.164583 0.443519 0.0645833 0.105556
0 0.209896 0.310185 0.0239583 0.0981481
1 0.369271 0.0518519 0.0322917 0.0444444
0 0.0536458 0.298148 0.021875 0.0888889
0 0.483333 0.459259 0.0416667 0.0740741
1 0.307813 0.12037 0.046875 0.0592593
0 0.297917 0.537963 0.0354167 0.168519
0 0.148438 0.433333 0.0322917 0.0888889
1 0.306771 0.0648148 0.0427083 0.0555556
0 0.183333 0.448148 0.03125 0.114815
1 0.874479 0.0268519 0.053125 0.05
0 0.317708 0.468519 0.0270833 0.140741
1 0.852083 0.0694444 0.0541667 0.05
0 0.268229 0.261111 0.0177083 0.0666667
1 0.986979 0.0814815 0.0260417 0.0518519
1 0.447396 0.012037 0.021875 0.0240741
1 0.290104 0.137963 0.0489583 0.0611111
0 0.989583 0.162963 0.0208333 0.0888889
1 0.982813 0.0222222 0.034375 0.0444444
1 0.034375 0.461111 0.06875 0.118519
1 0.191146 0.256481 0.0635417 0.087037
1 0.941667 0.0231481 0.04375 0.0462963
1 0.2625 0.180556 0.0604167 0.0759259
1 0.404167 0.0814815 0.0645833 0.0481481
1 0.966146 0.0648148 0.0552083 0.0518519
1 0.225521 0.221296 0.0635417 0.087037
1 0.142188 0.316667 0.0947917 0.12963
