1 0.744271 0.128704 0.021875 0.0314815
1 0.0109375 0.110185 0.021875 0.0314815
1 0.832292 0.177778 0.0270833 0.0407407
1 0.960417 0.111111 0.0166667 0.0296296
1 0.658333 0.19537 0.0375 0.0722222
1 0.863542 0.141667 0.0208333 0.0277778
1 0.0755208 0.10463 0.096875 0.0425926
1 0.877604 0.176852 0.0260417 0.0388889
1 0.817187 0.225 0.0385417 0.0462963
1 0.961458 0.261111 0.0395833 0.0592593
1 0.896354 0.272222 0.0385417 0.0777778
1 0.45 0.307407 0.06875 0.0777778
1 0.516667 0.346296 0.08125 0.0851852
1 0.220313 0.614815 0.165625 0.177778
1 0.661458 0.402778 0.0770833 0.101852
1 0.741146 0.47037 0.0802083 0.111111
1 0.0578125 0.491667 0.115625 0.12037
