1 0.731771 0.124074 0.0385417 0.0444444
1 0.104687 0.116667 0.021875 0.0259259
0 0.517187 0.181481 0.015625 0.062963
1 0.506771 0.0731481 0.0739583 0.0425926
1 0.8125 0.128704 0.05625 0.0648148
0 0.569271 0.196296 0.0177083 0.0777778
0 0.626562 0.219444 0.0197917 0.0833333
1 0.584375 0.164815 0.0479167 0.0555556
1 0.54375 0.150926 0.0666667 0.0611111
1 0.970833 0.134259 0.0541667 0.0796296
1 0.0380208 0.142593 0.0239583 0.0333333
0 0.750521 0.258333 0.0239583 0.0981481
1 0.176042 0.172222 0.0375 0.0444444
1 0.741667 0.196296 0.0916667 0.0703704
1 0.108854 0.305556 0.0614583 0.0888889
1 0.0765625 0.218519 0.0427083 0.0592593
1 0.308333 0.2 0.0604167 0.0666667
1 0.327604 0.4 0.111458 0.12963
1 0.539583 0.301852 0.102083 0.1
