0 0.107292 0.14537 0.0145833 0.0425926
1 0.840104 0.0101852 0.0385417 0.0203704
1 0.0682292 0.221296 0.0677083 0.0388889
1 0.0385417 0.625926 0.0770833 0.133333
1 0.597396 0.349074 0.142708 0.138889
1 0.0208333 0.236111 0.0416667 0.05
1 0.0796875 0.194444 0.0697917 0.0481481
1 0.326562 0.113889 0.0510417 0.0462963
1 0.411458 0.612963 0.141667 0.159259
1 0.200521 0.169444 0.0760417 0.0537037
1 0.315104 0.325 0.0677083 0.0722222
1 0.742188 0.182407 0.053125 0.0611111
1 0.692187 0.0953704 0.046875 0.05
1 0.341146 0.37037 0.0885417 0.0814815
1 0.246354 0.381481 0.084375 0.0888889
1 0.681771 0.505556 0.140625 0.144444
1 0.848958 0.252778 0.09375 0.101852
