1 0.330729 0.192593 0.0364583 0.0555556
1 0.0515625 0.500926 0.096875 0.135185
1 0.241146 0.20463 0.046875 0.0648148
1 0.69375 0.0611111 0.01875 0.0333333
0 0.305729 0.568519 0.021875 0.155556
0 0.034375 0.55 0.06875 0.177778
0 0.358333 0.212037 0.0125 0.0648148
1 0.732292 0.0546296 0.025 0.0388889
1 0.560417 0.0444444 0.0208333 0.0333333
0 0.276042 0.658333 0.03125 0.138889
1 0.605208 0.0555556 0.01875 0.0296296
1 0.581771 0.0388889 0.0197917 0.0296296
0 0.202083 0.901852 0.04375 0.196296
1 0.330208 0.332407 0.025 0.0981481
1 0.299479 0.211111 0.0572917 0.062963
1 0.719271 0.087963 0.0302083 0.0425926
1 0.753125 0.109259 0.0354167 0.0481481
0 0.289062 0.603704 0.0364583 0.166667
0 0.0416667 0.606481 0.0395833 0.157407
0 0.160938 0.918519 0.0572917 0.162963
1 0.239583 0.283333 0.05 0.0851852
0 0.225521 0.757407 0.040625 0.222222
1 0.780729 0.12963 0.0364583 0.0518519
0 0.28125 0.75 0.03125 0.155556
1 0.0359375 0.548148 0.071875 0.177778
1 0.216667 0.316667 0.0645833 0.0962963
1 0.571354 0.0916667 0.0239583 0.0388889
1 0.0760417 0.473148 0.0895833 0.127778
1 0.177083 0.361111 0.0833333 0.111111
0 0.0666667 0.894444 0.0645833 0.196296
1 0.126042 0.414815 0.0895833 0.122222
1 0.811979 0.162037 0.0489583 0.0611111
1 0.586458 0.17963 0.0375 0.062963
1 0.863542 0.238889 0.0645833 0.0851852
1 0.741667 0.163889 0.0479167 0.0648148
1 0.609896 0.362037 0.0760417 0.116667
