1 0.566667 0.0657407 0.0166667 0.0277778
0 0.274479 0.607407 0.0322917 0.114815
1 0.369271 0.159259 0.0385417 0.0518519
1 0.349479 0.186111 0.0385417 0.0574074
0 0.0838542 0.886111 0.0302083 0.187037
1 0.582812 0.0833333 0.021875 0.0333333
0 0.172396 0.807407 0.0260417 0.0740741
0 0.251042 0.80463 0.0333333 0.168519
1 0.329688 0.206481 0.0385417 0.0574074
1 0.296875 0.225 0.0583333 0.0611111
0 0.142708 0.962037 0.05 0.0759259
1 0.238542 0.296296 0.05 0.0814815
0 0.204688 0.899074 0.0364583 0.198148
0 0.318229 0.613889 0.034375 0.17963
1 0.542188 0.0953704 0.0239583 0.0425926
1 0.607292 0.107407 0.0291667 0.0444444
0 0.059375 0.927778 0.0583333 0.122222
1 0.570833 0.135185 0.0291667 0.0481481
1 0.580729 0.213889 0.0427083 0.0685185
1 0.0734375 0.490741 0.090625 0.133333
1 0.216667 0.330556 0.0666667 0.0981481
1 0.034375 0.560185 0.06875 0.175926
1 0.648438 0.2 0.0447917 0.0703704
1 0.174479 0.375926 0.0822917 0.111111
1 0.122917 0.42963 0.0916667 0.125926
1 0.741146 0.42963 0.0927083 0.151852
1 0.569271 0.52963 0.101042 0.181481
