0 0.300521 0.561111 0.0447917 0.166667
1 0.563021 0.0407407 0.021875 0.0444444
0 0.0333333 0.352778 0.0270833 0.116667
1 0.34375 0.143519 0.0395833 0.0611111
0 0.0416667 0.758333 0.0541667 0.209259
0 0.352604 0.449074 0.021875 0.0759259
1 0.211458 0.285185 0.108333 0.1
0 0.409896 0.137963 0.015625 0.0648148
1 0.76875 0.0611111 0.0375 0.0666667
0 0.233854 0.352778 0.0260417 0.112963
1 0.590625 0.147222 0.0416667 0.0722222
0 0.180208 0.427778 0.03125 0.111111
0 0.0932292 0.809259 0.0447917 0.22963
1 0.554688 0.0833333 0.0302083 0.0518519
1 0.805729 0.101852 0.0447917 0.062963
1 0.608854 0.0583333 0.034375 0.0537037
0 0.321875 0.671296 0.05 0.224074
0 0.361979 0.376852 0.0302083 0.135185
0 0.160938 0.897222 0.0614583 0.198148
0 0.204167 0.869444 0.05 0.25
1 0.522917 0.144444 0.0458333 0.0666667
0 0.241667 0.837037 0.04375 0.225926
1 0.901563 0.19537 0.0677083 0.0907407
1 0.696875 0.177778 0.0604167 0.1
1 0.607813 0.199074 0.0572917 0.116667
1 0.188542 0.314815 0.0770833 0.111111
1 0.090625 0.427778 0.0916667 0.133333
1 0.233854 0.267593 0.071875 0.087037
1 0.140625 0.369444 0.0895833 0.124074
1 0.0432292 0.499074 0.0864583 0.172222
1 0.573438 0.335185 0.0572917 0.118519
1 0.663542 0.408333 0.0875 0.153704
1 0.701563 0.818519 0.159375 0.355556
1 0.924479 0.788889 0.151042 0.307407
