1 0.0458333 0.0240741 0.025 0.037037
1 0.311979 0.062963 0.0385417 0.0407407
1 0.415625 0.166667 0.0541667 0.0407407
1 0.377083 0.062963 0.0375 0.0407407
1 0.763021 0.22963 0.103125 0.0814815
1 0.30625 0.22037 0.0791667 0.118519
1 0.743229 0.330556 0.0927083 0.087037
1 0.090625 0.118519 0.0416667 0.0592593
1 0.190625 0.130556 0.05 0.0722222
1 0.402083 0.0953704 0.0479167 0.0537037
1 0.758854 0.286111 0.113542 0.0944444
1 0.526563 0.117593 0.053125 0.0537037
1 0.204688 0.237037 0.0614583 0.0851852
1 0.0307292 0.368519 0.0614583 0.122222
1 0.305729 0.775 0.146875 0.268519
