1 0.109375 0.173148 0.04375 0.109259
1 0.219792 0.225926 0.0541667 0.0962963
1 0.245312 0.273148 0.0447917 0.0722222
1 0.39375 0.273148 0.1875 0.224074
0 0.00885417 0.467593 0.0177083 0.087037
1 0.710417 0.247222 0.120833 0.109259
1 0.518229 0.284259 0.0822917 0.0981481
1 0.299479 0.30463 0.0739583 0.105556
1 0.951042 0.509259 0.0979167 0.17037
1 0.909375 0.323148 0.15 0.135185
1 0.805208 0.416667 0.164583 0.118519
1 0.628646 0.34537 0.126042 0.12037
1 0.833854 0.528704 0.180208 0.216667
1 0.963542 0.665741 0.0708333 0.153704
1 0.359375 0.358333 0.075 0.105556
1 0.648438 0.452778 0.165625 0.146296
1 0.434896 0.42037 0.113542 0.133333
1 0.591146 0.533333 0.159375 0.177778
1 0.827083 0.703704 0.277083 0.340741
