1 0.309375 0.149074 0.0208333 0.0388889
1 0.991146 0.242593 0.0177083 0.0481481
1 0.355208 0.107407 0.025 0.0333333
1 0.613021 0.137037 0.065625 0.0481481
1 0.947396 0.14537 0.0677083 0.0611111
1 0.059375 0.271296 0.05625 0.0648148
1 0.110417 0.29537 0.075 0.0907407
0 0.201562 0.37963 0.0239583 0.0888889
1 0.940625 0.188889 0.0604167 0.062963
1 0.595312 0.0481481 0.0177083 0.0259259
1 0.859375 0.142593 0.05 0.0555556
1 0.0645833 0.350926 0.0333333 0.0759259
1 0.525 0.0722222 0.01875 0.037037
1 0.295312 0.157407 0.0239583 0.0444444
1 0.197396 0.221296 0.0427083 0.0537037
1 0.278125 0.169444 0.0270833 0.0425926
1 0.635417 0.138889 0.0333333 0.0592593
1 0.971354 0.210185 0.0572917 0.0685185
0 0.0791667 0.471296 0.0270833 0.131481
1 0.241146 0.197222 0.0427083 0.0537037
1 0.261979 0.181481 0.0322917 0.0481481
1 0.155208 0.209259 0.05 0.062963
1 0.579687 0.10463 0.0260417 0.0351852
1 0.635938 0.0731481 0.0239583 0.0314815
1 0.127083 0.282407 0.0541667 0.0722222
1 0.632292 0.183333 0.0416667 0.062963
0 0.0567708 0.52963 0.034375 0.140741
1 0.590625 0.135185 0.0270833 0.0444444
1 0.844792 0.937037 0.195833 0.118519
1 0.090625 0.313889 0.0708333 0.087037
1 0.722396 0.355556 0.078125 0.107407
