1 0.495313 0.087963 0.0239583 0.0388889
1 0.459896 0.107407 0.0364583 0.0777778
1 0.525 0.0703704 0.0208333 0.0333333
1 0.271354 0.157407 0.0427083 0.0481481
1 0.518229 0.173148 0.0364583 0.0907407
0 0.303125 0.212963 0.0125 0.062963
1 0.290625 0.147222 0.0291667 0.0462963
1 0.990625 0.227778 0.01875 0.0444444
0 0.991667 0.350926 0.0166667 0.124074
1 0.951563 0.134259 0.078125 0.0648148
1 0.940104 0.17963 0.0635417 0.0666667
1 0.853646 0.127778 0.065625 0.062963
1 0.0635417 0.335185 0.0354167 0.0777778
1 0.239063 0.186111 0.040625 0.0537037
1 0.485417 0.133333 0.0354167 0.0592593
1 0.263021 0.167593 0.0322917 0.05
0 0.0463542 0.514815 0.0197917 0.137037
0 0.0640625 0.521296 0.0260417 0.131481
1 0.735417 0.198148 0.04375 0.0740741
1 0.523438 0.146296 0.0322917 0.0555556
1 0.606771 0.210185 0.046875 0.0759259
0 0.969792 0.317593 0.025 0.112963
1 0.15625 0.197222 0.0520833 0.0648148
1 0.970833 0.198148 0.0583333 0.0740741
1 0.203125 0.20463 0.0583333 0.0611111
1 0.125521 0.27037 0.0510417 0.0740741
0 0.235938 0.34537 0.0177083 0.0981481
1 0.915625 0.703704 0.16875 0.281481
1 0.332812 0.225 0.0489583 0.0722222
1 0.0911458 0.303704 0.071875 0.0851852
1 0.506771 0.207407 0.0447917 0.0703704
0 0.078125 0.460185 0.0270833 0.131481
1 0.61875 0.273148 0.0604167 0.105556
1 0.708333 0.277778 0.0645833 0.1
1 0.484896 0.335185 0.0697917 0.114815
1 0.379687 0.34537 0.0697917 0.101852
1 0.802083 0.448148 0.10625 0.151852
