1 0.357812 0.109259 0.0302083 0.0296296
1 0.021875 0.244444 0.04375 0.0481481
1 0.344792 0.111111 0.0395833 0.0333333
1 0.117708 0.207407 0.0375 0.037037
1 0.382292 0.0990741 0.0354167 0.0351852
1 0.330208 0.125 0.0333333 0.0314815
1 0.168229 0.157407 0.028125 0.0333333
1 0.065625 0.231481 0.0791667 0.0555556
1 0.764583 0.0268519 0.0354167 0.0462963
1 0.770833 0.0759259 0.0458333 0.0555556
1 0.401563 0.0925926 0.0427083 0.0333333
1 0.0302083 0.219444 0.0583333 0.0574074
1 0.257292 0.356481 0.03125 0.05
1 0.45625 0.0740741 0.0458333 0.037037
1 0.210417 0.166667 0.0604167 0.0481481
1 0.547396 0.174074 0.040625 0.0518519
1 0.595312 0.352778 0.146875 0.131481
1 0.0515625 0.639815 0.103125 0.127778
1 0.516146 0.219444 0.046875 0.0685185
1 0.473958 0.272222 0.06875 0.0814815
1 0.823438 0.12037 0.0489583 0.0555556
1 0.694792 0.101852 0.0458333 0.0481481
1 0.971354 0.276852 0.0572917 0.0944444
1 0.578646 0.564815 0.169792 0.174074
