1 0.249479 0.250926 0.0447917 0.0685185
1 0.519271 0.260185 0.084375 0.105556
1 0.717188 0.234259 0.111458 0.0944444
1 0.301042 0.281481 0.0770833 0.103704
1 0.905208 0.287963 0.164583 0.146296
1 0.952604 0.482407 0.0947917 0.175926
1 0.632812 0.324074 0.134375 0.118519
1 0.836458 0.506481 0.18125 0.212963
1 0.808854 0.394444 0.167708 0.118519
1 0.3625 0.337963 0.0770833 0.101852
1 0.966146 0.64537 0.0677083 0.157407
1 0.438021 0.398148 0.113542 0.133333
1 0.651042 0.433333 0.166667 0.148148
1 0.594792 0.513889 0.158333 0.175926
1 0.826042 0.681481 0.279167 0.337037
