1 0.0432292 0.22037 0.0322917 0.0518519
1 0.581771 0.117593 0.059375 0.0537037
1 0.854167 0.162037 0.06875 0.0574074
1 0.511979 0.109259 0.0760417 0.0407407
1 0.0932292 0.286111 0.0489583 0.0685185
0 0.610937 0.241667 0.0177083 0.0833333
1 0.975 0.166667 0.05 0.0814815
1 0.144271 0.259259 0.046875 0.0592593
0 0.663542 0.265741 0.0145833 0.0685185
1 0.747917 0.232407 0.0875 0.0722222
1 0.336979 0.278704 0.0739583 0.0722222
1 0.836979 0.459259 0.246875 0.211111
1 0.289062 0.382407 0.096875 0.112963
1 0.258854 0.546296 0.119792 0.174074
1 0.165104 0.376852 0.0739583 0.101852
1 0.582812 0.437963 0.153125 0.127778
