0 0.190625 0.537963 0.0166667 0.0759259
0 0.105208 0.623148 0.0270833 0.101852
0 0.798958 0.405556 0.0145833 0.0518519
1 0.869271 0.35463 0.0322917 0.0537037
0 0.288021 0.387963 0.015625 0.05
0 0.831771 0.436111 0.0177083 0.0722222
1 0.973437 0.297222 0.053125 0.0462963
1 0.345833 0.282407 0.0541667 0.0462963
0 0.893229 0.451852 0.0197917 0.0925926
0 0.204688 0.49537 0.0239583 0.087037
0 0.915104 0.510185 0.0177083 0.0907407
0 0.929167 0.528704 0.01875 0.105556
0 0.164583 0.552778 0.0229167 0.105556
1 0.248437 0.346296 0.046875 0.0518519
0 0.145313 0.559259 0.0239583 0.125926
0 0.0338542 0.706481 0.0302083 0.131481
1 0.713542 0.251852 0.0354167 0.0407407
0 0.255208 0.439815 0.01875 0.0722222
0 0.127604 0.598148 0.0260417 0.111111
1 0.334375 0.269444 0.0416667 0.05
1 0.517187 0.258333 0.0260417 0.0351852
1 0.282292 0.305556 0.0354167 0.0592593
1 0.459375 0.266667 0.0208333 0.037037
1 0.356771 0.297222 0.0364583 0.0425926
0 0.230729 0.466667 0.0177083 0.0925926
1 0.491146 0.25 0.0197917 0.0296296
1 0.46875 0.301852 0.03125 0.0444444
1 0.579167 0.225926 0.0208333 0.0259259
1 0.477083 0.481481 0.0583333 0.107407
1 0.1375 0.774074 0.16875 0.233333
