0 0.524479 0.0898148 0.015625 0.0537037
1 0.978646 0.139815 0.0427083 0.0425926
1 0.163021 0.185185 0.0864583 0.0666667
1 0.878125 0.148148 0.0541667 0.0481481
1 0.465104 0.101852 0.053125 0.0592593
0 0.675 0.227778 0.01875 0.0888889
0 0.682292 0.225 0.0208333 0.087037
1 0.928125 0.143519 0.05625 0.0462963
0 0.651563 0.231481 0.015625 0.0851852
0 0.635938 0.231481 0.0177083 0.0925926
1 0.583854 0.175 0.0822917 0.0796296
1 0.0552083 0.262963 0.110417 0.0962963
1 0.197917 0.239815 0.135417 0.101852
