1 0.131771 0.144444 0.0302083 0.037037
1 0.0729167 0.128704 0.025 0.0388889
1 0.477604 0.199074 0.0489583 0.0388889
1 0.571354 0.219444 0.0552083 0.05
0 0.096875 0.45 0.0208333 0.0962963
0 0.0536458 0.459259 0.028125 0.0962963
1 0.833854 0.286111 0.0885417 0.0685185
1 0.947917 0.316667 0.102083 0.0703704
0 0.180208 0.543519 0.0270833 0.12037
1 0.630208 0.227778 0.0708333 0.0592593
1 0.754687 0.265741 0.090625 0.0574074
0 0.111458 0.659259 0.0416667 0.159259
1 0.564062 0.301852 0.0885417 0.0703704
