0 0.690625 0.0814815 0.00833333 0.0296296
1 0.950521 0.0768519 0.0197917 0.0351852
1 0.878125 0.0601852 0.0166667 0.0277778
1 0.919271 0.0638889 0.0197917 0.0314815
1 0.852604 0.119444 0.028125 0.0425926
1 0.507812 0.186111 0.0489583 0.05
1 0.890104 0.0972222 0.0239583 0.0351852
1 0.573958 0.198148 0.0479167 0.0555556
1 0.947396 0.137963 0.028125 0.0462963
1 0.894271 0.147222 0.0302083 0.05
1 0.914583 0.216667 0.0395833 0.0592593
1 0.696354 0.921296 0.165625 0.153704
1 0.0255208 0.608333 0.0510417 0.172222
1 0.498958 0.308333 0.0791667 0.0907407
1 0.464583 0.239815 0.0666667 0.0648148
1 0.723958 0.387963 0.08125 0.116667
1 0.210417 0.369444 0.108333 0.12037
1 0.257812 0.864815 0.253125 0.262963
