1 0.692187 0.148148 0.0364583 0.0444444
1 0.746875 0.0805556 0.025 0.0277778
1 0.655208 0.119444 0.04375 0.0537037
1 0.821354 0.0962963 0.0239583 0.037037
1 0.952083 0.0990741 0.025 0.0388889
1 0.885938 0.0592593 0.0177083 0.0259259
1 0.794792 0.151852 0.0333333 0.0444444
1 0.601562 0.166667 0.053125 0.0703704
1 0.865104 0.087037 0.021875 0.0333333
1 0.613542 0.213889 0.0520833 0.0611111
1 0.904167 0.0814815 0.0208333 0.0333333
1 0.461458 0.207407 0.0520833 0.0518519
1 0.878646 0.175926 0.0364583 0.0555556
1 0.777604 0.294444 0.0552083 0.0777778
1 0.688542 0.292593 0.0604167 0.0814815
1 0.957292 0.29537 0.0541667 0.0833333
1 0.316146 0.464815 0.121875 0.137037
1 0.408854 0.312037 0.0760417 0.087037
1 0.49375 0.858333 0.210417 0.272222
1 0.0880208 0.474074 0.163542 0.177778
