1 0.952604 0.246296 0.090625 0.207407
0 0.301562 0.541667 0.0177083 0.0796296
1 0.602083 0.0953704 0.0208333 0.0314815
0 0.0776042 0.908333 0.0302083 0.17963
1 0.325521 0.219444 0.0364583 0.0574074
1 0.366667 0.175 0.04375 0.0537037
1 0.740625 0.148148 0.0375 0.0481481
1 0.5375 0.0953704 0.0208333 0.0314815
1 0.346875 0.200926 0.04375 0.0537037
1 0.378646 0.22963 0.0427083 0.0555556
0 0.0255208 0.930556 0.0510417 0.131481
0 0.142188 0.971296 0.0385417 0.0574074
0 0.240625 0.817593 0.0479167 0.187037
1 0.614583 0.134259 0.0291667 0.0425926
1 0.783333 0.148148 0.0333333 0.0444444
1 0.306771 0.237963 0.0364583 0.0574074
1 0.567708 0.121296 0.0270833 0.0388889
1 0.449479 0.237963 0.103125 0.0944444
1 0.235417 0.309259 0.05 0.0814815
0 0.203125 0.908333 0.0416667 0.17963
1 0.779167 0.192593 0.04375 0.062963
1 0.838542 0.184259 0.0416667 0.0574074
0 0.346354 0.534259 0.0260417 0.135185
1 0.2125 0.342593 0.0708333 0.0962963
0 0.314063 0.638889 0.034375 0.17037
1 0.584896 0.187963 0.034375 0.0759259
1 0.635417 0.173148 0.0354167 0.0574074
1 0.171354 0.387963 0.078125 0.101852
1 0.0697917 0.50463 0.0895833 0.131481
1 0.893229 0.305556 0.0697917 0.0777778
1 0.119792 0.442593 0.0916667 0.118519
1 0.592708 0.282407 0.0520833 0.087037
1 0.0328125 0.575926 0.065625 0.174074
1 0.695312 0.90463 0.171875 0.187037
1 0.906771 0.375 0.084375 0.105556
