1 0.0864583 0.0953704 0.0791667 0.0388889
1 0.00989583 0.103704 0.0197917 0.0296296
1 0.750521 0.0962963 0.0177083 0.0259259
1 0.735937 0.118519 0.021875 0.0259259
1 0.913542 0.0787037 0.0145833 0.0240741
1 0.880729 0.108333 0.0239583 0.0388889
1 0.964063 0.062963 0.0135417 0.0296296
1 0.660417 0.207407 0.0479167 0.0740741
1 0.486458 0.265741 0.05625 0.0648148
1 0.889063 0.135185 0.0239583 0.0407407
1 0.61875 0.183333 0.0416667 0.0518519
1 0.535937 0.207407 0.0385417 0.0444444
1 0.434896 0.272222 0.0697917 0.062963
1 0.9375 0.105556 0.01875 0.0333333
1 0.524479 0.343519 0.0802083 0.087037
1 0.0401042 0.768519 0.0802083 0.155556
1 0.517708 0.289815 0.06875 0.0759259
1 0.526042 0.924074 0.18125 0.148148
1 0.235417 0.486111 0.133333 0.138889
1 0.573438 0.558333 0.119792 0.146296
