1 0.730729 0.17963 0.0302083 0.0444444
1 0.663542 0.144444 0.0229167 0.037037
1 0.617188 0.139815 0.0239583 0.0351852
1 0.769271 0.228704 0.040625 0.0462963
1 0.844792 0.236111 0.04375 0.0537037
1 0.0333333 0.0518519 0.0625 0.0333333
1 0.486458 0.171296 0.0291667 0.0425926
1 0.429167 0.135185 0.0270833 0.0481481
1 0.704167 0.222222 0.0416667 0.0592593
1 0.64375 0.230556 0.0354167 0.05
1 0.631771 0.199074 0.0302083 0.0462963
1 0.0911458 0.037037 0.071875 0.037037
1 0.818229 0.287963 0.053125 0.0648148
1 0.66875 0.278704 0.04375 0.0648148
1 0.736979 0.299074 0.0489583 0.0648148
1 0.978646 0.40463 0.0427083 0.0907407
1 0.504167 0.244444 0.0395833 0.0592593
1 0.915104 0.45 0.0864583 0.103704
1 0.665625 0.343519 0.0520833 0.0833333
1 0.460938 0.428704 0.0635417 0.101852
1 0.720312 0.551852 0.0822917 0.137037
1 0.928125 0.669444 0.13125 0.164815
