0 0.203646 0.47963 0.021875 0.0592593
0 0.74375 0.280556 0.00833333 0.0351852
0 0.189063 0.508333 0.0177083 0.0648148
1 0.860417 0.337037 0.0604167 0.0703704
0 0.288021 0.37963 0.015625 0.0555556
0 0.803125 0.266667 0.0104167 0.0555556
1 0.686458 0.271296 0.0291667 0.0314815
0 0.254687 0.425926 0.0135417 0.062963
1 0.705208 0.230556 0.01875 0.0203704
0 0.918229 0.482407 0.021875 0.0944444
0 0.923958 0.501852 0.0229167 0.114815
0 0.105729 0.616667 0.0239583 0.103704
1 0.490104 0.241667 0.0239583 0.0388889
0 0.163542 0.547222 0.0229167 0.105556
0 0.241667 0.447222 0.01875 0.0759259
1 0.975521 0.286111 0.0489583 0.0425926
0 0.0619792 0.655556 0.028125 0.148148
1 0.467187 0.235185 0.021875 0.0296296
0 0.144792 0.562963 0.0229167 0.107407
1 0.248437 0.333333 0.046875 0.0592593
0 0.894792 0.461111 0.0145833 0.0851852
0 0.034375 0.702778 0.0291667 0.124074
1 0.832812 0.338889 0.0760417 0.0740741
1 0.281771 0.293519 0.0385417 0.0611111
0 0.984896 0.567593 0.0177083 0.087037
0 0.127604 0.589815 0.0260417 0.12037
0 0.950521 0.517593 0.021875 0.0981481
1 0.334375 0.261111 0.0416667 0.0518519
1 0.438542 0.289815 0.0333333 0.0425926
1 0.405208 0.42963 0.0604167 0.103704
1 0.464063 0.512963 0.0697917 0.12963
1 0.294792 0.492593 0.0854167 0.114815
