1 0.204688 0.337963 0.090625 0.116667
1 0.810938 0.117593 0.0385417 0.0537037
1 0.71875 0.0814815 0.03125 0.0407407
0 0.226042 0.896296 0.0354167 0.207407
1 0.696875 0.0638889 0.0270833 0.0388889
0 0.303646 0.542593 0.0239583 0.122222
1 0.567708 0.0435185 0.01875 0.0351852
1 0.242708 0.200926 0.0479167 0.0685185
1 0.592708 0.0314815 0.01875 0.0296296
1 0.366667 0.147222 0.0354167 0.0537037
1 0.351042 0.168519 0.0354167 0.0555556
1 0.754687 0.107407 0.034375 0.0481481
0 0.198958 0.897222 0.04375 0.205556
1 0.332812 0.187037 0.0364583 0.0592593
1 0.298438 0.20463 0.059375 0.0611111
0 0.280208 0.708333 0.0416667 0.227778
0 0.290625 0.59537 0.0395833 0.15
1 0.240104 0.277778 0.0510417 0.0851852
1 0.776563 0.139815 0.040625 0.0648148
0 0.155208 0.913889 0.0666667 0.172222
1 0.571875 0.192593 0.04375 0.0703704
1 0.0765625 0.471296 0.0927083 0.135185
1 0.220313 0.312963 0.0739583 0.0962963
1 0.835938 0.178704 0.0572917 0.087037
1 0.567187 0.108333 0.0302083 0.0462963
1 0.126563 0.409259 0.090625 0.125926
1 0.0364583 0.543519 0.0729167 0.175926
1 0.659375 0.185185 0.04375 0.0703704
1 0.942708 0.276852 0.0791667 0.087037
0 0.0666667 0.887037 0.0645833 0.218519
1 0.178125 0.359259 0.08125 0.111111
1 0.892187 0.341667 0.096875 0.131481
