1 0.689583 0.109259 0.0229167 0.0333333
0 0.179688 0.318519 0.0197917 0.0777778
0 0.152083 0.335185 0.01875 0.0814815
1 0.329688 0.256481 0.0489583 0.0685185
1 0.917708 0.168519 0.0416667 0.0518519
1 0.621354 0.121296 0.0239583 0.0351852
0 0.152604 0.515741 0.0302083 0.112963
1 0.299479 0.287037 0.059375 0.0777778
0 0.319271 0.675926 0.0302083 0.17037
1 0.601562 0.168519 0.0302083 0.0703704
0 0.233854 0.656482 0.028125 0.109259
0 0.373958 0.537037 0.025 0.133333
0 0.348958 0.581481 0.0270833 0.148148
1 0.264583 0.325926 0.0625 0.0851852
0 0.922917 0.228704 0.0166667 0.0722222
1 0.988021 0.209259 0.0239583 0.0481481
1 0.545833 0.178704 0.03125 0.0537037
1 0.228646 0.366667 0.0635417 0.0962963
1 0.978646 0.164815 0.040625 0.0444444
1 0.767187 0.219444 0.040625 0.0574074
0 0.406771 0.547222 0.0302083 0.153704
1 0.594271 0.22963 0.040625 0.0666667
1 0.179167 0.415741 0.0958333 0.124074
1 0.619792 0.323148 0.0583333 0.0907407
1 0.0505208 0.583333 0.101042 0.181481
1 0.895833 0.396296 0.108333 0.140741
