0 0.610937 0.223148 0.0177083 0.0425926
1 0.285937 0.0416667 0.028125 0.0314815
1 0.577083 0.0657407 0.05625 0.0388889
1 0.138542 0.0203704 0.0208333 0.0296296
0 0.595312 0.189815 0.0114583 0.0648148
0 0.0182292 0.415741 0.034375 0.116667
0 0.0223958 0.106481 0.0114583 0.0425926
0 0.670833 0.225 0.0166667 0.0759259
1 0.102083 0.0157407 0.0208333 0.0277778
1 0.848437 0.155556 0.040625 0.0444444
1 0.792188 0.142593 0.046875 0.0407407
1 0.05 0.0509259 0.0229167 0.0462963
0 0.723958 0.246296 0.0166667 0.0814815
1 0.770312 0.212963 0.071875 0.0777778
1 0.241667 0.100926 0.0395833 0.0425926
1 0.155208 0.225 0.0666667 0.101852
1 0.563542 0.794444 0.264583 0.366667
