1 0.775521 0.15 0.105208 0.0666667
1 0.376042 0.113889 0.0375 0.05
1 0.297917 0.186111 0.0583333 0.0648148
1 0.364583 0.124074 0.0354167 0.0481481
1 0.238542 0.181481 0.0395833 0.062963
0 0.477604 0.687963 0.0489583 0.0833333
0 0.0411458 0.359259 0.0302083 0.107407
1 0.330729 0.168519 0.040625 0.0592593
1 0.350521 0.147222 0.0385417 0.0574074
1 0.708333 0.0583333 0.025 0.0388889
1 0.239063 0.259259 0.0510417 0.0814815
1 0.668229 0.0157407 0.021875 0.0277778
1 0.692708 0.0324074 0.0270833 0.0425926
1 0.557292 0.00833333 0.01875 0.0166667
0 0.204688 0.884259 0.053125 0.205556
0 0.270312 0.715741 0.0322917 0.17963
0 0.227083 0.738889 0.0375 0.218519
0 0.115625 0.906482 0.0520833 0.164815
1 0.21875 0.294444 0.0729167 0.0962963
1 0.823958 0.118519 0.04375 0.0592593
0 0.298958 0.575 0.0333333 0.194444
1 0.729167 0.0731481 0.03125 0.0537037
1 0.075 0.456481 0.0916667 0.135185
1 0.730208 0.94537 0.16875 0.105556
1 0.746354 0.15 0.046875 0.0666667
1 0.0359375 0.526852 0.071875 0.17963
1 0.806771 0.149074 0.0489583 0.0648148
1 0.127083 0.393519 0.0895833 0.127778
1 0.176563 0.340741 0.0802083 0.111111
1 0.940625 0.275 0.0854167 0.101852
