1 0.0484375 0.0962963 0.0447917 0.0592593
1 0.186979 0.0333333 0.0552083 0.062963
0 0.166146 0.0851852 0.0197917 0.0777778
0 0.982292 0.116667 0.0208333 0.114815
0 0.955729 0.112037 0.021875 0.0944444
0 0.927083 0.0694444 0.0208333 0.0907407
0 0.142708 0.205556 0.0208333 0.0925926
0 0.990625 0.139815 0.01875 0.0981481
1 0.450521 0.037037 0.059375 0.0740741
1 0.628646 0.037037 0.0489583 0.0740741
1 0.735417 0.127778 0.0791667 0.114815
1 0.8125 0.886111 0.229167 0.216667
1 0.323438 0.258333 0.096875 0.15
