1 0.591667 0.171296 0.04375 0.0759259
1 0.647917 0.0953704 0.0416667 0.0425926
1 0.358333 0.225 0.189583 0.0981481
0 0.515104 0.0851852 0.0114583 0.0444444
1 0.920313 0.140741 0.059375 0.0481481
1 0.877604 0.14537 0.065625 0.05
0 0.642708 0.231481 0.0166667 0.0851852
1 0.1625 0.188889 0.102083 0.0592593
1 0.978646 0.132407 0.0427083 0.05
1 0.459375 0.0907407 0.0520833 0.0444444
0 0.666667 0.224074 0.0166667 0.0814815
0 0.679688 0.222222 0.0177083 0.0814815
0 0.632812 0.22963 0.0197917 0.0888889
1 0.1875 0.238889 0.1375 0.103704
1 0.0510417 0.261111 0.1 0.0962963
1 0.955208 0.263889 0.0895833 0.101852
1 0.603646 0.424074 0.207292 0.2
1 0.153125 0.875 0.302083 0.238889
