0 0.359896 0.442593 0.0260417 0.103704
1 0.6 0.0833333 0.0166667 0.0296296
1 0.992188 0.122222 0.015625 0.0333333
1 0.314063 0.218519 0.046875 0.0703704
0 0.401563 0.22963 0.015625 0.0740741
0 0.358333 0.50463 0.03125 0.116667
0 0.908333 0.187037 0.0166667 0.0703704
1 0.743229 0.131481 0.040625 0.062963
1 0.9625 0.130556 0.0416667 0.0611111
0 0.305729 0.618519 0.0302083 0.181481
1 0.6875 0.128704 0.03125 0.0425926
1 0.627604 0.133333 0.0302083 0.0481481
0 0.340625 0.528704 0.0270833 0.0944444
1 0.53125 0.186111 0.0375 0.0648148
1 0.664062 0.208333 0.0427083 0.0833333
1 0.980208 0.167593 0.0395833 0.0537037
1 0.283854 0.249074 0.059375 0.0759259
1 0.91875 0.934259 0.160417 0.124074
1 0.2125 0.328704 0.0645833 0.0981481
0 0.338542 0.65 0.0354167 0.196296
1 0.835417 0.248148 0.0645833 0.0777778
1 0.602604 0.225926 0.0447917 0.0740741
1 0.249479 0.286111 0.065625 0.087037
1 0.0432292 0.547222 0.0864583 0.17963
1 0.163542 0.37963 0.0958333 0.125926
1 0.614583 0.405556 0.0770833 0.133333
