1 0.390625 0.103704 0.0354167 0.0481481
0 0.161979 0.535185 0.0322917 0.0925926
1 0.923437 0.0157407 0.028125 0.0314815
1 0.779688 0.0175926 0.028125 0.0351852
0 0.992188 0.087963 0.015625 0.0722222
0 0.25 0.473148 0.0291667 0.131481
1 0.179688 0.289815 0.040625 0.0944444
1 0.728125 0.012963 0.025 0.0259259
1 0.807813 0.0287037 0.0322917 0.0537037
1 0.979688 0.0296296 0.0385417 0.0518519
1 0.339063 0.14537 0.059375 0.0611111
0 0.0583333 0.771296 0.04375 0.212963
1 0.267188 0.210185 0.0552083 0.0685185
0 0.159375 0.628704 0.03125 0.168519
1 0.700521 0.0185185 0.028125 0.037037
1 0.0328125 0.438889 0.065625 0.111111
0 0.0911458 0.731481 0.0510417 0.192593
0 0.0260417 0.827778 0.05 0.225926
0 0.259375 0.398148 0.0291667 0.125926
0 0.194271 0.516667 0.0302083 0.166667
0 0.126042 0.678704 0.0354167 0.183333
1 0.764063 0.0546296 0.034375 0.05
0 0.2375 0.499074 0.03125 0.153704
1 0.455729 0.171296 0.078125 0.0722222
1 0.0833333 0.378704 0.0791667 0.0944444
1 0.476562 0.2 0.0572917 0.0814815
1 0.653646 0.105556 0.040625 0.0592593
0 0.304167 0.387037 0.0229167 0.118519
1 0.588542 0.136111 0.04375 0.0796296
1 0.140104 0.335185 0.084375 0.107407
1 0.646354 0.180556 0.0489583 0.087037
1 0.527083 0.37963 0.0895833 0.144444
