0 0.854688 0.439815 0.015625 0.0685185
1 0.495833 0.189815 0.0166667 0.0314815
0 0.239583 0.468519 0.0291667 0.0888889
0 0.0666667 0.690741 0.025 0.0888889
1 0.409375 0.280556 0.0229167 0.0277778
1 0.328125 0.362963 0.08125 0.0962963
1 0.472917 0.238889 0.0208333 0.0222222
0 0.103646 0.627778 0.0302083 0.103704
0 0.8 0.405556 0.0166667 0.062963
0 0.815625 0.409259 0.0166667 0.0703704
1 0.654167 0.250926 0.0208333 0.0240741
0 0.23125 0.474074 0.0166667 0.0962963
1 0.704167 0.244444 0.0208333 0.0259259
0 0.255208 0.439815 0.0145833 0.0648148
1 0.950521 0.386111 0.0635417 0.0611111
0 0.203125 0.497222 0.0270833 0.087037
0 0.142188 0.555556 0.0197917 0.111111
0 0.248437 0.463889 0.0177083 0.0833333
0 0.164062 0.543519 0.0239583 0.127778
0 0.832812 0.438889 0.0177083 0.0703704
1 0.623438 0.236111 0.040625 0.0722222
1 0.249479 0.343519 0.046875 0.0574074
1 0.686979 0.286111 0.0302083 0.0314815
1 0.898958 0.387963 0.05625 0.0574074
1 0.558333 0.221296 0.0166667 0.0240741
0 0.928646 0.516667 0.015625 0.0851852
0 0.0359375 0.711111 0.028125 0.12963
1 0.478125 0.282407 0.025 0.0388889
0 0.128125 0.601852 0.0270833 0.114815
1 0.335417 0.275 0.0416667 0.05
0 0.908333 0.516667 0.0208333 0.114815
1 0.281771 0.307407 0.0385417 0.062963
1 0.420833 0.315741 0.0333333 0.0425926
1 0.432813 0.383333 0.046875 0.0740741
