1 0.448438 0.137963 0.103125 0.0722222
1 0.028125 0.300926 0.05625 0.05
1 0.635417 0.0240741 0.03125 0.0444444
1 0.7125 0.0722222 0.05625 0.0481481
1 0.458333 0.215741 0.0875 0.0981481
1 0.428646 0.151852 0.0614583 0.062963
1 0.568229 0.0675926 0.046875 0.0574074
1 0.607292 0.0462963 0.04375 0.0481481
1 0.228646 0.253704 0.105208 0.0851852
1 0.494271 0.265741 0.103125 0.127778
1 0.468229 0.12037 0.0677083 0.062963
1 0.0354167 0.372222 0.0708333 0.103704
1 0.521875 0.0916667 0.0541667 0.0648148
1 0.120833 0.314815 0.11875 0.107407
1 0.113542 0.57037 0.214583 0.251852
