1 0.880208 0.423148 0.0416667 0.0685185
1 0.0536458 0.387037 0.046875 0.0407407
0 0.555208 0.248148 0.00625 0.0259259
1 0.769271 0.338889 0.0364583 0.0407407
1 0.29375 0.311111 0.03125 0.0444444
1 0.482292 0.225926 0.0125 0.0185185
1 0.271354 0.326852 0.0364583 0.0425926
1 0.902083 0.425 0.0791667 0.0759259
1 0.854167 0.402778 0.05625 0.0537037
1 0.986458 0.555556 0.0270833 0.0851852
1 0.945312 0.47037 0.0864583 0.0851852
1 0.113021 0.434259 0.0822917 0.0907407
1 0.976562 0.50463 0.046875 0.0685185
1 0.59375 0.282407 0.0229167 0.0351852
1 0.0130208 0.535185 0.0260417 0.0814815
1 0.24375 0.34537 0.04375 0.05
1 0.213542 0.366667 0.05 0.0555556
1 0.591667 0.548148 0.0645833 0.111111
