1 0.611979 0.192593 0.090625 0.0851852
1 0.247917 0.238889 0.0458333 0.0740741
1 0.226562 0.19537 0.0614583 0.0944444
0 0.179167 0.493519 0.025 0.087037
1 0.397396 0.235185 0.192708 0.233333
0 0.0635417 0.158333 0.0125 0.05
1 0.122917 0.794444 0.235417 0.385185
0 0.170312 0.425 0.0260417 0.0759259
1 0.520312 0.248148 0.0802083 0.103704
1 0.726042 0.223148 0.116667 0.0981481
1 0.300521 0.272222 0.0760417 0.107407
1 0.925521 0.289815 0.148958 0.146296
1 0.836458 0.496296 0.18125 0.218519
1 0.953125 0.47037 0.09375 0.174074
1 0.808854 0.384259 0.165625 0.12037
1 0.632292 0.314815 0.133333 0.114815
1 0.361979 0.326852 0.0760417 0.105556
1 0.966146 0.634259 0.065625 0.153704
1 0.651042 0.422222 0.166667 0.148148
1 0.438021 0.388889 0.115625 0.12963
1 0.594792 0.501852 0.158333 0.177778
1 0.829167 0.668519 0.28125 0.340741
