1 0.990625 0.108333 0.01875 0.05
1 0.925 0.0842593 0.0208333 0.0351852
1 0.359896 0.137963 0.0364583 0.05
0 0.0822917 0.832407 0.0270833 0.124074
1 0.319271 0.181481 0.0489583 0.0555556
0 0.00833333 0.623148 0.0166667 0.146296
0 0.314063 0.802778 0.0364583 0.231481
0 0.476562 0.693519 0.046875 0.0944444
1 0.650521 0.012963 0.0197917 0.0259259
0 0.288542 0.800926 0.0333333 0.224074
0 0.234896 0.786111 0.040625 0.183333
1 0.346875 0.158333 0.0375 0.0537037
0 0.2375 0.940741 0.0541667 0.114815
1 0.286458 0.230556 0.110417 0.0611111
0 0.071875 0.916667 0.0520833 0.137037
1 0.234896 0.27037 0.0489583 0.0814815
1 0.210417 0.306481 0.06875 0.0944444
1 0.658333 0.0527778 0.0270833 0.0425926
0 0.273438 0.909259 0.0572917 0.181481
0 0.204688 0.885185 0.053125 0.22963
1 0.702604 0.0555556 0.0260417 0.037037
1 0.0708333 0.468519 0.0916667 0.133333
1 0.0333333 0.537037 0.0666667 0.17037
1 0.517187 0.162963 0.040625 0.0851852
1 0.121875 0.405556 0.0895833 0.125926
1 0.172396 0.351852 0.0802083 0.107407
