0 0.00885417 0.468519 0.0177083 0.103704
0 0.843229 0.101852 0.015625 0.062963
1 0.0442708 0.00648148 0.0135417 0.012963
0 0.51875 0.0953704 0.0145833 0.0611111
0 0.730729 0.118519 0.0135417 0.0592593
1 0.408333 0.0777778 0.0375 0.0555556
1 0.00833333 0.012037 0.0166667 0.0240741
0 0.0833333 0.263889 0.0208333 0.0759259
0 0.0109375 0.224074 0.0177083 0.0703704
1 0.0723958 0.0101852 0.0197917 0.0203704
1 0.0791667 0.0574074 0.025 0.037037
1 0.0713542 0.087037 0.028125 0.0407407
1 0.673437 0.458333 0.186458 0.205556
