1 0.205729 0.111111 0.138542 0.0666667
1 0.457812 0.0611111 0.0822917 0.0740741
0 0.569271 0.125926 0.015625 0.0444444
1 0.930208 0.0305556 0.0395833 0.0462963
1 0.989062 0.0212963 0.021875 0.0425926
1 0.859375 0.0277778 0.03125 0.0296296
1 0.894792 0.0398148 0.0416667 0.0388889
0 0.459896 0.112037 0.0177083 0.087037
1 0.0598958 0.113889 0.119792 0.101852
1 0.116146 0.485185 0.232292 0.218519
1 0.817187 0.189815 0.113542 0.0981481
1 0.427083 0.285185 0.175 0.155556
1 0.865625 0.566667 0.2 0.225926
