1 0.0604167 0.328704 0.05625 0.0648148
1 0.3375 0.268519 0.0395833 0.0407407
1 0.767187 0.15 0.034375 0.0407407
1 0.503125 0.0703704 0.0208333 0.037037
1 0.803646 0.265741 0.0572917 0.0722222
1 0.577604 0.0787037 0.0197917 0.0314815
0 0.260938 0.294444 0.0177083 0.062963
1 0.988021 0.352778 0.0239583 0.0388889
0 0.302604 0.325926 0.021875 0.0555556
1 0.986458 0.192593 0.0270833 0.0555556
1 0.838021 0.189815 0.0385417 0.05
0 0.172396 0.347222 0.0197917 0.0759259
1 0.282292 0.221296 0.0291667 0.0425926
1 0.588021 0.122222 0.0197917 0.0296296
1 0.290625 0.215741 0.0333333 0.0425926
0 0.960938 0.400926 0.0260417 0.105556
1 0.95 0.202778 0.0770833 0.0611111
1 0.265625 0.236111 0.0375 0.0462963
1 0.945833 0.250926 0.05 0.0648148
1 0.990104 0.297222 0.0197917 0.05
1 0.239583 0.256481 0.0458333 0.0537037
1 0.0640625 0.405556 0.0322917 0.0740741
1 0.857813 0.201852 0.053125 0.0592593
1 0.617708 0.174074 0.0291667 0.0444444
1 0.452083 0.167593 0.025 0.0388889
1 0.159896 0.265741 0.0552083 0.0648148
1 0.125521 0.340741 0.053125 0.0703704
1 0.504687 0.149074 0.021875 0.0351852
1 0.648438 0.208333 0.0322917 0.0537037
1 0.325 0.225 0.0333333 0.0462963
1 0.205208 0.273148 0.05625 0.0611111
0 0.0760417 0.533333 0.0291667 0.137037
1 0.330208 0.34537 0.0583333 0.0833333
0 0.0536458 0.587963 0.0322917 0.142593
1 0.970312 0.272222 0.059375 0.0666667
1 0.0921875 0.372222 0.0697917 0.0851852
