1 0.617708 0.133333 0.025 0.0407407
1 0.659896 0.140741 0.0239583 0.037037
1 0.768229 0.156481 0.0322917 0.0425926
1 0.511979 0.100926 0.0197917 0.0277778
1 0.427604 0.116667 0.021875 0.0296296
1 0.542188 0.0907407 0.0197917 0.0296296
1 0.451562 0.137037 0.0260417 0.0333333
1 0.394792 0.160185 0.0270833 0.0388889
1 0.733854 0.168519 0.0302083 0.0481481
1 0.429167 0.165741 0.03125 0.05
1 0.671875 0.168519 0.0291667 0.0444444
1 0.622917 0.168519 0.0270833 0.037037
1 0.519792 0.190741 0.03125 0.0481481
1 0.478646 0.148148 0.028125 0.0592593
1 0.713542 0.223148 0.04375 0.0611111
1 0.629167 0.213889 0.0395833 0.0611111
1 0.836979 0.311111 0.059375 0.0777778
1 0.757812 0.316667 0.0635417 0.1
1 0.090625 0.602778 0.127083 0.201852
1 0.3875 0.559259 0.09375 0.151852
1 0.670833 0.357407 0.0604167 0.103704
1 0.927604 0.730556 0.144792 0.190741
1 0.920833 0.418519 0.0875 0.103704
