0 0.309896 0.519444 0.0364583 0.101852
1 0.252083 0.231481 0.0541667 0.0925926
1 0.358333 0.186111 0.0895833 0.0685185
0 0.241667 0.775 0.0395833 0.283333
0 0.319271 0.503704 0.0239583 0.114815
1 0.853125 0.122222 0.05 0.0703704
0 0.0583333 0.652778 0.05625 0.201852
1 0.5875 0.125926 0.0375 0.0888889
0 0.321875 0.626852 0.03125 0.135185
0 0.668229 0.0925926 0.015625 0.0592593
1 0.602083 0.0611111 0.0291667 0.0481481
0 0.340104 0.428704 0.0260417 0.15
1 0.0447917 0.837963 0.0895833 0.138889
1 0.618229 0.107407 0.0364583 0.0592593
0 0.29375 0.65463 0.03125 0.209259
0 0.16875 0.893519 0.05625 0.209259
1 0.985937 0.453704 0.028125 0.118519
0 0.210938 0.860185 0.0447917 0.25
1 0.697396 0.173148 0.0510417 0.0796296
1 0.989062 0.299074 0.021875 0.0759259
1 0.231771 0.271296 0.065625 0.0981481
1 0.820833 0.17963 0.0583333 0.0814815
1 0.610417 0.187963 0.0520833 0.087037
1 0.0927083 0.42963 0.0895833 0.137037
1 0.190625 0.315741 0.0833333 0.112963
1 0.142708 0.368519 0.0895833 0.122222
1 0.0447917 0.49537 0.0895833 0.168519
1 0.015625 0.712963 0.03125 0.118519
1 0.880729 0.582407 0.144792 0.264815
1 0.96875 0.202778 0.0625 0.0796296
1 0.6375 0.309259 0.0833333 0.155556
1 0.629687 0.457407 0.0989583 0.166667
1 0.711458 0.656482 0.145833 0.35
1 0.770312 0.356481 0.0927083 0.131481
