1 0.452604 0.111111 0.0302083 0.0259259
1 0.454167 0.0537037 0.01875 0.0296296
0 0.949479 0.253704 0.0364583 0.0666667
1 0.798958 0.118519 0.0395833 0.0518519
1 0.479167 0.0314815 0.0166667 0.0222222
0 0.00520833 0.301852 0.0104167 0.114815
0 0.848437 0.244444 0.015625 0.062963
1 0.468229 0.0981481 0.028125 0.0407407
1 0.864062 0.156481 0.0322917 0.0574074
1 0.829167 0.136111 0.0270833 0.0388889
1 0.982813 0.253704 0.034375 0.0962963
1 0.415625 0.146296 0.0333333 0.0518519
1 0.446354 0.152778 0.0385417 0.0611111
0 0.83125 0.231481 0.01875 0.0851852
1 0.0494792 0.210185 0.040625 0.0685185
1 0.473437 0.213889 0.0427083 0.0685185
1 0.491146 0.169444 0.0385417 0.0611111
1 0.890104 0.182407 0.0489583 0.0759259
1 0.960938 0.198148 0.078125 0.0666667
1 0.410417 0.594444 0.125 0.255556
1 0.213542 0.277778 0.0958333 0.0851852
1 0.230208 0.87963 0.185417 0.237037
