0 0.0291667 0.287963 0.025 0.0611111
0 0.00364583 0.307407 0.00729167 0.0407407
1 0.148438 0.175926 0.028125 0.0296296
1 0.113021 0.156481 0.034375 0.0277778
1 0.843229 0.296296 0.090625 0.0666667
1 0.580729 0.226852 0.0572917 0.05
0 0.0213542 0.294444 0.0135417 0.0592593
1 0.4875 0.207407 0.05 0.037037
1 0.214062 0.176852 0.0364583 0.0574074
0 0.0354167 0.285185 0.0125 0.0555556
1 0.954687 0.32963 0.090625 0.0666667
1 0.642708 0.237037 0.0666667 0.0592593
1 0.764063 0.276852 0.090625 0.0574074
0 0.267188 0.931481 0.059375 0.137037
1 0.326562 0.222222 0.0489583 0.0444444
1 0.579687 0.314815 0.0947917 0.0703704
