1 0.0885417 0.837963 0.175 0.312963
1 0.253125 0.228704 0.0416667 0.0574074
1 0.276563 0.293519 0.0385417 0.0685185
0 0.149479 0.475 0.0197917 0.0833333
1 0.178125 0.194444 0.0291667 0.037037
1 0.576563 0.274074 0.084375 0.0814815
1 0.141146 0.225926 0.028125 0.0444444
1 0.483333 0.322222 0.0583333 0.111111
1 0.216667 0.255556 0.0416667 0.0592593
0 0.145313 0.455556 0.0197917 0.062963
1 0.711979 0.330556 0.107292 0.0907407
1 0.577083 0.387037 0.114583 0.107407
1 0.630208 0.350926 0.1125 0.101852
1 0.865104 0.378704 0.142708 0.135185
1 0.814583 0.589815 0.177083 0.224074
1 0.75625 0.480556 0.158333 0.142593
1 0.26875 0.349074 0.0645833 0.109259
1 0.954167 0.731481 0.0916667 0.162963
1 0.338542 0.409259 0.075 0.103704
1 0.923958 0.560185 0.152083 0.194444
1 0.630729 0.512963 0.167708 0.148148
1 0.417708 0.474074 0.1125 0.12963
1 0.320833 0.517593 0.11875 0.17963
1 0.574479 0.594444 0.161458 0.174074
1 0.806771 0.767593 0.280208 0.346296
