0 0.454167 0.208333 0.0145833 0.0611111
0 0.609896 0.242593 0.015625 0.0703704
1 0.205729 0.194444 0.040625 0.0407407
1 0.0916667 0.300926 0.0458333 0.0722222
1 0.06875 0.208333 0.03125 0.0425926
1 0.861458 0.159259 0.06875 0.0555556
1 0.511979 0.108333 0.065625 0.0425926
1 0.025 0.191667 0.0229167 0.0314815
1 0.816146 0.160185 0.059375 0.0611111
0 0.65 0.258333 0.0145833 0.0759259
1 0.0557292 0.236111 0.034375 0.0611111
0 0.720312 0.273148 0.0177083 0.087037
0 0.627604 0.250926 0.015625 0.0759259
1 0.592188 0.198148 0.0489583 0.0518519
0 0.661979 0.263889 0.0135417 0.0759259
1 0.9 0.608333 0.2 0.131481
1 0.271354 0.262963 0.0614583 0.0592593
1 0.630208 0.934259 0.21875 0.124074
1 0.976042 0.163889 0.0479167 0.0796296
1 0.750521 0.232407 0.0864583 0.0759259
1 0.161458 0.299074 0.05625 0.0759259
1 0.333854 0.244444 0.065625 0.0666667
1 0.323958 0.423148 0.108333 0.135185
