0 0.639063 0.208333 0.015625 0.0796296
1 0.579687 0.087037 0.046875 0.0481481
1 0.951563 0.117593 0.0385417 0.0462963
1 0.134896 0.187963 0.0697917 0.0685185
1 0.638021 0.0842593 0.040625 0.0388889
1 0.0166667 0.350926 0.0333333 0.0574074
1 0.04375 0.617593 0.0875 0.216667
0 0.822917 0.163889 0.01875 0.0981481
1 0.908333 0.123148 0.05625 0.05
1 0.980729 0.114815 0.0385417 0.0518519
1 0.861979 0.12963 0.059375 0.0518519
0 0.658854 0.212037 0.0177083 0.087037
1 0.447396 0.0935185 0.0552083 0.0611111
0 0.630208 0.216667 0.0208333 0.0962963
1 0.564583 0.164815 0.08125 0.0814815
1 0.178646 0.238889 0.136458 0.107407
1 0.952604 0.672222 0.0947917 0.240741
1 0.0453125 0.264815 0.090625 0.0962963
1 0.392708 0.431481 0.21875 0.177778
