1 0.964063 0.137963 0.0385417 0.0462963
1 0.276042 0.227778 0.0479167 0.062963
0 0.127604 0.714815 0.0260417 0.174074
1 0.0260417 0.50463 0.0520833 0.087037
0 0.0119792 0.883333 0.0239583 0.225926
1 0.380729 0.194444 0.034375 0.0518519
1 0.639063 0.136111 0.0239583 0.0425926
1 0.528125 0.299074 0.108333 0.087037
0 0.335938 0.302778 0.0177083 0.0796296
1 0.165104 0.374074 0.0364583 0.0925926
0 0.360417 0.275926 0.0145833 0.062963
1 0.240104 0.321296 0.0364583 0.0759259
1 0.978646 0.15 0.0427083 0.0518519
1 0.257292 0.292593 0.05 0.0703704
1 0.593229 0.175926 0.0322917 0.0555556
0 0.232292 0.544444 0.0375 0.122222
0 0.244271 0.480556 0.028125 0.127778
1 0.324479 0.22963 0.053125 0.0592593
0 0.0817708 0.801852 0.0364583 0.2
0 0.0302083 0.846296 0.04375 0.222222
0 0.219792 0.584259 0.0291667 0.15
0 0.267708 0.482407 0.025 0.12037
0 0.106771 0.759259 0.034375 0.185185
0 0.185937 0.599074 0.0364583 0.153704
1 0.636458 0.219444 0.0375 0.0648148
1 0.0677083 0.455556 0.08125 0.0925926
0 0.286979 0.464815 0.0239583 0.118519
1 0.576563 0.221296 0.040625 0.0648148
1 0.126042 0.413889 0.0854167 0.109259
1 0.501042 0.284259 0.05625 0.0796296
1 0.645833 0.323148 0.0604167 0.0981481
1 0.525 0.458333 0.0895833 0.142593
1 0.554688 0.308333 0.0572917 0.0944444
1 0.958333 0.425926 0.0833333 0.122222
1 0.409896 0.850926 0.155208 0.290741
