1 0.957812 0.305556 0.084375 0.0888889
0 0.957812 0.216667 0.0197917 0.0703704
1 0.0765625 0.0814815 0.0302083 0.0407407
0 0.620313 0.22963 0.0177083 0.0444444
1 0.591146 0.0703704 0.0677083 0.0407407
0 0.567187 0.178704 0.015625 0.0833333
1 0.296354 0.0444444 0.0322917 0.0296296
1 0.856771 0.158333 0.040625 0.0425926
1 0.801042 0.147222 0.0458333 0.0388889
0 0.0317708 0.423148 0.0322917 0.131481
0 0.692187 0.243519 0.0197917 0.0907407
1 0.780729 0.22037 0.0739583 0.0740741
1 0.190104 0.263889 0.0677083 0.109259
