1 0.708854 0.275926 0.0677083 0.185185
1 0.477083 0.0981481 0.0291667 0.0444444
1 0.988021 0.212963 0.0239583 0.0592593
1 0.329167 0.19537 0.0729167 0.0611111
1 0.0859375 0.277778 0.0760417 0.062963
1 0.591146 0.166667 0.0447917 0.0740741
0 0.992188 0.347222 0.015625 0.124074
1 0.936458 0.169444 0.0625 0.0648148
1 0.509375 0.151852 0.0354167 0.0555556
1 0.64375 0.143519 0.0395833 0.0759259
1 0.121354 0.256481 0.053125 0.0722222
0 0.078125 0.45 0.0229167 0.125926
1 0.967708 0.189815 0.0625 0.0685185
1 0.716146 0.166667 0.0447917 0.0666667
1 0.430729 0.213889 0.0489583 0.0759259
0 0.982813 0.337037 0.021875 0.118519
0 0.957292 0.312037 0.025 0.124074
1 0.327083 0.237963 0.0458333 0.0722222
1 0.501042 0.213889 0.0479167 0.0907407
1 0.604688 0.228704 0.046875 0.0796296
1 0.933333 0.828704 0.133333 0.301852
1 0.688021 0.224074 0.0552083 0.0777778
0 0.0536458 0.510185 0.040625 0.131481
1 0.279167 0.565741 0.11875 0.261111
1 0.0348958 0.898148 0.0697917 0.192593
1 0.478646 0.443519 0.0822917 0.153704
1 0.844792 0.334259 0.0875 0.12037
1 0.723437 0.315741 0.0802083 0.116667
1 0.7 0.510185 0.10625 0.161111
