1 0.0421875 0.0740741 0.0822917 0.0851852
1 0.965625 0.0907407 0.0145833 0.0333333
1 0.0104167 0.103704 0.0208333 0.0296296
1 0.789583 0.210185 0.0354167 0.05
1 0.08125 0.0990741 0.0875 0.0425926
1 0.63125 0.183333 0.0375 0.0407407
1 0.969792 0.368519 0.0520833 0.0925926
1 0.0229167 0.524074 0.0458333 0.107407
1 0.513021 0.257407 0.0614583 0.0703704
1 0.872917 0.410185 0.0625 0.0981481
1 0.752604 0.391667 0.0760417 0.101852
1 0.655729 0.401852 0.0802083 0.0962963
1 0.0807292 0.59537 0.151042 0.172222
1 0.440625 0.343519 0.08125 0.0796296
