1 0.653646 0.101852 0.040625 0.0407407
1 0.164583 0.184259 0.0916667 0.0648148
1 0.467187 0.101852 0.053125 0.0555556
0 0.653646 0.230556 0.015625 0.087037
1 0.879167 0.151852 0.0541667 0.0518519
0 0.638021 0.236111 0.0177083 0.0944444
1 0.976042 0.144444 0.0479167 0.0481481
1 0.584896 0.178704 0.0802083 0.0796296
1 0.927604 0.149074 0.0552083 0.05
0 0.683333 0.226852 0.0208333 0.087037
1 0.197917 0.237963 0.135417 0.101852
1 0.0552083 0.261111 0.110417 0.0962963
1 0.942187 0.344444 0.115625 0.118519
