1 0.16875 0.0574074 0.025 0.0296296
1 0.597917 0.0787037 0.0583333 0.0425926
0 0.560938 0.171296 0.0135417 0.0648148
1 0.201042 0.075 0.0291667 0.0351852
1 0.209375 0.1 0.03125 0.0407407
1 0.102083 0.0638889 0.025 0.0351852
0 0.975521 0.222222 0.021875 0.0703704
1 0.872396 0.166667 0.0427083 0.0444444
1 0.0963542 0.192593 0.090625 0.174074
1 0.236979 0.0768519 0.028125 0.0351852
1 0.964583 0.303704 0.0708333 0.0703704
1 0.324479 0.0768519 0.0489583 0.0574074
1 0.814062 0.15463 0.0489583 0.0462963
0 0.707292 0.252778 0.01875 0.087037
1 0.0494792 0.0722222 0.0427083 0.0703704
1 0.146354 0.17037 0.0385417 0.062963
1 0.315104 0.142593 0.046875 0.0555556
1 0.794271 0.225 0.071875 0.0759259
1 0.799479 0.821296 0.348958 0.35
1 0.463021 0.253704 0.071875 0.0851852
1 0.659375 0.355556 0.141667 0.125926
