1 0.075 0.132407 0.01875 0.0240741
0 0.619271 0.231481 0.0177083 0.0703704
0 0.58125 0.228704 0.0166667 0.0833333
1 0.376563 0.149074 0.0385417 0.0351852
1 0.836979 0.141667 0.0802083 0.0611111
1 0.21875 0.153704 0.0291667 0.037037
1 0.315625 0.138889 0.0354167 0.037037
1 0.514063 0.0962963 0.065625 0.0444444
0 0.491146 0.201852 0.015625 0.0740741
1 0.417708 0.153704 0.05 0.0407407
1 0.116667 0.168519 0.025 0.0259259
0 0.653646 0.238889 0.0135417 0.0703704
1 0.902083 0.247222 0.1125 0.0833333
0 0.631771 0.232407 0.0177083 0.0759259
1 0.0145833 0.169444 0.0208333 0.0314815
1 0.977604 0.143519 0.0447917 0.087037
0 0.665625 0.248148 0.0145833 0.0740741
1 0.0510417 0.225926 0.0354167 0.0481481
1 0.757292 0.215741 0.0958333 0.0759259
1 0.298958 0.384259 0.0916667 0.12037
1 0.149479 0.352778 0.0697917 0.0981481
1 0.890625 0.55 0.216667 0.233333
