0 0.680208 0.47963 0.01875 0.0407407
0 0.777604 0.446296 0.0114583 0.0592593
0 0.735417 0.452778 0.0125 0.0574074
0 0.08125 0.506481 0.0166667 0.0759259
0 0.0630208 0.506481 0.015625 0.0685185
0 0.613542 0.475926 0.0145833 0.0666667
0 0.635417 0.489815 0.0125 0.0611111
1 0.131771 0.513889 0.0677083 0.0833333
1 0.0697917 0.958333 0.139583 0.0833333
1 0.252083 0.496296 0.1 0.0740741
1 0.971354 0.669444 0.0572917 0.0944444
1 0.280729 0.888889 0.192708 0.159259
1 0.0796875 0.873148 0.159375 0.172222
