1 0.31875 0.193519 0.0625 0.0648148
1 0.242188 0.197222 0.0427083 0.0685185
1 0.365625 0.14537 0.0354167 0.0537037
0 0.194271 0.785185 0.0427083 0.107407
0 0.275521 0.653704 0.0364583 0.159259
1 0.331771 0.183333 0.0385417 0.0592593
1 0.695312 0.0564815 0.0239583 0.0388889
1 0.240625 0.275 0.0520833 0.087037
1 0.352604 0.162037 0.0385417 0.0611111
1 0.797396 0.100926 0.034375 0.0462963
1 0.567187 0.0805556 0.0302083 0.0351852
1 0.596875 0.0314815 0.01875 0.0296296
1 0.566146 0.0407407 0.0177083 0.0333333
0 0.288021 0.577778 0.0322917 0.125926
0 0.227083 0.883333 0.0395833 0.22963
0 0.227083 0.737037 0.0416667 0.203704
0 0.201562 0.899074 0.0427083 0.201852
1 0.714063 0.0722222 0.028125 0.0407407
0 0.303646 0.563889 0.0260417 0.183333
1 0.300521 0.201852 0.059375 0.0592593
0 0.284375 0.72963 0.0333333 0.181481
1 0.748438 0.0907407 0.028125 0.0481481
1 0.21875 0.307407 0.0645833 0.0962963
1 0.76875 0.122222 0.0375 0.0555556
0 0.164062 0.913889 0.0572917 0.172222
1 0.566667 0.112037 0.03125 0.0537037
0 0.0625 0.875926 0.0625 0.22963
1 0.573958 0.223148 0.05 0.0833333
1 0.901563 0.22963 0.065625 0.0814815
1 0.127083 0.405556 0.0916667 0.122222
1 0.0770833 0.468519 0.0895833 0.133333
1 0.822396 0.151852 0.0510417 0.0814815
1 0.0364583 0.539815 0.0729167 0.175926
1 0.178646 0.355556 0.0802083 0.111111
1 0.860417 0.284259 0.08125 0.116667
1 0.672396 0.207407 0.0489583 0.0777778
