0 0.641146 0.472222 0.0197917 0.0592593
0 0.557813 0.483333 0.0135417 0.0814815
0 0.726042 0.455556 0.0125 0.0518519
0 0.764063 0.442593 0.0114583 0.0407407
1 0.14375 0.508333 0.0833333 0.0462963
0 0.827604 0.439815 0.0135417 0.0611111
0 0.579687 0.477778 0.0135417 0.0703704
0 0.608854 0.47037 0.015625 0.0555556
0 0.0197917 0.52037 0.0166667 0.0740741
1 0.992708 0.487037 0.0145833 0.0407407
1 0.0677083 0.958333 0.135417 0.0796296
1 0.251563 0.5 0.107292 0.0740741
1 0.985937 0.737037 0.028125 0.103704
1 0.277083 0.892593 0.191667 0.159259
1 0.856771 0.713889 0.105208 0.127778
