1 0.625521 0.207407 0.0385417 0.037037
1 0.89375 0.14537 0.01875 0.0314815
1 0.688542 0.17037 0.0229167 0.0333333
1 0.0760417 0.108333 0.08125 0.0388889
1 0.490104 0.252778 0.0510417 0.0462963
1 0.928646 0.138889 0.0197917 0.0296296
1 0.854688 0.185185 0.0260417 0.0407407
1 0.798437 0.233333 0.034375 0.0481481
1 0.903125 0.257407 0.0375 0.0555556
1 0.504167 0.288889 0.0875 0.103704
1 0.621354 0.24537 0.0447917 0.05
1 0.793229 0.340741 0.0489583 0.0777778
1 0.969271 0.888889 0.059375 0.214815
1 0.715104 0.349074 0.0614583 0.0759259
1 0.788021 0.866667 0.140625 0.259259
