1 0.54375 0.0944444 0.075 0.0481481
1 0.253125 0.115741 0.03125 0.0351852
0 0.940625 0.247222 0.0145833 0.0537037
1 0.195312 0.105556 0.0385417 0.0296296
1 0.832812 0.137963 0.0989583 0.0574074
0 0.563021 0.218519 0.0197917 0.0851852
1 0.360417 0.137037 0.04375 0.0407407
0 0.473958 0.19537 0.0145833 0.0722222
1 0.4 0.141667 0.05 0.0462963
1 0.967188 0.142593 0.0635417 0.0777778
1 0.201562 0.137963 0.034375 0.0388889
0 0.619271 0.226852 0.0177083 0.0722222
1 0.297396 0.126852 0.0385417 0.0351852
1 0.535417 0.162963 0.0645833 0.0592593
1 0.0338542 0.116667 0.0197917 0.0259259
1 0.491146 0.0861111 0.0489583 0.0425926
0 0.646875 0.240741 0.0166667 0.0777778
1 0.577083 0.176852 0.0479167 0.0574074
1 0.0145833 0.262037 0.0291667 0.0685185
1 0.0942708 0.147222 0.0260417 0.0314815
1 0.735937 0.211111 0.090625 0.0740741
1 0.632812 0.897222 0.298958 0.198148
1 0.439583 0.277778 0.104167 0.0962963
