0 0.270833 0.367593 0.0145833 0.0537037
0 0.175521 0.363889 0.0135417 0.0574074
0 0.140625 0.405556 0.01875 0.0703704
1 0.694792 0.240741 0.0208333 0.0333333
1 0.861458 0.311111 0.0395833 0.062963
0 0.116146 0.803704 0.021875 0.062963
1 0.826042 0.288889 0.03125 0.0444444
0 0.105729 0.847222 0.0489583 0.135185
1 0.333333 0.275 0.0229167 0.0388889
1 0.988021 0.412963 0.0239583 0.062963
1 0.511458 0.185185 0.0145833 0.0185185
1 0.890625 0.337963 0.05 0.0537037
0 0.0395833 0.859259 0.05 0.144444
1 0.967188 0.386111 0.065625 0.0722222
1 0.650521 0.230556 0.0239583 0.0277778
1 0.233854 0.344444 0.0552083 0.062963
1 0.924479 0.360185 0.059375 0.0611111
