0 0.00729167 0.553704 0.0125 0.0703704
1 0.0109375 0.533333 0.021875 0.1
0 0.171354 0.359259 0.015625 0.0444444
0 0.059375 0.540741 0.0333333 0.0666667
1 0.986458 0.407407 0.0270833 0.062963
1 0.464583 0.232407 0.01875 0.0314815
1 0.888542 0.334259 0.05 0.0537037
1 0.647396 0.224074 0.0239583 0.0296296
0 0.959375 0.453704 0.025 0.0666667
1 0.0833333 0.632407 0.09375 0.109259
1 0.532812 0.221296 0.0239583 0.0240741
1 0.00729167 0.865741 0.0145833 0.0944444
1 0.608854 0.202778 0.028125 0.05
1 0.965104 0.37963 0.0677083 0.0703704
0 0.160938 0.410185 0.0197917 0.0796296
1 0.920313 0.353704 0.0572917 0.062963
1 0.229687 0.341667 0.0572917 0.0611111
1 0.677604 0.291667 0.0385417 0.0537037
1 0.6125 0.364815 0.0458333 0.0703704
1 0.507812 0.398148 0.053125 0.0925926
1 0.461458 0.334259 0.0395833 0.0574074
1 0.746875 0.667593 0.11875 0.187037
1 0.260938 0.846296 0.155208 0.266667
