1 0.936458 0.17963 0.0125 0.0185185
0 0.313021 0.350926 0.0135417 0.0537037
1 0.672396 0.250926 0.0385417 0.0425926
1 0.961979 0.280556 0.034375 0.0685185
1 0.414062 0.347222 0.0697917 0.0685185
1 0.642708 0.262963 0.0333333 0.037037
0 0.0260417 0.376852 0.025 0.101852
1 0.990104 0.232407 0.0197917 0.0425926
1 0.610417 0.276852 0.0395833 0.0425926
1 0.572917 0.291667 0.0458333 0.0462963
1 0.872396 0.42037 0.0739583 0.0925926
1 0.531771 0.306481 0.0510417 0.0462963
1 0.354167 0.380556 0.0770833 0.0796296
1 0.173438 0.402778 0.059375 0.0648148
1 0.266667 0.416667 0.0958333 0.0777778
