1 0.689583 0.112963 0.0416667 0.0555556
1 0.710417 0.0416667 0.0291667 0.0314815
1 0.990104 0.0277778 0.0197917 0.0333333
0 0.991667 0.0833333 0.0125 0.0444444
1 0.916667 0.0157407 0.0208333 0.0314815
1 0.942708 0.0398148 0.0270833 0.0388889
1 0.8125 0.106481 0.0375 0.05
1 0.921875 0.112963 0.0375 0.0592593
1 0.855729 0.119444 0.0427083 0.0685185
1 0.0229167 0.512963 0.0458333 0.0814815
1 0.545833 0.143519 0.0541667 0.0574074
1 0.0526042 0.7 0.105208 0.203704
1 0.428125 0.269444 0.0875 0.0796296
1 0.399479 0.363889 0.0989583 0.127778
1 0.392708 0.248148 0.0770833 0.0851852
1 0.320312 0.258333 0.0822917 0.0796296
1 0.817187 0.607407 0.109375 0.211111
