0 0.426562 0.112963 0.0114583 0.0444444
0 0.292188 0.605556 0.0260417 0.188889
0 0.344271 0.432407 0.0302083 0.135185
1 0.641667 0.0138889 0.01875 0.0277778
1 0.974479 0.937963 0.0510417 0.12037
1 0.296875 0.192593 0.0458333 0.0703704
1 0.624479 0.12037 0.0364583 0.0555556
0 0.327083 0.516667 0.0291667 0.118519
1 0.701563 0.0453704 0.0260417 0.0351852
0 0.309375 0.616667 0.0416667 0.196296
1 0.569792 0.142593 0.0375 0.062963
1 0.985937 0.0675926 0.028125 0.0462963
1 0.268229 0.225 0.0572917 0.0833333
1 0.946875 0.0703704 0.04375 0.0444444
1 0.500521 0.149074 0.078125 0.0833333
1 0.197917 0.309259 0.0666667 0.0962963
0 0.890625 0.137963 0.01875 0.0722222
0 0.15625 0.440741 0.0354167 0.12963
1 0.578646 0.222222 0.0510417 0.0851852
1 0.233854 0.267593 0.0635417 0.0907407
1 0.15 0.360185 0.0958333 0.124074
1 0.0369792 0.538889 0.0739583 0.188889
1 0.972396 0.115741 0.0552083 0.0537037
1 0.7 0.87963 0.170833 0.237037
1 0.817708 0.268519 0.0791667 0.111111
1 0.614583 0.353704 0.0770833 0.12963
