1 0.473437 0.0101852 0.021875 0.0203704
1 0.594792 0.00740741 0.0166667 0.0148148
1 0.441146 0.025 0.021875 0.0351852
0 0.140104 0.164815 0.0177083 0.062963
0 0.827604 0.188889 0.0197917 0.0851852
1 0.404687 0.062963 0.0260417 0.0481481
1 0.789062 0.075 0.034375 0.05
1 0.813542 0.0898148 0.03125 0.0462963
1 0.853646 0.117593 0.0302083 0.0611111
0 0.96875 0.274074 0.0270833 0.0851852
1 0.442708 0.0777778 0.03125 0.062963
1 0.486979 0.0703704 0.0302083 0.0444444
1 0.0359375 0.164815 0.0385417 0.0666667
0 0.981771 0.375926 0.034375 0.148148
1 0.976042 0.205556 0.0479167 0.0851852
1 0.417188 0.136111 0.0385417 0.0685185
0 0.819271 0.187963 0.0197917 0.087037
1 0.478646 0.130556 0.040625 0.0574074
1 0.954167 0.155556 0.0875 0.0666667
1 0.460417 0.224074 0.0583333 0.0888889
1 0.878646 0.138889 0.0510417 0.0740741
1 0.330729 0.340741 0.0864583 0.148148
1 0.183333 0.222222 0.10625 0.0814815
1 0.391667 0.585185 0.1125 0.203704
