1 0.686979 0.0935185 0.0302083 0.0388889
1 0.935938 0.0185185 0.0177083 0.0259259
1 0.595833 0.12963 0.0416667 0.0518519
1 0.916146 0.0722222 0.0239583 0.037037
1 0.848437 0.0555556 0.0197917 0.0259259
1 0.890104 0.0481481 0.021875 0.037037
1 0.858333 0.1 0.0291667 0.037037
1 0.643229 0.134259 0.0385417 0.0537037
1 0.771875 0.171296 0.0416667 0.0537037
1 0.0833333 0.621296 0.166667 0.190741
1 0.474479 0.324074 0.0864583 0.0888889
1 0.454688 0.197222 0.0614583 0.0574074
1 0.884896 0.25463 0.0510417 0.0833333
1 0.835417 0.176852 0.0416667 0.0611111
1 0.492188 0.25463 0.0739583 0.0685185
1 0.208854 0.335185 0.105208 0.0925926
1 0.963021 0.317593 0.0614583 0.101852
1 0.190625 0.411111 0.122917 0.125926
1 0.736458 0.35463 0.0729167 0.105556
