0 0.0177083 0.517593 0.0125 0.0685185
0 0.84375 0.44537 0.0125 0.0611111
0 0.648438 0.466667 0.015625 0.0555556
0 0.759375 0.44537 0.0104167 0.0425926
0 0.556771 0.482407 0.0135417 0.0944444
0 0.719792 0.461111 0.0104167 0.0481481
0 0.584896 0.475926 0.015625 0.0666667
0 0.616667 0.47037 0.0125 0.0592593
1 0.247917 0.498148 0.104167 0.0703704
1 0.0677083 0.958333 0.135417 0.0796296
1 0.955729 0.496296 0.065625 0.0592593
1 0.954687 0.647222 0.0885417 0.109259
1 0.276042 0.892593 0.191667 0.159259
