1 0.233333 0.180556 0.0458333 0.0685185
0 0.179167 0.916667 0.0541667 0.166667
0 0.0921875 0.521296 0.0322917 0.112963
0 0.173958 0.417593 0.025 0.124074
1 0.329688 0.162037 0.0489583 0.0611111
1 0.529688 0.0592593 0.046875 0.118519
0 0.322396 0.535185 0.0260417 0.144444
0 0.0354167 0.877778 0.0354167 0.111111
0 0.0833333 0.862963 0.03125 0.203704
1 0.731771 0.0398148 0.0302083 0.0425926
0 0.316667 0.577778 0.0333333 0.181481
1 0.232812 0.260185 0.0510417 0.0796296
0 0.205729 0.868519 0.0385417 0.218519
0 0.144792 0.941667 0.0479167 0.116667
1 0.611979 0.0527778 0.0239583 0.0388889
1 0.579167 0.0694444 0.0375 0.0574074
1 0.213021 0.292593 0.0697917 0.0962963
1 0.579167 0.12037 0.0375 0.0703704
1 0.0713542 0.447222 0.090625 0.116667
1 0.476042 0.232407 0.0770833 0.109259
1 0.119271 0.393519 0.090625 0.124074
1 0.660937 0.192593 0.053125 0.0814815
1 0.170833 0.335185 0.08125 0.1
1 0.0338542 0.526852 0.0677083 0.175926
1 0.543229 0.400926 0.0989583 0.183333
1 0.717708 0.819444 0.164583 0.316667
