1 0.645833 0.037963 0.0270833 0.0388889
1 0.0338542 0.325926 0.0677083 0.125926
1 0.753646 0.0814815 0.0385417 0.0555556
1 0.400521 0.132407 0.078125 0.05
1 0.564062 0.0722222 0.028125 0.0444444
1 0.985417 0.0518519 0.0291667 0.0407407
1 0.947917 0.0555556 0.04375 0.0444444
1 0.513021 0.194444 0.0510417 0.0555556
1 0.617708 0.0833333 0.0354167 0.0481481
0 0.333333 0.522222 0.0354167 0.185185
1 0.298438 0.183333 0.0489583 0.0703704
0 0.113542 0.450926 0.0375 0.12037
1 0.971354 0.102778 0.0552083 0.0537037
0 0.297396 0.566667 0.034375 0.196296
0 0.892708 0.123148 0.0145833 0.0685185
1 0.611979 0.135185 0.0489583 0.0777778
1 0.270833 0.217593 0.0541667 0.0796296
0 0.166146 0.473148 0.0364583 0.105556
1 0.589063 0.233333 0.0552083 0.0962963
0 0.364583 0.376852 0.0270833 0.131481
1 0.569792 0.281481 0.0875 0.148148
1 0.233333 0.256481 0.0645833 0.087037
1 0.197917 0.301852 0.0666667 0.0962963
1 0.825 0.25463 0.0875 0.112963
1 0.0375 0.531482 0.075 0.185185
1 0.151042 0.350926 0.09375 0.124074
1 0.733854 0.360185 0.101042 0.172222
1 0.634375 0.488889 0.0958333 0.185185
