1 0.340104 0.187037 0.0260417 0.0296296
0 0.193229 0.496296 0.0197917 0.0888889
1 0.258333 0.158333 0.025 0.0240741
1 0.126563 0.251852 0.0260417 0.0444444
1 0.272917 0.231481 0.0395833 0.0444444
1 0.285937 0.177778 0.021875 0.0259259
1 0.735417 0.250926 0.0583333 0.0462963
1 0.0859375 0.407407 0.0802083 0.111111
1 0.13125 0.310185 0.0354167 0.0537037
1 0.372917 0.518519 0.104167 0.162963
1 0.928646 0.294444 0.096875 0.062963
1 0.45625 0.233333 0.0458333 0.0481481
1 0.373958 0.301852 0.0520833 0.0592593
1 0.446875 0.40463 0.0770833 0.105556
