1 0.386979 0.0962963 0.0364583 0.0481481
0 0.0828125 0.861111 0.0302083 0.185185
0 0.173958 0.818519 0.0291667 0.0777778
1 0.235417 0.183333 0.0479167 0.0666667
1 0.93125 0.0768519 0.03125 0.0388889
0 0.321354 0.463889 0.028125 0.15
0 0.306771 0.596296 0.0447917 0.214815
1 0.364062 0.12037 0.0364583 0.0518519
0 0.0588542 0.524074 0.0385417 0.144444
1 0.292708 0.185185 0.0625 0.0666667
0 0.0453125 0.885185 0.0364583 0.103704
1 0.733854 0.973148 0.142708 0.0462963
0 0.204688 0.868519 0.0385417 0.218519
1 0.344271 0.15 0.0364583 0.0555556
0 0.220313 0.334259 0.021875 0.112963
0 0.158854 0.459259 0.0302083 0.0888889
1 0.326042 0.168519 0.0375 0.0592593
0 0.180729 0.916667 0.0572917 0.166667
1 0.2125 0.288889 0.0770833 0.0814815
1 0.233333 0.260185 0.0520833 0.0759259
1 0.530729 0.0740741 0.028125 0.0518519
0 0.14375 0.944444 0.0520833 0.111111
1 0.0713542 0.451852 0.0927083 0.125926
1 0.0265625 0.526852 0.053125 0.172222
1 0.739583 0.149074 0.0479167 0.0759259
1 0.170312 0.340741 0.078125 0.111111
1 0.120833 0.394444 0.0895833 0.122222
1 0.847917 0.203704 0.0625 0.0814815
1 0.569792 0.274074 0.0645833 0.1
1 0.579687 0.727778 0.140625 0.27037
