1 0.326042 0.087963 0.0458333 0.0574074
0 0.786979 0.221296 0.0197917 0.0722222
1 0.265104 0.17037 0.034375 0.0444444
0 0.896875 0.32037 0.0166667 0.0703704
1 0.370833 0.12037 0.0395833 0.0444444
1 0.70625 0.0574074 0.0208333 0.0333333
1 0.814062 0.105556 0.0427083 0.0481481
0 0.911979 0.307407 0.0197917 0.0925926
1 0.45625 0.0824074 0.0375 0.0462963
1 0.577083 0.0472222 0.0208333 0.0277778
1 0.686458 0.103704 0.0291667 0.0296296
1 0.594271 0.0777778 0.028125 0.037037
0 0.830208 0.246296 0.01875 0.0777778
1 0.457812 0.157407 0.0364583 0.062963
1 0.409896 0.160185 0.0427083 0.0611111
1 0.303646 0.557407 0.138542 0.222222
