1 0.222917 0.217593 0.0541667 0.0944444
1 0.113542 0.171296 0.0479167 0.105556
1 0.517708 0.265741 0.08125 0.124074
1 0.753646 0.249074 0.126042 0.12037
1 0.923958 0.32037 0.15 0.140741
1 0.301562 0.294444 0.0802083 0.107407
1 0.952604 0.49537 0.0947917 0.168519
1 0.807813 0.407407 0.163542 0.122222
1 0.631771 0.336111 0.132292 0.116667
1 0.361458 0.348148 0.0770833 0.103704
1 0.835417 0.518519 0.179167 0.214815
1 0.965625 0.656482 0.06875 0.157407
1 0.65 0.44537 0.166667 0.146296
1 0.4375 0.410185 0.114583 0.131481
1 0.829167 0.69537 0.279167 0.342593
1 0.594271 0.526852 0.159375 0.175926
