0 0.0729167 0.517593 0.0166667 0.0648148
1 0.992708 0.437963 0.0145833 0.0759259
0 0.0473958 0.508333 0.0135417 0.0722222
0 0.748958 0.452778 0.0125 0.0574074
0 0.685417 0.487037 0.0125 0.0592593
0 0.648438 0.47037 0.0114583 0.0592593
0 0.672396 0.476852 0.0114583 0.0685185
1 0.0682292 0.957407 0.136458 0.0814815
1 0.249479 0.498148 0.101042 0.0740741
1 0.978125 0.609259 0.04375 0.0888889
1 0.723437 0.884259 0.140625 0.164815
1 0.195833 0.62963 0.125 0.1
1 0.620833 0.662037 0.11875 0.116667
1 0.277604 0.891667 0.190625 0.157407
