1 0.717188 0.0351852 0.0302083 0.0555556
1 0.613021 0.0222222 0.021875 0.0407407
1 0.555208 0.0212963 0.0208333 0.0388889
1 0.752083 0.0740741 0.0354167 0.0481481
1 0.373437 0.110185 0.0385417 0.0537037
1 0.359375 0.133333 0.0375 0.0555556
1 0.803125 0.0824074 0.03125 0.05
1 0.307292 0.172222 0.0604167 0.0592593
0 0.240104 0.708333 0.0364583 0.153704
1 0.339063 0.151852 0.0364583 0.0592593
1 0.247917 0.24537 0.0520833 0.087037
0 0.292708 0.555556 0.0333333 0.133333
0 0.308333 0.539815 0.03125 0.172222
1 0.631771 0.0407407 0.0260417 0.037037
1 0.592188 0.0407407 0.028125 0.0555556
1 0.545833 0.0574074 0.0270833 0.0444444
1 0.226562 0.278704 0.065625 0.0981481
0 0.234896 0.848148 0.046875 0.214815
1 0.854167 0.0981481 0.0583333 0.062963
0 0.204688 0.871296 0.0572917 0.25
1 0.0848958 0.437963 0.090625 0.127778
0 0.289062 0.67037 0.0447917 0.159259
1 0.783854 0.103704 0.0447917 0.0592593
0 0.169271 0.899074 0.0510417 0.201852
1 0.186458 0.325 0.08125 0.112963
0 0.283333 0.80463 0.04375 0.212963
0 0.357812 0.269444 0.0239583 0.0944444
1 0.135417 0.37963 0.0916667 0.118519
1 0.96875 0.311111 0.0625 0.107407
1 0.121354 0.541667 0.123958 0.187037
1 0.040625 0.511111 0.08125 0.174074
1 0.627604 0.242593 0.0572917 0.1
1 0.725 0.407407 0.09375 0.155556
