0 0.180208 0.0425926 0.0208333 0.0666667
1 0.0203125 0.119444 0.040625 0.05
0 0.916146 0.0537037 0.0177083 0.0777778
0 0.240625 0.025 0.0145833 0.05
0 0.0322917 0.297222 0.0291667 0.124074
0 0.941146 0.10463 0.0177083 0.0796296
0 0.990625 0.127778 0.01875 0.1
0 0.973437 0.108333 0.0197917 0.12037
1 0.659896 0.0166667 0.0364583 0.0333333
1 0.774479 0.228704 0.0989583 0.138889
0 0.0182292 0.336111 0.0322917 0.153704
0 0.294792 0.087963 0.01875 0.0907407
1 0.346354 0.0833333 0.071875 0.1
1 0.430729 0.0861111 0.065625 0.105556
1 0.258854 0.803704 0.240625 0.381481
