1 0.0442708 0.0305556 0.0260417 0.0314815
1 0.0171875 0.0444444 0.0302083 0.0407407
1 0.071875 0.0481481 0.0333333 0.0444444
1 0.0703125 0.103704 0.0427083 0.062963
1 0.366667 0.0814815 0.0458333 0.0518519
1 0.398958 0.130556 0.05625 0.0611111
1 0.456771 0.114815 0.0572917 0.0592593
1 0.508854 0.217593 0.0822917 0.0648148
1 0.295312 0.238889 0.071875 0.0925926
1 0.603646 0.183333 0.0864583 0.0851852
1 0.0609375 0.237037 0.0552083 0.0851852
1 0.219271 0.47963 0.115625 0.188889
1 0.590625 0.486111 0.152083 0.194444
