1 0.374479 0.0537037 0.0427083 0.0481481
0 0.484896 0.465741 0.040625 0.0722222
0 0.161458 0.412037 0.03125 0.105556
0 0.192708 0.425926 0.03125 0.0888889
1 0.30625 0.0685185 0.0395833 0.0518519
1 0.304167 0.126852 0.05 0.0574074
0 0.319271 0.475 0.0260417 0.131481
1 0.876042 0.0287037 0.0520833 0.05
0 0.297917 0.543519 0.0375 0.164815
0 0.0541667 0.303704 0.0208333 0.0888889
1 0.292188 0.140741 0.0489583 0.0592593
1 0.448958 0.012037 0.0208333 0.0240741
0 0.989062 0.163889 0.0197917 0.087037
1 0.983333 0.0240741 0.0333333 0.0481481
0 0.277083 0.260185 0.0166667 0.0611111
1 0.9875 0.0824074 0.025 0.0537037
1 0.191667 0.262963 0.0645833 0.0888889
1 0.261458 0.183333 0.0604167 0.0777778
1 0.942708 0.0240741 0.04375 0.0444444
1 0.226562 0.225 0.0635417 0.087037
1 0.407813 0.0861111 0.0739583 0.0537037
1 0.966146 0.0703704 0.053125 0.0555556
1 0.143229 0.319444 0.0989583 0.127778
