1 0.991667 0.144444 0.0166667 0.0407407
1 0.502604 0.110185 0.021875 0.0462963
0 0.525 0.0935185 0.0145833 0.0537037
0 0.678646 0.228704 0.015625 0.0907407
0 0.653646 0.233333 0.015625 0.0851852
1 0.981771 0.139815 0.0364583 0.0462963
1 0.881771 0.150926 0.053125 0.05
1 0.930208 0.148148 0.05625 0.0481481
0 0.639063 0.236111 0.0197917 0.0944444
1 0.466667 0.10463 0.0541667 0.0611111
0 0.685938 0.226852 0.0197917 0.087037
1 0.580208 0.17963 0.0895833 0.0777778
1 0.0552083 0.268519 0.110417 0.1
1 0.199479 0.243519 0.134375 0.105556
1 0.440104 0.526852 0.271875 0.216667
