0 0.972917 0.0925926 0.0291667 0.12963
0 0.991667 0.0898148 0.0166667 0.135185
1 0.461979 0.0453704 0.126042 0.0833333
0 0.9125 0.0537037 0.0166667 0.0888889
0 0.0276042 0.3 0.028125 0.103704
0 0.0161458 0.337037 0.0322917 0.140741
0 0.9375 0.0935185 0.0208333 0.087037
0 0.963542 0.100926 0.025 0.124074
1 0.34375 0.0796296 0.0645833 0.114815
1 0.498958 0.0490741 0.0583333 0.0944444
1 0.428646 0.0425926 0.0552083 0.0851852
1 0.613542 0.0564815 0.0583333 0.0833333
1 0.0786458 0.875926 0.155208 0.240741
1 0.373958 0.2 0.0958333 0.140741
