1 0.963542 0.208333 0.0666667 0.05
1 0.109896 0.823148 0.205208 0.346296
0 0.36875 0.956481 0.05 0.087037
0 0.372396 0.907407 0.0635417 0.122222
1 0.394271 0.275 0.188542 0.224074
1 0.217708 0.232407 0.0541667 0.0944444
1 0.625521 0.231481 0.103125 0.0962963
1 0.515625 0.290741 0.0791667 0.1
1 0.296354 0.310185 0.084375 0.112963
1 0.794792 0.287963 0.129167 0.124074
1 0.770312 0.42037 0.159375 0.140741
1 0.9625 0.672222 0.075 0.151852
1 0.948438 0.508333 0.101042 0.175926
1 0.829687 0.535185 0.178125 0.218519
1 0.625 0.349074 0.125 0.112963
1 0.356771 0.362963 0.0760417 0.103704
1 0.645312 0.461111 0.167708 0.148148
1 0.432813 0.425926 0.113542 0.133333
1 0.588021 0.539815 0.159375 0.175926
1 0.822396 0.709259 0.276042 0.340741
