1 0.0239583 0.24537 0.0479167 0.0574074
1 0.269792 0.133333 0.0541667 0.037037
1 0.647917 0.251852 0.0625 0.0814815
1 0.666667 0.115741 0.0520833 0.0537037
1 0.429167 0.0777778 0.0520833 0.0407407
1 0.0182292 0.230556 0.0364583 0.05
1 0.471354 0.299074 0.071875 0.0648148
1 0.942708 0.157407 0.0791667 0.0777778
1 0.592188 0.352778 0.136458 0.127778
1 0.961979 0.221296 0.0739583 0.0796296
1 0.215104 0.160185 0.0635417 0.05
1 0.467187 0.550926 0.194792 0.235185
1 0.798437 0.375 0.121875 0.12037
1 0.0515625 0.626852 0.103125 0.116667
1 0.201042 0.462037 0.0979167 0.0944444
1 0.790104 0.49537 0.138542 0.153704
1 0.276042 0.910185 0.279167 0.17963
