1 0.789583 0.0157407 0.0416667 0.0314815
1 0.180208 0.162963 0.04375 0.0407407
1 0.405729 0.0861111 0.046875 0.0351852
1 0.453646 0.0712963 0.0447917 0.0388889
1 0.371354 0.0990741 0.0447917 0.0425926
1 0.276042 0.131481 0.04375 0.0407407
1 0.334896 0.118519 0.034375 0.037037
1 0.126042 0.199074 0.0791667 0.05
1 0.977083 0.148148 0.0458333 0.103704
1 0.231771 0.157407 0.0510417 0.0407407
1 0.489583 0.282407 0.0770833 0.0685185
1 0.0635417 0.212037 0.0729167 0.0537037
1 0.596354 0.160185 0.0510417 0.0537037
1 0.835938 0.287037 0.0989583 0.125926
1 0.353646 0.737037 0.205208 0.207407
1 0.748438 0.562037 0.153125 0.17963
1 0.64375 0.42963 0.135417 0.140741
