1 0.857813 0.183333 0.0385417 0.0333333
1 0.672396 0.252778 0.040625 0.0425926
1 0.641667 0.266667 0.0354167 0.0407407
0 0.0619792 0.490741 0.0260417 0.107407
0 0.0666667 0.515741 0.0270833 0.0833333
1 0.608854 0.278704 0.040625 0.0425926
1 0.98125 0.212037 0.01875 0.0277778
1 0.410937 0.351852 0.071875 0.0703704
0 0.0583333 0.466667 0.0208333 0.0703704
1 0.992708 0.243519 0.0145833 0.0314815
0 0.0244792 0.378704 0.0260417 0.105556
1 0.571354 0.292593 0.0447917 0.0481481
1 0.946875 0.219444 0.01875 0.0277778
1 0.959896 0.297222 0.040625 0.0574074
1 0.347917 0.388889 0.0520833 0.0703704
1 0.529167 0.309259 0.05 0.0444444
1 0.171875 0.403704 0.0604167 0.062963
1 0.264062 0.419444 0.0947917 0.0759259
1 0.885417 0.328704 0.0458333 0.0574074
1 0.808333 0.372222 0.05625 0.0703704
1 0.682292 0.599074 0.129167 0.15
