1 0.3875 0.141667 0.0541667 0.0685185
0 0.231771 0.259259 0.015625 0.0703704
1 0.302083 0.087963 0.0458333 0.0574074
1 0.689062 0.0462963 0.021875 0.0296296
1 0.290104 0.103704 0.0385417 0.0592593
1 0.227604 0.147222 0.053125 0.0759259
1 0.252604 0.110185 0.059375 0.0648148
1 0.798958 0.0898148 0.0395833 0.05
1 0.671875 0.0907407 0.0291667 0.0259259
1 0.484375 0.124074 0.0291667 0.0592593
1 0.400521 0.0888889 0.0489583 0.0407407
1 0.367708 0.0675926 0.0333333 0.0351852
1 0.311458 0.0740741 0.0395833 0.0518519
0 0.158854 0.360185 0.0177083 0.109259
0 0.0984375 0.411111 0.021875 0.0888889
0 0.0614583 0.456481 0.0270833 0.112963
1 0.609896 0.130556 0.040625 0.0574074
