0 0.800521 0.15463 0.0177083 0.0759259
1 0.923437 0.103704 0.0364583 0.0407407
1 0.986458 0.101852 0.0270833 0.0407407
1 0.540625 0.147222 0.0791667 0.0759259
0 0.540625 0.200926 0.01875 0.0722222
1 0.828646 0.262037 0.123958 0.15
1 0.951563 0.101852 0.059375 0.0481481
1 0.425521 0.0740741 0.053125 0.0592593
1 0.8375 0.116667 0.05625 0.0481481
1 0.882812 0.108333 0.0572917 0.05
0 0.601562 0.196296 0.0177083 0.0925926
0 0.636458 0.197222 0.0145833 0.0907407
1 0.153125 0.221296 0.139583 0.105556
1 0.03125 0.243519 0.0625 0.0944444
1 0.475 0.774074 0.354167 0.314815
