0 0.0645833 0.812963 0.0479167 0.2
1 0.357292 0.216667 0.04375 0.0518519
1 0.235938 0.328704 0.0364583 0.0833333
0 0.267188 0.473148 0.0510417 0.12037
1 0.377604 0.196296 0.0364583 0.0481481
0 0.25625 0.474074 0.01875 0.103704
1 0.164062 0.377778 0.0385417 0.0925926
0 0.325 0.325 0.0166667 0.0722222
1 0.0244792 0.501852 0.0489583 0.0777778
1 0.585417 0.158333 0.03125 0.0425926
1 0.326042 0.236111 0.0583333 0.0611111
1 0.255729 0.29537 0.0510417 0.0648148
1 0.976562 0.158333 0.046875 0.0537037
0 0.230208 0.549074 0.0395833 0.138889
0 0.078125 0.8 0.0354167 0.192593
1 0.585417 0.19537 0.0354167 0.0574074
0 0.218229 0.587037 0.0322917 0.148148
0 0.028125 0.85 0.0395833 0.222222
1 0.633854 0.187037 0.0302083 0.0555556
0 0.243229 0.485185 0.028125 0.125926
1 0.544271 0.238889 0.0427083 0.0703704
0 0.104167 0.762037 0.0354167 0.183333
0 0.282813 0.469444 0.0260417 0.116667
1 0.122917 0.413889 0.0854167 0.0981481
0 0.182292 0.607407 0.0354167 0.155556
1 0.065625 0.458333 0.0833333 0.0907407
1 0.640625 0.252778 0.0479167 0.0796296
1 0.565104 0.267593 0.0489583 0.0759259
1 0.548958 0.367593 0.06875 0.109259
1 0.45625 0.548148 0.0979167 0.174074
1 0.653646 0.577778 0.105208 0.192593
