0 0.930208 0.362037 0.01875 0.0685185
1 0.472396 0.269444 0.0510417 0.0388889
0 0.657812 0.302778 0.015625 0.05
1 0.0953125 0.224074 0.021875 0.0259259
1 0.432813 0.260185 0.0489583 0.0388889
1 0.151562 0.292593 0.0302083 0.0555556
1 0.523958 0.275926 0.05 0.0481481
1 0.771354 0.335185 0.101042 0.062963
1 0.582812 0.284259 0.0677083 0.0574074
1 0.977604 0.384259 0.0447917 0.0537037
1 0.894792 0.362963 0.0854167 0.0666667
1 0.697917 0.318519 0.0708333 0.0518519
1 0.966146 0.521296 0.065625 0.087037
1 0.0979167 0.573148 0.1 0.15
1 0.288021 0.360185 0.0739583 0.0722222
