1 0.333333 0.287963 0.0333333 0.0388889
1 0.788542 0.362963 0.0333333 0.0481481
1 0.769271 0.342593 0.0364583 0.0407407
1 0.823438 0.425926 0.0322917 0.0666667
1 0.558854 0.228704 0.0135417 0.0203704
1 0.855729 0.40463 0.0572917 0.0574074
1 0.942708 0.473148 0.0875 0.0833333
1 0.899479 0.431481 0.084375 0.0851852
1 0.611979 0.264815 0.0239583 0.0296296
1 0.986458 0.561111 0.0270833 0.0777778
1 0.270312 0.332407 0.0364583 0.0462963
1 0.296875 0.312963 0.0375 0.0444444
1 0.975521 0.510185 0.0489583 0.0648148
1 0.113021 0.439815 0.0864583 0.0907407
1 0.570833 0.265741 0.0229167 0.0277778
1 0.24375 0.350926 0.0416667 0.05
1 0.0135417 0.537963 0.0270833 0.0796296
1 0.2125 0.372222 0.0520833 0.0555556
1 0.665625 0.493519 0.0708333 0.101852
