1 0.0895833 0.125926 0.025 0.0296296
1 0.85625 0.221296 0.125 0.0796296
1 0.853646 0.12963 0.0552083 0.0592593
0 0.457292 0.167593 0.0145833 0.0611111
0 0.609375 0.215741 0.01875 0.0759259
1 0.500521 0.075 0.065625 0.0425926
1 0.729688 0.122222 0.0385417 0.037037
0 0.567708 0.198148 0.0166667 0.0740741
1 0.808854 0.12963 0.053125 0.0666667
1 0.169792 0.137037 0.0354167 0.037037
1 0.009375 0.146296 0.01875 0.0333333
0 0.515104 0.180556 0.015625 0.0648148
0 0.746875 0.256481 0.01875 0.0981481
1 0.54375 0.150926 0.0666667 0.0611111
0 0.623438 0.219444 0.0197917 0.0796296
1 0.967708 0.139815 0.0583333 0.0759259
0 0.680208 0.234259 0.01875 0.0796296
1 0.580729 0.164815 0.0510417 0.0518519
1 0.252083 0.183333 0.0479167 0.0592593
1 0.0385417 0.192593 0.0354167 0.0481481
1 0.738021 0.199074 0.084375 0.0685185
1 0.196875 0.297222 0.0708333 0.087037
1 0.236979 0.480556 0.121875 0.164815
