1 0.638021 0.125 0.034375 0.0648148
1 0.585417 0.136111 0.0375 0.0611111
1 0.263542 0.14537 0.0416667 0.05
1 0.852604 0.112963 0.059375 0.0592593
1 0.988021 0.201852 0.0239583 0.0666667
1 0.470313 0.101852 0.0322917 0.0481481
1 0.519271 0.0925926 0.0302083 0.0518519
1 0.198437 0.183333 0.059375 0.0666667
1 0.152083 0.178704 0.05 0.0611111
1 0.936458 0.161111 0.0625 0.062963
1 0.574479 0.0712963 0.0239583 0.0388889
0 0.158333 0.22963 0.01875 0.0740741
0 0.983333 0.334259 0.0229167 0.127778
1 0.173958 0.815741 0.197917 0.361111
1 0.704687 0.136111 0.040625 0.0574074
1 0.0578125 0.316667 0.0322917 0.0740741
1 0.967188 0.185185 0.0614583 0.062963
1 0.504687 0.175926 0.0427083 0.062963
1 0.598437 0.187037 0.040625 0.0703704
0 0.957292 0.303704 0.0270833 0.118519
1 0.672917 0.183333 0.04375 0.0666667
1 0.329167 0.243519 0.0520833 0.0796296
1 0.120312 0.251852 0.053125 0.0740741
0 0.053125 0.501852 0.0416667 0.140741
1 0.982813 0.557407 0.034375 0.122222
1 0.0833333 0.282407 0.0729167 0.087037
0 0.0791667 0.437963 0.0270833 0.131481
1 0.410417 0.246296 0.05625 0.0851852
1 0.805208 0.278704 0.075 0.0944444
1 0.491667 0.260185 0.0583333 0.105556
1 0.696354 0.249074 0.0635417 0.105556
1 0.448438 0.719444 0.123958 0.268519
1 0.836979 0.557407 0.119792 0.196296
1 0.669271 0.385185 0.084375 0.125926
