1 0.963021 0.310185 0.0739583 0.087037
0 0.614583 0.20463 0.0125 0.0722222
1 0.167187 0.062037 0.0427083 0.0351852
1 0.869271 0.163889 0.040625 0.0425926
0 0.9375 0.339815 0.0208333 0.0907407
1 0.140104 0.0453704 0.021875 0.0277778
0 0.558333 0.171296 0.0145833 0.0648148
0 0.635417 0.212963 0.0166667 0.0814815
1 0.04375 0.0555556 0.0416667 0.0666667
1 0.811979 0.153704 0.046875 0.0444444
0 0.704167 0.247222 0.0208333 0.087037
1 0.129167 0.0898148 0.0291667 0.0388889
1 0.448958 0.173148 0.05625 0.0648148
1 0.217708 0.29537 0.0854167 0.146296
1 0.396354 0.196296 0.0739583 0.0740741
1 0.791667 0.224074 0.0729167 0.0740741
1 0.483333 0.303704 0.114583 0.114815
1 0.688542 0.374074 0.152083 0.125926
