1 0.6125 0.0916667 0.0354167 0.0425926
1 0.954687 0.0148148 0.0197917 0.0296296
1 0.986458 0.0425926 0.0229167 0.037037
1 0.844271 0.0703704 0.0322917 0.0444444
1 0.995833 0.544444 0.00833333 0.125926
1 0.975521 0.0824074 0.0322917 0.0462963
1 0.864062 0.0324074 0.021875 0.0277778
1 0.914062 0.0157407 0.0197917 0.0314815
1 0.526042 0.126852 0.0458333 0.0574074
1 0.827604 0.192593 0.059375 0.0962963
1 0.574479 0.135185 0.0510417 0.0555556
1 0.989062 0.206481 0.021875 0.0722222
1 0.883333 0.327778 0.06875 0.107407
1 0.261458 0.30463 0.0979167 0.0907407
1 0.450521 0.25 0.065625 0.0814815
1 0.478125 0.287037 0.0770833 0.107407
