0 0.599479 0.193519 0.0114583 0.0648148
0 0.984896 0.29537 0.021875 0.0944444
1 0.579687 0.0703704 0.059375 0.0407407
0 0.616667 0.226852 0.01875 0.0425926
0 0.0270833 0.425 0.03125 0.127778
1 0.0958333 0.0101852 0.0395833 0.0203704
1 0.289583 0.0444444 0.0291667 0.0296296
1 0.797396 0.146296 0.0489583 0.0407407
0 0.689583 0.237037 0.01875 0.0814815
1 0.853646 0.159259 0.040625 0.0444444
0 0.258333 0.897222 0.0666667 0.201852
1 0.776563 0.218519 0.0739583 0.0740741
1 0.123438 0.159259 0.0447917 0.0666667
1 0.492188 0.798148 0.232292 0.37037
