1 0.714583 0.132407 0.0541667 0.05
1 0.825 0.0222222 0.0541667 0.0444444
1 0.214583 0.156481 0.05 0.0425926
1 0.454688 0.0731481 0.0489583 0.0351852
1 0.339063 0.117593 0.0572917 0.0425926
1 0.648958 0.257407 0.05625 0.0777778
1 0.03125 0.212963 0.0583333 0.0481481
1 0.01875 0.239815 0.0375 0.05
1 0.395312 0.0962963 0.0572917 0.0407407
1 0.599479 0.35 0.161458 0.140741
1 0.434375 0.332407 0.0833333 0.0685185
1 0.694792 0.538889 0.175 0.237037
0 0.807813 0.913889 0.0572917 0.172222
1 0.986458 0.10463 0.0270833 0.0685185
1 0.975 0.280556 0.05 0.105556
1 0.354167 0.325 0.0729167 0.0722222
1 0.443229 0.615741 0.182292 0.172222
