1 0.230208 0.192593 0.0604167 0.062963
1 0.367708 0.12037 0.04375 0.0592593
0 0.232812 0.364815 0.0260417 0.111111
1 0.634896 0.181481 0.107292 0.0888889
0 0.236979 0.837037 0.0385417 0.211111
1 0.592708 0.0361111 0.0270833 0.0425926
1 0.797917 0.0546296 0.0354167 0.05
0 0.319792 0.5 0.025 0.111111
1 0.859896 0.0944444 0.046875 0.0592593
0 0.208854 0.837037 0.0447917 0.207407
0 0.194271 0.903704 0.0552083 0.192593
1 0.635938 0.0509259 0.0302083 0.0462963
1 0.753125 0.0685185 0.0354167 0.0518519
0 0.3 0.651852 0.0395833 0.207407
1 0.609896 0.116667 0.040625 0.0592593
0 0.741667 0.24537 0.025 0.0944444
0 0.0723958 0.716667 0.059375 0.174074
1 0.827604 0.15 0.0572917 0.0703704
0 0.346875 0.426852 0.0333333 0.15
1 0.23125 0.269444 0.0666667 0.0944444
1 0.0161458 0.734259 0.0322917 0.161111
1 0.0921875 0.428704 0.0885417 0.135185
1 0.605729 0.193519 0.0489583 0.105556
1 0.192188 0.313889 0.0822917 0.109259
1 0.141146 0.366667 0.0885417 0.122222
1 0.663542 0.171296 0.05625 0.0796296
1 0.04375 0.5 0.0854167 0.174074
1 0.854688 0.257407 0.0760417 0.103704
1 0.620313 0.290741 0.0739583 0.118519
1 0.945833 0.248148 0.0833333 0.0962963
1 0.732292 0.811111 0.2 0.366667
1 0.491667 0.212963 0.0770833 0.0851852
1 0.806771 0.440741 0.109375 0.166667
