0 0.0901042 0.866667 0.0302083 0.192593
0 0.254167 0.796296 0.03125 0.203704
1 0.363021 0.137963 0.0385417 0.0537037
0 0.116146 0.462037 0.0302083 0.124074
1 0.239583 0.190741 0.04375 0.0703704
0 0.210938 0.87037 0.0385417 0.196296
0 0.279167 0.721296 0.04375 0.190741
1 0.332812 0.173148 0.040625 0.0537037
1 0.303125 0.194444 0.0520833 0.062963
0 0.315104 0.607407 0.040625 0.2
1 0.351042 0.152778 0.0395833 0.0537037
0 0.186979 0.925926 0.0489583 0.148148
0 0.952604 0.121296 0.0114583 0.0574074
0 0.145313 0.473148 0.0260417 0.127778
0 0.153646 0.946296 0.0489583 0.107407
0 0.0609375 0.914815 0.0489583 0.162963
1 0.240104 0.267593 0.0510417 0.0833333
1 0.669792 0.962037 0.166667 0.0722222
1 0.539583 0.0583333 0.025 0.05
1 0.0744792 0.469444 0.084375 0.131481
1 0.218229 0.302778 0.065625 0.0981481
1 0.127083 0.390741 0.0895833 0.0962963
1 0.801562 0.225 0.0677083 0.0981481
1 0.0369792 0.537963 0.0739583 0.175926
1 0.179167 0.348148 0.0791667 0.111111
1 0.967188 0.339815 0.065625 0.112963
1 0.614583 0.421296 0.0875 0.15
1 0.666667 0.600926 0.125 0.235185
