1 0.6 0.0287037 0.0145833 0.0203704
1 0.932813 0.189815 0.128125 0.0685185
1 0.478646 0.0694444 0.0197917 0.0351852
0 0.973437 0.566667 0.0114583 0.0555556
1 0.552604 0.0462963 0.0197917 0.037037
1 0.468229 0.201852 0.0614583 0.162963
0 0.0864583 0.250926 0.025 0.0537037
1 0.467708 0.0342593 0.0166667 0.0240741
1 0.4625 0.0935185 0.0270833 0.05
1 0.864583 0.152778 0.0291667 0.0462963
1 0.802604 0.122222 0.040625 0.0592593
1 0.188542 0.199074 0.04375 0.0648148
1 0.981771 0.248148 0.0364583 0.0851852
0 0.00520833 0.298148 0.0104167 0.118519
1 0.419792 0.113889 0.0291667 0.05
0 0.0401042 0.242593 0.0177083 0.0703704
1 0.496354 0.102778 0.028125 0.0388889
0 0.860417 0.212963 0.0270833 0.0925926
1 0.835417 0.135185 0.0395833 0.0407407
0 0.827083 0.230556 0.01875 0.0833333
1 0.309896 0.226852 0.0489583 0.0722222
1 0.891667 0.182407 0.0479167 0.0759259
1 0.961458 0.199074 0.0770833 0.0648148
1 0.480208 0.251852 0.0541667 0.1
1 0.422396 0.338889 0.071875 0.111111
1 0.404167 0.593518 0.10625 0.198148
1 0.166667 0.265741 0.104167 0.0796296
1 0.306771 0.474074 0.0927083 0.151852
