1 0.0869792 0.103704 0.0239583 0.037037
1 0.104687 0.135185 0.0322917 0.0481481
1 0.149479 0.112037 0.0302083 0.0425926
1 0.0494792 0.117593 0.034375 0.0537037
1 0.218229 0.172222 0.0447917 0.0592593
1 0.790625 0.365741 0.114583 0.0796296
1 0.983854 0.362963 0.0322917 0.0703704
1 0.028125 0.213889 0.04375 0.0685185
1 0.204688 0.230556 0.0572917 0.0833333
1 0.573438 0.171296 0.0697917 0.0722222
1 0.0614583 0.322222 0.0625 0.0962963
1 0.903646 0.757407 0.190625 0.411111
1 0.702604 0.267593 0.107292 0.112963
1 0.309375 0.364815 0.0875 0.12963
1 0.289062 0.534259 0.123958 0.17963
