1 0.648958 0.0981481 0.0354167 0.0407407
1 0.855729 0.138889 0.046875 0.0592593
1 0.370313 0.0981481 0.0364583 0.0333333
1 0.5875 0.350926 0.13125 0.12037
1 0.535417 0.249074 0.0645833 0.0611111
1 0.785937 0.075 0.0447917 0.0425926
1 0.660937 0.0768519 0.053125 0.0796296
1 0.108333 0.188889 0.0791667 0.062963
1 0.0177083 0.223148 0.0354167 0.0388889
1 0.621875 0.148148 0.05625 0.0481481
1 0.753646 0.0805556 0.0427083 0.0425926
1 0.810417 0.0240741 0.0395833 0.0407407
1 0.552604 0.206481 0.0635417 0.0574074
1 0.0713542 0.936111 0.140625 0.12037
1 0.272396 0.432407 0.101042 0.0944444
