1 0.371875 0.160185 0.0416667 0.0425926
1 0.577604 0.117593 0.046875 0.05
1 0.0359375 0.211111 0.028125 0.037037
1 0.541146 0.117593 0.090625 0.0425926
1 0.3125 0.150926 0.0375 0.0351852
1 0.815104 0.162037 0.059375 0.0648148
0 0.453125 0.208333 0.0166667 0.0648148
1 0.0802083 0.203704 0.0270833 0.0407407
1 0.185937 0.216667 0.0385417 0.0407407
1 0.107292 0.233333 0.0375 0.0481481
0 0.761458 0.0814815 0.0166667 0.0703704
0 0.488542 0.215741 0.0145833 0.0648148
1 0.0802083 0.264815 0.0416667 0.0740741
1 0.503646 0.110185 0.0510417 0.0425926
1 0.256771 0.218519 0.0510417 0.0481481
1 0.973958 0.162037 0.0479167 0.0833333
1 0.157813 0.381481 0.071875 0.107407
1 0.283854 0.435185 0.101042 0.137037
1 0.430729 0.343519 0.103125 0.087037
1 0.836979 0.85463 0.317708 0.287037
