1 0.679688 0.0185185 0.0197917 0.0333333
0 0.166146 0.941667 0.0427083 0.112963
1 0.664062 0.012963 0.0197917 0.0259259
1 0.942708 0.087963 0.0375 0.0351852
0 0.452604 0.634259 0.0427083 0.116667
1 0.364583 0.124074 0.0354167 0.0518519
0 0.232292 0.334259 0.0208333 0.105556
0 0.1 0.298148 0.0208333 0.0925926
1 0.330208 0.166667 0.0395833 0.0592593
1 0.959375 0.0888889 0.0458333 0.0444444
1 0.239063 0.261111 0.0510417 0.0814815
1 0.932813 0.0796296 0.0260417 0.0407407
1 0.35 0.146296 0.0354167 0.0592593
1 0.898958 0.062963 0.0229167 0.0444444
1 0.216146 0.291667 0.065625 0.0944444
0 0.0359375 0.37037 0.0239583 0.111111
0 0.197396 0.883333 0.046875 0.233333
1 0.601562 0.0240741 0.0197917 0.0259259
1 0.697396 0.037963 0.021875 0.0314815
1 0.570833 0.0490741 0.0229167 0.0388889
1 0.722917 0.0314815 0.0229167 0.0296296
0 0.122917 0.90463 0.05 0.168519
1 0.965625 0.139815 0.06875 0.0574074
1 0.794271 0.118519 0.040625 0.0555556
1 0.676042 0.0472222 0.0229167 0.0351852
1 0.728125 0.0759259 0.03125 0.0407407
1 0.781771 0.143519 0.0447917 0.0685185
1 0.0739583 0.452778 0.0916667 0.135185
1 0.175 0.336111 0.0833333 0.112963
1 0.0354167 0.523148 0.0708333 0.175926
1 0.125521 0.389815 0.090625 0.127778
