1 0.0651042 0.266667 0.0489583 0.0666667
0 0.0760417 0.346296 0.01875 0.0814815
0 0.0447917 0.494444 0.0166667 0.0777778
1 0.444792 0.158333 0.0333333 0.05
1 0.991146 0.374074 0.0177083 0.111111
1 0.535937 0.062037 0.0197917 0.0314815
1 0.484375 0.121296 0.025 0.0388889
1 0.672396 0.113889 0.0302083 0.0462963
1 0.953646 0.146296 0.078125 0.062963
1 0.941146 0.191667 0.059375 0.0648148
1 0.861458 0.14537 0.05 0.0537037
1 0.645312 0.142593 0.034375 0.0592593
1 0.7 0.147222 0.0354167 0.0537037
1 0.455729 0.187037 0.0447917 0.0703704
1 0.513021 0.192593 0.0385417 0.0666667
1 0.159896 0.20463 0.0510417 0.0648148
1 0.341667 0.253704 0.0479167 0.0777778
1 0.127604 0.275926 0.053125 0.0703704
1 0.971875 0.209259 0.05625 0.0666667
0 0.261458 0.325 0.01875 0.087037
1 0.258333 0.239815 0.0541667 0.0648148
1 0.682292 0.234259 0.0520833 0.0796296
1 0.0947917 0.309259 0.0666667 0.0814815
0 0.059375 0.525926 0.0333333 0.140741
0 0.963021 0.330556 0.0260417 0.12037
1 0.759896 0.227778 0.0552083 0.0777778
0 0.0796875 0.468519 0.028125 0.137037
1 0.944792 0.888889 0.110417 0.211111
1 0.804688 0.455556 0.096875 0.133333
1 0.516146 0.274074 0.0572917 0.0888889
1 0.475521 0.388889 0.0739583 0.122222
1 0.322917 0.537037 0.108333 0.174074
