0 0.509896 0.0787037 0.0135417 0.0537037
1 0.639063 0.0787037 0.0385417 0.0425926
0 0.829687 0.162037 0.0197917 0.0944444
1 0.955208 0.116667 0.0354167 0.037037
1 0.15625 0.176852 0.108333 0.0796296
1 0.982813 0.111111 0.0322917 0.0518519
1 0.915104 0.121296 0.0614583 0.05
1 0.865104 0.126852 0.0572917 0.05
0 0.627083 0.214815 0.01875 0.1
0 0.660937 0.207407 0.0177083 0.0851852
1 0.452604 0.0888889 0.053125 0.0592593
0 0.640104 0.211111 0.015625 0.0925926
1 0.567187 0.160185 0.0802083 0.0796296
1 0.959375 0.584259 0.08125 0.283333
1 0.948438 0.851852 0.103125 0.281481
1 0.902604 0.505556 0.192708 0.2
1 0.183854 0.234259 0.134375 0.109259
1 0.0489583 0.260185 0.0958333 0.0981481
1 0.126563 0.484259 0.251042 0.187037
