1 0.375521 0.373148 0.138542 0.0722222
1 0.9875 0.194444 0.0229167 0.0296296
0 0.222917 0.47037 0.03125 0.0814815
1 0.640104 0.269444 0.034375 0.0425926
1 0.607813 0.281481 0.040625 0.0407407
0 0.0234375 0.381481 0.0239583 0.107407
1 0.570833 0.296296 0.0458333 0.0444444
0 0.0229167 0.492593 0.0291667 0.0888889
1 0.408333 0.352778 0.0770833 0.0722222
1 0.922396 0.241667 0.0239583 0.0351852
1 0.959896 0.239815 0.0239583 0.0351852
1 0.970833 0.277778 0.0291667 0.0444444
1 0.527083 0.311111 0.05 0.0444444
1 0.338542 0.39537 0.0604167 0.0722222
1 0.766667 0.460185 0.09375 0.101852
1 0.907812 0.385185 0.059375 0.0851852
1 0.169792 0.406481 0.0604167 0.0611111
1 0.266146 0.42037 0.0885417 0.0740741
1 0.599479 0.608333 0.136458 0.153704
