1 0.808333 0.137037 0.06875 0.0592593
1 0.263542 0.127778 0.0333333 0.037037
0 0.615625 0.226852 0.0145833 0.0685185
0 0.65 0.237037 0.0166667 0.0740741
0 0.854167 0.172222 0.01875 0.0740741
1 0.844271 0.136111 0.090625 0.0574074
1 0.408854 0.151852 0.0427083 0.0333333
1 0.379167 0.14537 0.0229167 0.0351852
1 0.549479 0.167593 0.065625 0.0537037
0 0.472917 0.194444 0.0125 0.0555556
0 0.576042 0.223148 0.0208333 0.0796296
1 0.363542 0.147222 0.025 0.0314815
1 0.560938 0.0972222 0.078125 0.05
1 0.214062 0.149074 0.0302083 0.0388889
1 0.0265625 0.116667 0.021875 0.0296296
1 0.504687 0.0907407 0.0552083 0.0444444
1 0.3125 0.134259 0.0354167 0.0388889
1 0.0546875 0.135185 0.0177083 0.0222222
0 0.63125 0.227778 0.01875 0.0740741
0 0.659896 0.241667 0.015625 0.0759259
1 0.148958 0.163889 0.03125 0.0425926
1 0.974479 0.137037 0.0489583 0.0851852
1 0.590625 0.17963 0.0458333 0.0555556
1 0.966667 0.27963 0.0645833 0.0925926
1 0.01875 0.183333 0.025 0.037037
1 0.0223958 0.285185 0.0447917 0.0703704
1 0.747917 0.209259 0.0895833 0.0740741
1 0.8125 0.531482 0.247917 0.188889
