1 0.084375 0.0148148 0.0229167 0.0296296
1 0.610417 0.12037 0.0354167 0.0296296
1 0.00677083 0.246296 0.0135417 0.0333333
0 0.886458 0.222222 0.0229167 0.0814815
0 0.775 0.158333 0.01875 0.0833333
0 0.946354 0.25 0.0197917 0.0925926
0 0.0192708 0.65463 0.0385417 0.135185
0 0.192188 0.730556 0.0510417 0.157407
0 0.120833 0.835185 0.0520833 0.237037
1 0.122917 0.144444 0.0416667 0.0555556
1 0.0770833 0.106481 0.0375 0.0462963
1 0.691146 0.187037 0.0927083 0.0592593
1 0.216667 0.157407 0.0625 0.0740741
1 0.379687 0.378704 0.132292 0.157407
