1 0.364583 0.101852 0.0375 0.0518519
0 0.282292 0.555556 0.0291667 0.151852
1 0.299479 0.162963 0.059375 0.062963
1 0.238542 0.160185 0.05 0.0685185
1 0.338021 0.144444 0.053125 0.0666667
0 0.309896 0.771296 0.0447917 0.209259
0 0.131771 0.897222 0.0572917 0.157407
0 0.0520833 0.35 0.0291667 0.062963
1 0.0625 0.456481 0.0645833 0.142593
1 0.976562 0.460185 0.046875 0.212963
1 0.721354 0.0148148 0.0239583 0.0296296
0 0.186979 0.94537 0.0510417 0.105556
0 0.0947917 0.558333 0.0229167 0.0611111
0 0.225521 0.737037 0.0322917 0.188889
1 0.2375 0.236111 0.05 0.0796296
1 0.0739583 0.419444 0.0895833 0.112963
1 0.657812 0.0203704 0.021875 0.0333333
0 0.202604 0.87037 0.0614583 0.240741
1 0.213542 0.272222 0.0666667 0.0962963
1 0.736458 0.0490741 0.0291667 0.0425926
1 0.705208 0.0601852 0.0395833 0.0537037
1 0.774479 0.102778 0.046875 0.0574074
1 0.175 0.318519 0.0833333 0.111111
1 0.034375 0.503704 0.06875 0.177778
1 0.123958 0.372222 0.0895833 0.125926
1 0.855208 0.178704 0.0729167 0.0944444
