1 0.567187 0.175 0.0177083 0.0388889
1 0.633854 0.17037 0.0114583 0.0185185
1 0.00833333 0.883333 0.0166667 0.125926
1 0.694271 0.240741 0.021875 0.0333333
1 0.861979 0.318519 0.0385417 0.0555556
0 0.175521 0.362037 0.015625 0.0574074
0 0.152083 0.747222 0.0229167 0.0648148
1 0.989062 0.410185 0.021875 0.0611111
1 0.826563 0.287963 0.0302083 0.0462963
1 0.332292 0.274074 0.0229167 0.037037
0 0.139062 0.798148 0.046875 0.144444
1 0.511458 0.183333 0.0125 0.0185185
1 0.892187 0.338889 0.0489583 0.0555556
1 0.925521 0.361111 0.059375 0.0592593
0 0.0807292 0.798148 0.046875 0.144444
1 0.650521 0.230556 0.0239583 0.0277778
1 0.967708 0.387037 0.0645833 0.0703704
1 0.233333 0.34537 0.05625 0.0611111
