1 0.853646 0.0722222 0.0552083 0.0481481
1 0.336458 0.0666667 0.0333333 0.0518519
1 0.369271 0.0518519 0.028125 0.0407407
1 0.305729 0.0657407 0.0385417 0.05
1 0.0322917 0.303704 0.0645833 0.1
0 0.319792 0.467593 0.0270833 0.131481
0 0.485417 0.458333 0.0416667 0.0722222
0 0.230208 0.275926 0.0208333 0.0925926
0 0.053125 0.305556 0.0208333 0.0925926
1 0.208854 0.237037 0.096875 0.0925926
0 0.297396 0.541667 0.0364583 0.161111
1 0.875521 0.0259259 0.053125 0.0481481
1 0.308854 0.12037 0.0385417 0.0592593
0 0.201562 0.387037 0.0302083 0.140741
0 0.103646 0.450926 0.0427083 0.127778
1 0.290625 0.150926 0.0458333 0.0759259
1 0.9875 0.0824074 0.025 0.0462963
1 0.983333 0.0185185 0.0333333 0.037037
0 0.98125 0.15463 0.01875 0.087037
0 0.296354 0.249074 0.015625 0.05
1 0.944792 0.0222222 0.0458333 0.0444444
1 0.192188 0.260185 0.0635417 0.0944444
1 0.034375 0.493519 0.06875 0.183333
1 0.261979 0.17963 0.0572917 0.0814815
1 0.227604 0.212037 0.065625 0.0722222
1 0.967708 0.0648148 0.0541667 0.0518519
1 0.428125 0.0787037 0.0770833 0.0537037
1 0.14375 0.315741 0.09375 0.127778
