1 0.634375 0.118519 0.01875 0.0296296
1 0.396354 0.15 0.0322917 0.062963
1 0.528646 0.148148 0.0239583 0.0407407
1 0.496875 0.132407 0.0229167 0.0314815
1 0.689583 0.108333 0.01875 0.0277778
1 0.448958 0.134259 0.0229167 0.0314815
1 0.314063 0.251852 0.0447917 0.0666667
1 0.480729 0.161111 0.028125 0.0444444
1 0.825 0.228704 0.04375 0.0574074
1 0.5125 0.187037 0.0291667 0.0407407
1 0.964063 0.846296 0.071875 0.251852
1 0.605208 0.163889 0.025 0.0351852
1 0.626042 0.219444 0.0354167 0.05
1 0.769271 0.253704 0.0447917 0.0555556
1 0.415625 0.286111 0.0479167 0.0685185
1 0.448958 0.377778 0.0604167 0.0888889
1 0.106771 0.930556 0.173958 0.135185
1 0.780208 0.430556 0.06875 0.0981481
1 0.4 0.671296 0.10625 0.183333
1 0.770312 0.792593 0.134375 0.211111
1 0.0723958 0.621296 0.142708 0.209259
1 0.304167 0.52963 0.0916667 0.137037
