1 0.855208 0.0527778 0.0166667 0.0277778
1 0.590104 0.125 0.034375 0.0462963
1 0.892187 0.0851852 0.0197917 0.0296296
1 0.950521 0.0657407 0.0197917 0.0388889
1 0.803646 0.111111 0.028125 0.0481481
1 0.623438 0.198148 0.0489583 0.0592593
1 0.861979 0.101852 0.0260417 0.037037
1 0.579167 0.192593 0.0541667 0.0555556
1 0.902083 0.12037 0.0291667 0.0444444
1 0.947396 0.116667 0.0260417 0.0444444
1 0.913021 0.178704 0.034375 0.0574074
1 0.436458 0.225 0.0625 0.0611111
1 0.384375 0.294444 0.0833333 0.0814815
1 0.515104 0.240741 0.0614583 0.0666667
1 0.0510417 0.488889 0.102083 0.159259
1 0.396354 0.39537 0.103125 0.116667
1 0.76875 0.293519 0.0604167 0.0833333
1 0.493229 0.562963 0.136458 0.162963
1 0.783854 0.630556 0.113542 0.216667
1 0.515104 0.789815 0.184375 0.275926
