1 0.995313 0.207407 0.009375 0.0185185
1 0.656771 0.262037 0.0614583 0.0425926
1 0.859896 0.184259 0.0427083 0.0351852
1 0.671354 0.255556 0.0364583 0.0407407
1 0.640625 0.27037 0.0333333 0.0407407
0 0.0244792 0.377778 0.0260417 0.1
1 0.409896 0.35 0.0760417 0.0666667
1 0.966146 0.252778 0.034375 0.0537037
1 0.217708 0.949074 0.285417 0.0944444
1 0.607813 0.280556 0.0385417 0.0425926
1 0.571354 0.296296 0.046875 0.0444444
1 0.357292 0.382407 0.06875 0.0796296
1 0.530208 0.310185 0.0520833 0.0462963
1 0.171875 0.405556 0.0604167 0.062963
1 0.264062 0.419444 0.0947917 0.0759259
