1 0.0338542 0.300926 0.0572917 0.0537037
1 0.338542 0.411111 0.141667 0.192593
1 0.568229 0.0685185 0.040625 0.0555556
1 0.425521 0.150926 0.0489583 0.0648148
1 0.610937 0.0462963 0.046875 0.0481481
1 0.467187 0.123148 0.0614583 0.0648148
1 0.522917 0.0935185 0.0583333 0.0648148
1 0.23125 0.25463 0.104167 0.087037
1 0.748958 0.101852 0.06875 0.0740741
1 0.0375 0.374074 0.0729167 0.107407
1 0.534896 0.22037 0.096875 0.111111
1 0.123958 0.316667 0.116667 0.107407
1 0.669271 0.125 0.071875 0.0833333
1 0.103125 0.564815 0.204167 0.225926
