0 0.544271 0.0731481 0.015625 0.0462963
1 0.614583 0.0657407 0.0375 0.0425926
0 0.484375 0.062037 0.0125 0.0574074
1 0.986979 0.0962963 0.0260417 0.037037
1 0.889583 0.106481 0.0604167 0.0462963
1 0.839063 0.112037 0.0552083 0.05
1 0.948958 0.101852 0.0583333 0.0444444
1 0.428646 0.0740741 0.053125 0.0592593
0 0.547917 0.198148 0.0166667 0.0740741
0 0.6375 0.19537 0.0166667 0.087037
0 0.603646 0.196296 0.0197917 0.0925926
1 0.768229 0.277778 0.136458 0.159259
1 0.157292 0.224074 0.1375 0.111111
1 0.0322917 0.246296 0.0645833 0.0925926
1 0.704687 0.64537 0.265625 0.257407
