1 0.604167 0.167593 0.05 0.0537037
1 0.426562 0.136111 0.0510417 0.0425926
1 0.911979 0.224074 0.0947917 0.0703704
0 0.539583 0.190741 0.0145833 0.0518519
1 0.876562 0.122222 0.065625 0.062963
0 0.500521 0.189815 0.0114583 0.0648148
0 0.603125 0.210185 0.0166667 0.0722222
1 0.834896 0.123148 0.0552083 0.0648148
1 0.519271 0.0768519 0.0552083 0.0425926
1 0.984896 0.123148 0.0302083 0.0759259
1 0.040625 0.177778 0.0270833 0.0407407
1 0.0234375 0.155556 0.021875 0.037037
1 0.232292 0.180556 0.0395833 0.0462963
0 0.675521 0.233333 0.0135417 0.0740741
1 0.0859375 0.212963 0.034375 0.0481481
0 0.642187 0.225926 0.0177083 0.0814815
1 0.0463542 0.255556 0.0427083 0.0666667
1 0.763542 0.197222 0.0854167 0.0722222
1 0.586458 0.381481 0.1625 0.12963
1 0.302083 0.560185 0.135417 0.201852
