1 0.233854 0.153704 0.040625 0.0481481
1 0.0890625 0.210185 0.034375 0.0425926
0 0.628646 0.246296 0.015625 0.0740741
0 0.926562 0.0509259 0.0177083 0.0759259
1 0.840625 0.159259 0.09375 0.0555556
1 0.811979 0.159259 0.059375 0.0592593
1 0.159375 0.201852 0.0354167 0.0407407
0 0.647396 0.25463 0.0135417 0.0722222
1 0.5125 0.108333 0.0708333 0.0425926
1 0.04375 0.221296 0.03125 0.0462963
1 0.880729 0.90463 0.236458 0.175926
1 0.3 0.203704 0.0458333 0.0518519
1 0.974479 0.161111 0.0510417 0.0888889
1 0.589583 0.198148 0.0479167 0.0555556
0 0.659896 0.262963 0.0135417 0.0777778
1 0.0890625 0.25 0.0385417 0.0518519
1 0.0276042 0.266667 0.0552083 0.122222
1 0.748438 0.230556 0.0864583 0.0759259
1 0.402083 0.319444 0.0895833 0.0833333
1 0.128646 0.309259 0.0552083 0.0740741
1 0.567708 0.306481 0.10625 0.0981481
1 0.175521 0.425 0.0802083 0.12037
1 0.398958 0.687037 0.183333 0.251852
