0 0.121354 0.715741 0.0322917 0.168519
1 0.252083 0.298148 0.04375 0.0666667
1 0.163542 0.375926 0.0375 0.0925926
1 0.276563 0.228704 0.0489583 0.0611111
1 0.376042 0.198148 0.0333333 0.0481481
0 0.0145833 0.875 0.0270833 0.235185
1 0.595312 0.126852 0.0260417 0.0388889
1 0.0244792 0.506481 0.0489583 0.0833333
1 0.238542 0.325 0.0354167 0.0759259
0 0.330729 0.322222 0.0177083 0.0740741
1 0.575 0.14537 0.0270833 0.0425926
0 0.217187 0.590741 0.0302083 0.140741
0 0.229687 0.547222 0.0385417 0.138889
1 0.631771 0.164815 0.0302083 0.0444444
0 0.309896 0.346296 0.0177083 0.0740741
0 0.0260417 0.847222 0.04375 0.227778
1 0.975521 0.157407 0.0489583 0.0592593
0 0.242708 0.485185 0.0270833 0.133333
1 0.636979 0.211111 0.0385417 0.0666667
1 0.326042 0.237963 0.0604167 0.0574074
1 0.591146 0.176852 0.0302083 0.0462963
0 0.103125 0.760185 0.0354167 0.183333
0 0.283333 0.469444 0.025 0.12037
0 0.0635417 0.787963 0.0541667 0.242593
1 0.572917 0.225 0.04375 0.0759259
1 0.0645833 0.459259 0.0833333 0.0925926
0 0.18125 0.607407 0.0354167 0.155556
1 0.121875 0.414815 0.0833333 0.103704
1 0.5625 0.310185 0.0583333 0.0907407
1 0.65 0.375 0.0666667 0.112963
1 0.473958 0.434259 0.075 0.131481
1 0.489583 0.673148 0.122917 0.224074
