1 0.160938 0.0953704 0.028125 0.0388889
1 0.735417 0.0990741 0.0291667 0.0425926
1 0.920833 0.108333 0.05 0.0722222
1 0.0890625 0.131481 0.0364583 0.0407407
1 0.324479 0.0944444 0.046875 0.0407407
1 0.553646 0.141667 0.0364583 0.0574074
1 0.119792 0.119444 0.0333333 0.0388889
0 0.566667 0.188889 0.0145833 0.0740741
1 0.805729 0.105556 0.0614583 0.0518519
1 0.767708 0.106481 0.0520833 0.0611111
1 0.826563 0.201852 0.0739583 0.062963
1 0.463021 0.0481481 0.0677083 0.0481481
1 0.689583 0.0981481 0.0354167 0.0407407
0 0.706771 0.230556 0.0177083 0.0907407
0 0.578125 0.189815 0.0166667 0.0759259
1 0.698958 0.174074 0.0916667 0.0777778
1 0.0348958 0.157407 0.0364583 0.0481481
1 0.102083 0.326852 0.08125 0.124074
1 0.115625 0.22037 0.05625 0.0740741
