0 0.483854 0.466667 0.040625 0.0740741
0 0.270833 0.262037 0.0270833 0.0759259
1 0.379687 0.0444444 0.040625 0.0444444
1 0.304167 0.0722222 0.0375 0.0518519
1 0.305729 0.125926 0.040625 0.0555556
1 0.854167 0.0777778 0.05625 0.0481481
0 0.206771 0.163889 0.0135417 0.0648148
1 0.877604 0.0333333 0.0489583 0.0481481
0 0.340625 0.532407 0.0395833 0.153704
0 0.31875 0.475926 0.025 0.140741
0 0.294792 0.237037 0.0208333 0.0666667
1 0.983854 0.0259259 0.0322917 0.0444444
0 0.965104 0.147222 0.0177083 0.0796296
1 0.986458 0.0888889 0.0270833 0.0518519
0 0.294792 0.54537 0.0333333 0.168519
1 0.94375 0.0277778 0.0395833 0.0444444
0 0.0598958 0.322222 0.0239583 0.0925926
1 0.263021 0.180556 0.0614583 0.0685185
1 0.291667 0.151852 0.0458333 0.0666667
1 0.192708 0.261111 0.0666667 0.0814815
1 0.966146 0.0731481 0.053125 0.0537037
1 0.228125 0.225 0.0666667 0.0833333
1 0.0348958 0.499074 0.0697917 0.187037
1 0.142708 0.321296 0.0979167 0.127778
1 0.454167 0.0796296 0.06875 0.0444444
