1 0.269792 0.0944444 0.0354167 0.0407407
1 0.877604 0.121296 0.0614583 0.0611111
1 0.827604 0.122222 0.0572917 0.062963
1 0.519792 0.0657407 0.06875 0.0425926
1 0.379167 0.113889 0.0395833 0.0425926
1 0.316667 0.10463 0.0354167 0.0351852
1 0.908333 0.232407 0.1125 0.0796296
1 0.0895833 0.0935185 0.01875 0.0277778
0 0.66875 0.217593 0.0145833 0.0722222
1 0.980208 0.125926 0.0395833 0.0814815
1 0.755729 0.193519 0.0864583 0.0759259
1 0.338542 0.205556 0.0770833 0.0888889
1 0.136979 0.253704 0.0552083 0.0740741
1 0.744271 0.725 0.344792 0.416667
