0 0.0302083 0.294444 0.0270833 0.125926
1 0.394792 0.0222222 0.075 0.0444444
1 0.866146 0.567593 0.173958 0.327778
0 0.972917 0.112037 0.0208333 0.116667
0 0.202604 0.0981481 0.0239583 0.0888889
0 0.0145833 0.341667 0.0270833 0.157407
1 0.496875 0.0287037 0.0479167 0.0574074
1 0.684375 0.0481481 0.0604167 0.0851852
1 0.351562 0.0777778 0.078125 0.1
1 0.352604 0.185185 0.0947917 0.144444
1 0.34375 0.930556 0.189583 0.135185
1 0.0802083 0.858333 0.160417 0.275926
1 0.480729 0.200926 0.0822917 0.138889
