1 0.439063 0.113889 0.0239583 0.0388889
1 0.0182292 0.0527778 0.0364583 0.0277778
1 0.852604 0.249074 0.046875 0.0574074
1 0.096875 0.0361111 0.05 0.0351852
1 0.469271 0.201852 0.0302083 0.0444444
1 0.629167 0.165741 0.0291667 0.0388889
1 0.802604 0.297222 0.053125 0.0685185
1 0.63125 0.237963 0.0375 0.0574074
1 0.711458 0.264815 0.0479167 0.0703704
1 0.648958 0.311111 0.05 0.0777778
1 0.477083 0.318519 0.05 0.0777778
1 0.929167 0.441667 0.0916667 0.12037
1 0.354167 0.284259 0.0520833 0.0907407
1 0.800521 0.410185 0.0697917 0.0981481
1 0.281771 0.298148 0.053125 0.0666667
1 0.713021 0.462963 0.0697917 0.107407
1 0.888542 0.624074 0.1125 0.155556
1 0.727083 0.700926 0.116667 0.17963
