0 0.641146 0.211111 0.040625 0.0888889
1 0.853646 0.124074 0.0572917 0.0518519
1 0.629687 0.0814815 0.040625 0.0407407
1 0.901563 0.118519 0.059375 0.0518519
1 0.145313 0.182407 0.107292 0.0722222
1 0.971875 0.108333 0.05625 0.05
1 0.03125 0.27037 0.0625 0.0962963
1 0.441146 0.0916667 0.0552083 0.0574074
1 0.560417 0.159259 0.08125 0.0814815
0 0.653646 0.208333 0.015625 0.0907407
0 0.621354 0.214815 0.015625 0.0888889
1 0.171875 0.239815 0.135417 0.109259
1 0.9625 0.218519 0.075 0.0925926
1 0.894271 0.325 0.153125 0.12037
