1 0.508854 0.122222 0.0197917 0.0296296
1 0.721354 0.161111 0.0302083 0.0407407
1 0.546354 0.125926 0.0239583 0.0333333
1 0.709375 0.216667 0.0375 0.0592593
1 0.496875 0.151852 0.0229167 0.037037
1 0.629687 0.155556 0.0260417 0.0444444
1 0.786979 0.233333 0.0427083 0.0666667
1 0.650521 0.212963 0.0385417 0.0592593
1 0.00364583 0.62037 0.00729167 0.0925926
1 0.374479 0.262037 0.0447917 0.0611111
1 0.675521 0.15463 0.028125 0.0425926
1 0.338021 0.225926 0.0364583 0.0481481
1 0.735417 0.263889 0.05 0.0648148
1 0.894271 0.398148 0.0802083 0.0962963
1 0.338021 0.310185 0.053125 0.0722222
1 0.420833 0.306481 0.0520833 0.0759259
1 0.682292 0.353704 0.0583333 0.0851852
1 0.9375 0.70463 0.125 0.172222
1 0.774479 0.842593 0.130208 0.211111
1 0.434375 0.540741 0.0875 0.148148
1 0.736458 0.537037 0.0854167 0.125926
