1 0.893229 0.0518519 0.0239583 0.0407407
0 0.279687 0.700926 0.034375 0.190741
1 0.943229 0.0740741 0.0260417 0.0407407
0 0.175521 0.82037 0.0302083 0.0851852
0 0.329688 0.231481 0.0177083 0.0777778
1 0.93125 0.0675926 0.0333333 0.0425926
1 0.330208 0.157407 0.0458333 0.0555556
1 0.991146 0.0925926 0.0177083 0.0555556
0 0.290625 0.540741 0.025 0.103704
1 0.343229 0.148148 0.034375 0.0555556
1 0.233854 0.180556 0.046875 0.0685185
1 0.234896 0.253704 0.0510417 0.0777778
0 0.207813 0.873148 0.040625 0.224074
0 0.0380208 0.875 0.0364583 0.105556
0 0.317708 0.580556 0.03125 0.183333
0 0.180208 0.387963 0.025 0.109259
1 0.940104 0.934259 0.119792 0.12037
1 0.957812 0.0796296 0.046875 0.0481481
1 0.706771 0.0157407 0.021875 0.0314815
0 0.0854167 0.857407 0.03125 0.196296
1 0.582812 0.131481 0.0364583 0.062963
1 0.214583 0.288889 0.06875 0.0925926
1 0.599479 0.175926 0.046875 0.0777778
1 0.172917 0.330556 0.0791667 0.0944444
1 0.497917 0.437963 0.0895833 0.216667
1 0.071875 0.45463 0.09375 0.135185
1 0.585417 0.244444 0.0625 0.111111
1 0.121875 0.390741 0.0916667 0.122222
1 0.670833 0.17963 0.0479167 0.0740741
1 0.034375 0.525 0.06875 0.17963
