0 0.240625 0.703704 0.0354167 0.148148
0 0.210938 0.749074 0.0322917 0.12037
1 0.346354 0.147222 0.0385417 0.0611111
0 0.301042 0.559259 0.04375 0.151852
0 0.351562 0.647222 0.034375 0.209259
1 0.588542 0.139815 0.0395833 0.0722222
0 0.507812 0.522222 0.0322917 0.0703704
1 0.775521 0.0712963 0.040625 0.0648148
0 0.340104 0.216667 0.0177083 0.0851852
1 0.253125 0.232407 0.0541667 0.087037
0 0.408333 0.141667 0.0145833 0.0611111
1 0.606771 0.0574074 0.034375 0.0481481
1 0.813021 0.112963 0.0510417 0.062963
0 0.0927083 0.819444 0.05 0.227778
1 0.555729 0.0805556 0.0322917 0.05
1 0.523958 0.144444 0.0458333 0.0666667
0 0.229687 0.351852 0.0260417 0.122222
0 0.183854 0.413889 0.028125 0.101852
0 0.158333 0.898148 0.0583333 0.188889
0 0.361979 0.386111 0.0302083 0.142593
0 0.239063 0.839815 0.0427083 0.22037
0 0.320312 0.677778 0.0489583 0.214815
0 0.204167 0.867593 0.05 0.253704
1 0.189063 0.316667 0.078125 0.111111
1 0.915104 0.215741 0.0697917 0.0944444
1 0.688542 0.163889 0.05625 0.0907407
1 0.60625 0.191667 0.05625 0.109259
1 0.0911458 0.432407 0.090625 0.131481
1 0.566667 0.325 0.04375 0.116667
1 0.233333 0.271296 0.0708333 0.0944444
1 0.140625 0.37037 0.0895833 0.122222
1 0.015625 0.738889 0.03125 0.159259
1 0.0432292 0.501852 0.0864583 0.17037
1 0.685938 0.712037 0.134375 0.316667
1 0.658854 0.377778 0.0822917 0.140741
1 0.880729 0.625 0.153125 0.238889
