1 0.546875 0.0703704 0.0166667 0.0333333
1 0.677083 0.10463 0.01875 0.0277778
1 0.607813 0.1 0.0197917 0.037037
1 0.53125 0.12963 0.025 0.037037
1 0.4875 0.14537 0.025 0.0351852
1 0.651042 0.118519 0.0208333 0.0444444
1 0.804688 0.192593 0.0447917 0.062963
1 0.630208 0.193519 0.0291667 0.0462963
1 0.513542 0.221296 0.0395833 0.0648148
1 0.660417 0.312037 0.0479167 0.0759259
1 0.682813 0.184259 0.0322917 0.0462963
1 0.745313 0.210185 0.0385417 0.0537037
1 0.419792 0.293519 0.0479167 0.0685185
1 0.274479 0.937037 0.144792 0.122222
1 0.733854 0.278704 0.0510417 0.0722222
1 0.254687 0.603704 0.119792 0.222222
1 0.225521 0.434259 0.0822917 0.109259
