1 0.136979 0.183333 0.0677083 0.0703704
1 0.575 0.17037 0.0541667 0.0703704
1 0.640104 0.0935185 0.0385417 0.0388889
0 0.564583 0.188889 0.025 0.0740741
1 0.911458 0.135185 0.0604167 0.0481481
0 0.639063 0.223148 0.0135417 0.0833333
1 0.25625 0.25463 0.110417 0.0944444
1 0.973437 0.127778 0.053125 0.0481481
1 0.864062 0.141667 0.046875 0.0462963
1 0.449479 0.0981481 0.0552083 0.0592593
0 0.627083 0.227778 0.01875 0.0888889
0 0.843229 0.187037 0.0177083 0.0777778
0 0.659896 0.219444 0.0177083 0.0833333
1 0.179688 0.239815 0.132292 0.109259
1 0.0473958 0.260185 0.0947917 0.0944444
1 0.853125 0.561111 0.195833 0.203704
