1 0.732292 0.062963 0.0291667 0.0407407
1 0.990625 0.0796296 0.01875 0.037037
1 0.955729 0.0824074 0.046875 0.0462963
0 0.355729 0.480556 0.0239583 0.116667
1 0.667708 0.178704 0.0604167 0.116667
0 0.35625 0.423148 0.0229167 0.109259
0 0.303646 0.519444 0.0322917 0.0907407
1 0.578125 0.10463 0.03125 0.05
1 0.69375 0.107407 0.0375 0.0555556
0 0.0473958 0.577778 0.0385417 0.118519
1 0.306771 0.189815 0.0489583 0.0722222
0 0.182812 0.4 0.028125 0.118519
1 0.767187 0.115741 0.040625 0.0611111
0 0.900521 0.147222 0.0197917 0.0722222
1 0.976562 0.126852 0.046875 0.0574074
1 0.040625 0.502778 0.08125 0.131481
1 0.277083 0.224074 0.0583333 0.0814815
1 0.482292 0.155556 0.08125 0.062963
0 0.307813 0.630556 0.0385417 0.190741
1 0.241146 0.261111 0.0635417 0.0888889
0 0.334375 0.523148 0.0291667 0.138889
1 0.20625 0.30463 0.0645833 0.0944444
1 0.157813 0.35463 0.0927083 0.124074
1 0.559896 0.239815 0.053125 0.0944444
1 0.773958 0.203704 0.0541667 0.0740741
1 0.8875 0.236111 0.0729167 0.0833333
1 0.605729 0.331481 0.0760417 0.125926
1 0.770312 0.436111 0.103125 0.164815
