1 0.386979 0.103704 0.0427083 0.0518519
1 0.119271 0.134259 0.034375 0.0462963
1 0.0776042 0.172222 0.0385417 0.0555556
1 0.153646 0.17037 0.0447917 0.0555556
1 0.285937 0.223148 0.059375 0.0759259
1 0.177083 0.321296 0.0833333 0.135185
1 0.0526042 0.312963 0.0572917 0.0925926
1 0.738021 0.330556 0.123958 0.087037
1 0.750521 0.236111 0.096875 0.0796296
1 0.681771 0.271296 0.096875 0.087037
1 0.244271 0.271296 0.059375 0.0833333
1 0.452604 0.362963 0.0989583 0.114815
1 0.354167 0.464815 0.104167 0.148148
