0 0.222396 0.249074 0.0489583 0.0944444
1 0.865625 0.142593 0.0520833 0.0481481
1 0.0192708 0.348148 0.0385417 0.062963
1 0.891146 0.140741 0.0989583 0.0555556
1 0.970312 0.126852 0.059375 0.05
1 0.453646 0.0981481 0.0552083 0.0592593
0 0.640104 0.223148 0.0135417 0.0907407
1 0.161979 0.182407 0.115625 0.0759259
1 0.56875 0.171296 0.0791667 0.0833333
0 0.628125 0.226852 0.0166667 0.0907407
0 0.660937 0.22037 0.015625 0.0851852
0 0.768229 0.203704 0.0197917 0.0740741
1 0.183854 0.242593 0.128125 0.107407
1 0.0479167 0.260185 0.0958333 0.0944444
1 0.91875 0.280556 0.120833 0.116667
1 0.820312 0.838889 0.319792 0.311111
