0 0.327604 0.25 0.015625 0.0740741
0 0.281771 0.644444 0.0364583 0.155556
0 0.273958 0.737963 0.0375 0.146296
1 0.728646 0.0564815 0.0239583 0.05
1 0.933333 0.0842593 0.0291667 0.0388889
1 0.33125 0.175 0.0375 0.0574074
1 0.607292 0.0462963 0.025 0.0296296
0 0.15 0.947222 0.0458333 0.105556
1 0.348437 0.162037 0.0385417 0.0537037
1 0.240104 0.272222 0.0489583 0.0851852
0 0.320312 0.589815 0.034375 0.183333
0 0.348437 0.262037 0.0197917 0.087037
0 0.0536458 0.887037 0.046875 0.207407
0 0.210938 0.875926 0.0489583 0.22963
0 0.0848958 0.874074 0.0427083 0.211111
1 0.217708 0.30463 0.0666667 0.0944444
1 0.586458 0.125926 0.0333333 0.0555556
1 0.700521 0.328704 0.0822917 0.164815
1 0.676562 0.237963 0.0552083 0.087037
1 0.874479 0.175926 0.059375 0.0814815
1 0.125 0.402778 0.0916667 0.124074
1 0.0755208 0.468519 0.0885417 0.133333
1 0.177083 0.351852 0.08125 0.111111
1 0.0359375 0.539815 0.071875 0.175926
1 0.560417 0.238889 0.0604167 0.107407
1 0.442708 0.22963 0.110417 0.0925926
1 0.566667 0.518519 0.102083 0.181481
