1 0.940625 0.107407 0.0333333 0.0444444
1 0.485938 0.0833333 0.0427083 0.0518519
0 0.815625 0.158333 0.01875 0.0944444
1 0.856771 0.12037 0.0447917 0.0444444
1 0.625521 0.0777778 0.0447917 0.0407407
0 0.040625 0.299074 0.04375 0.0944444
1 0.895833 0.115741 0.0604167 0.05
1 0.966146 0.103704 0.0614583 0.0518519
1 0.555208 0.155556 0.0854167 0.0814815
1 0.040625 0.262037 0.08125 0.101852
1 0.439063 0.0861111 0.0552083 0.0611111
0 0.65 0.203704 0.0145833 0.0925926
0 0.618229 0.207407 0.0197917 0.0925926
1 0.169271 0.231481 0.138542 0.107407
1 0.856771 0.328704 0.148958 0.135185
1 0.873958 0.755556 0.252083 0.292593
