1 0.627083 0.166667 0.025 0.0407407
1 0.539583 0.122222 0.0166667 0.0407407
1 0.638021 0.230556 0.0364583 0.0574074
1 0.747917 0.203704 0.0354167 0.0481481
1 0.464063 0.14537 0.021875 0.0314815
1 0.0416667 0.0518519 0.0541667 0.0296296
1 0.694792 0.212963 0.03125 0.0518519
1 0.855729 0.257407 0.0510417 0.062963
1 0.377604 0.187037 0.0364583 0.0666667
1 0.796875 0.274074 0.05 0.062963
1 0.476042 0.183333 0.0270833 0.0444444
1 0.0921875 0.037963 0.0697917 0.0351852
1 0.941667 0.342593 0.06875 0.0777778
1 0.661979 0.30463 0.046875 0.0722222
1 0.903646 0.624074 0.105208 0.196296
1 0.423958 0.264815 0.0458333 0.062963
1 0.872917 0.357407 0.06875 0.0814815
1 0.764583 0.349074 0.0625 0.0833333
1 0.96875 0.54537 0.0625 0.15
1 0.726562 0.567593 0.084375 0.135185
1 0.449479 0.423148 0.0677083 0.105556
