1 0.711979 0.0731481 0.0260417 0.0388889
1 0.364583 0.147222 0.0395833 0.0574074
0 0.274479 0.663889 0.0364583 0.172222
0 0.226042 0.890741 0.0333333 0.207407
1 0.241146 0.27963 0.0510417 0.0925926
1 0.353646 0.165741 0.040625 0.0574074
1 0.242708 0.199074 0.0479167 0.0685185
1 0.198437 0.333333 0.101042 0.118519
1 0.333333 0.186111 0.0375 0.0611111
0 0.227604 0.735185 0.0385417 0.192593
1 0.567187 0.0916667 0.0302083 0.0351852
1 0.742708 0.0814815 0.0291667 0.0592593
0 0.305208 0.573148 0.025 0.172222
1 0.299479 0.20463 0.059375 0.0611111
1 0.565104 0.0527778 0.0177083 0.0314815
1 0.603125 0.0435185 0.01875 0.0314815
1 0.988542 0.342593 0.0229167 0.0851852
0 0.201562 0.899074 0.0427083 0.201852
1 0.7625 0.110185 0.0333333 0.0574074
0 0.289062 0.591667 0.0322917 0.15
0 0.284375 0.730556 0.0354167 0.190741
0 0.167187 0.913889 0.0489583 0.172222
1 0.809375 0.136111 0.0479167 0.0759259
1 0.219792 0.312037 0.0708333 0.0944444
1 0.858333 0.2 0.0520833 0.0703704
1 0.566146 0.131481 0.034375 0.0518519
1 0.834896 0.239815 0.0697917 0.0944444
0 0.0776042 0.862963 0.046875 0.222222
1 0.0776042 0.469444 0.090625 0.135185
1 0.127083 0.409259 0.0895833 0.125926
1 0.958333 0.464815 0.0833333 0.159259
1 0.179688 0.358333 0.0802083 0.109259
1 0.0364583 0.541667 0.0729167 0.175926
1 0.69375 0.260185 0.05625 0.0907407
1 0.579167 0.290741 0.0604167 0.1
