0 0.305208 0.572222 0.0395833 0.196296
1 0.36875 0.119444 0.0458333 0.0611111
0 0.269792 0.650926 0.0270833 0.183333
0 0.240625 0.840741 0.0395833 0.214815
1 0.804688 0.0527778 0.0364583 0.0462963
0 0.383333 0.20463 0.01875 0.0833333
0 0.317187 0.494444 0.028125 0.125926
1 0.253125 0.228704 0.0583333 0.087037
1 0.597917 0.0777778 0.03125 0.0555556
1 0.767708 0.111111 0.0416667 0.0666667
1 0.659896 0.115741 0.0385417 0.0648148
0 0.216146 0.343519 0.0302083 0.138889
0 0.177604 0.459259 0.0239583 0.0592593
1 0.9125 0.187963 0.0666667 0.0796296
0 0.178646 0.903704 0.059375 0.192593
0 0.257812 0.336111 0.0260417 0.112963
1 0.189063 0.312963 0.0802083 0.111111
0 0.299479 0.65 0.0427083 0.211111
0 0.207813 0.864815 0.046875 0.255556
0 0.348437 0.425926 0.0302083 0.148148
1 0.233333 0.269444 0.0708333 0.0944444
1 0.618229 0.181481 0.0510417 0.0814815
1 0.841667 0.147222 0.0583333 0.0722222
1 0.0927083 0.428704 0.0895833 0.135185
0 0.909896 0.700926 0.0635417 0.205556
1 0.835938 0.225926 0.0697917 0.0888889
1 0.141667 0.366667 0.0895833 0.122222
1 0.609896 0.323148 0.071875 0.168519
1 0.04375 0.5 0.0854167 0.17037
1 0.015625 0.733333 0.03125 0.162963
1 0.730208 0.318519 0.0854167 0.12963
1 0.534375 0.276852 0.06875 0.105556
1 0.653125 0.532407 0.122917 0.205556
