1 0.0598958 0.281481 0.0489583 0.0703704
0 0.990625 0.372222 0.01875 0.122222
0 0.1875 0.321296 0.01875 0.0574074
1 0.578646 0.0351852 0.0135417 0.0259259
1 0.848958 0.146296 0.0604167 0.0555556
1 0.939583 0.199074 0.0583333 0.0685185
0 0.181771 0.27037 0.0177083 0.0740741
1 0.293229 0.161111 0.0260417 0.0407407
1 0.989583 0.240741 0.0208333 0.0555556
1 0.949479 0.152778 0.078125 0.0685185
0 0.314583 0.194444 0.0125 0.0555556
1 0.261979 0.188889 0.034375 0.0481481
1 0.275 0.174074 0.0291667 0.0444444
1 0.0604167 0.356481 0.0333333 0.0722222
1 0.970312 0.22037 0.059375 0.0666667
0 0.981771 0.369444 0.021875 0.124074
1 0.646354 0.135185 0.0302083 0.0444444
0 0.959896 0.347222 0.0239583 0.112963
1 0.153646 0.218519 0.0489583 0.062963
1 0.620833 0.112037 0.0270833 0.0388889
1 0.235938 0.205556 0.0427083 0.0481481
1 0.479167 0.0777778 0.01875 0.0296296
1 0.201562 0.223148 0.0572917 0.0648148
0 0.053125 0.542593 0.0333333 0.137037
0 0.0739583 0.484259 0.0291667 0.138889
1 0.0880208 0.322222 0.0697917 0.0851852
1 0.89375 0.225 0.0625 0.0722222
1 0.7 0.283333 0.0645833 0.0962963
1 0.122396 0.289815 0.0552083 0.0722222
1 0.271875 0.557407 0.0979167 0.166667
1 0.757812 0.422222 0.101042 0.162963
