0 0.432292 0.153704 0.0104167 0.0518519
1 0.568229 0.0342593 0.0177083 0.0277778
1 0.590104 0.00925926 0.0197917 0.0185185
1 0.363021 0.14537 0.034375 0.0537037
0 0.277604 0.623148 0.0322917 0.101852
1 0.2375 0.199074 0.0458333 0.0722222
0 0.0802083 0.350926 0.01875 0.087037
1 0.721354 0.0564815 0.0260417 0.0314815
1 0.353646 0.158333 0.040625 0.0574074
0 0.00625 0.642593 0.0125 0.137037
0 0.284375 0.578704 0.0291667 0.124074
1 0.329688 0.183333 0.040625 0.062963
1 0.702604 0.0694444 0.028125 0.0425926
1 0.571875 0.0648148 0.025 0.037037
0 0.303646 0.569444 0.021875 0.172222
0 0.278125 0.726852 0.0333333 0.187037
1 0.239063 0.274074 0.0489583 0.0851852
1 0.751042 0.121296 0.0395833 0.0648148
0 0.222396 0.757407 0.0322917 0.218519
0 0.155208 0.917593 0.05625 0.161111
1 0.597396 0.111111 0.040625 0.0777778
0 0.194792 0.892593 0.0583333 0.211111
1 0.832292 0.128704 0.04375 0.0574074
1 0.297917 0.203704 0.05625 0.062963
1 0.636979 0.146296 0.0385417 0.062963
1 0.217187 0.308333 0.0677083 0.0981481
1 0.0744792 0.469444 0.090625 0.135185
1 0.571354 0.156481 0.0385417 0.0611111
1 0.81875 0.176852 0.0479167 0.0648148
1 0.124479 0.406481 0.090625 0.124074
1 0.176563 0.355556 0.0802083 0.111111
1 0.0348958 0.538889 0.0697917 0.174074
1 0.830729 0.27037 0.0739583 0.0925926
1 0.927604 0.266667 0.084375 0.0962963
1 0.466667 0.249074 0.0833333 0.0759259
