1 0.471354 0.0638889 0.0302083 0.0648148
1 0.941667 0.192593 0.0604167 0.062963
1 0.860417 0.147222 0.05 0.0537037
1 0.164062 0.215741 0.059375 0.0796296
1 0.952083 0.146296 0.0770833 0.062963
0 0.0463542 0.499074 0.0177083 0.0759259
1 0.577604 0.087963 0.0239583 0.0388889
1 0.307813 0.15 0.0260417 0.0444444
1 0.615625 0.0953704 0.025 0.0388889
1 0.509375 0.0592593 0.0208333 0.0333333
1 0.295833 0.158333 0.0229167 0.0425926
1 0.207292 0.213889 0.0520833 0.0611111
1 0.528125 0.1 0.025 0.037037
0 0.189063 0.375 0.0177083 0.0833333
1 0.49375 0.108333 0.025 0.0388889
1 0.0645833 0.352778 0.0333333 0.0759259
1 0.240104 0.199074 0.0385417 0.0537037
1 0.631771 0.137963 0.0322917 0.0462963
1 0.2625 0.183333 0.03125 0.0481481
0 0.0578125 0.533333 0.0302083 0.137037
1 0.281771 0.168519 0.028125 0.0444444
1 0.693229 0.37037 0.0822917 0.133333
1 0.494792 0.186111 0.0375 0.0611111
0 0.0796875 0.473148 0.028125 0.135185
1 0.645312 0.222222 0.046875 0.0740741
1 0.127604 0.284259 0.0510417 0.0722222
1 0.0911458 0.314815 0.071875 0.0851852
1 0.7375 0.591667 0.125 0.17963
