0 0.686458 0.462037 0.0125 0.0537037
0 0.773438 0.45 0.0114583 0.0481481
0 0.755208 0.45463 0.0125 0.0537037
0 0.729167 0.465741 0.0145833 0.0759259
0 0.558333 0.483333 0.0145833 0.0925926
0 0.0380208 0.517593 0.0177083 0.0759259
1 0.249479 0.5 0.0989583 0.0740741
1 0.0682292 0.958333 0.136458 0.0796296
1 0.967708 0.531482 0.0645833 0.0703704
1 0.45625 0.949074 0.175 0.101852
1 0.963542 0.698148 0.0729167 0.103704
1 0.7875 0.933333 0.164583 0.12963
1 0.482292 0.55463 0.09375 0.0796296
1 0.277604 0.892593 0.190625 0.159259
