1 0.978125 0.0259259 0.04375 0.0481481
1 0.0208333 0.122222 0.0416667 0.0518519
0 0.117188 0.113889 0.028125 0.0833333
0 0.0291667 0.276852 0.025 0.0944444
1 0.417188 0.0157407 0.0614583 0.0314815
0 0.315104 0.0759259 0.0177083 0.0666667
0 0.915625 0.0361111 0.0166667 0.0351852
1 0.510938 0.0305556 0.046875 0.0611111
0 0.0182292 0.338889 0.0322917 0.155556
1 0.345313 0.0962963 0.0635417 0.1
1 0.369792 0.857407 0.19375 0.281481
1 0.0453125 0.881481 0.090625 0.225926
1 0.708333 0.118519 0.075 0.107407
1 0.307813 0.269444 0.117708 0.161111
