1 0.429167 0.115741 0.01875 0.0277778
1 0.99375 0.569444 0.0125 0.0648148
1 0.709375 0.175 0.0333333 0.0462963
1 0.452604 0.127778 0.021875 0.0259259
1 0.469271 0.157407 0.028125 0.0407407
1 0.0916667 0.0305556 0.0583333 0.0314815
1 0.608333 0.181481 0.0291667 0.0407407
1 0.410937 0.189815 0.0322917 0.0462963
1 0.648438 0.172222 0.0302083 0.0407407
1 0.371875 0.185185 0.0291667 0.0407407
1 0.514063 0.159259 0.0239583 0.0407407
1 0.617188 0.22963 0.0385417 0.0592593
1 0.855208 0.272222 0.0541667 0.062963
1 0.646875 0.332407 0.05 0.0796296
1 0.391667 0.310185 0.05 0.0759259
1 0.805729 0.323148 0.0614583 0.0759259
1 0.675521 0.497222 0.0822917 0.135185
1 0.730729 0.330556 0.0572917 0.0796296
