1 0.531771 0.0638889 0.0260417 0.0388889
1 0.622917 0.0490741 0.0229167 0.0277778
1 0.140625 0.806481 0.26875 0.372222
0 0.782292 0.141667 0.0104167 0.0537037
1 0.952083 0.137963 0.0791667 0.0611111
1 0.854688 0.134259 0.059375 0.0611111
1 0.941667 0.184259 0.0645833 0.0648148
1 0.283333 0.158333 0.0270833 0.0462963
1 0.504167 0.062037 0.0270833 0.05
0 0.0442708 0.499074 0.0177083 0.0907407
1 0.6 0.0675926 0.0270833 0.0462963
1 0.523958 0.0935185 0.0229167 0.0388889
1 0.292188 0.152778 0.0322917 0.0462963
1 0.0645833 0.341667 0.03125 0.0759259
1 0.239583 0.192593 0.0416667 0.0518519
0 0.0796875 0.466667 0.0260417 0.133333
0 0.235417 0.358333 0.0208333 0.0981481
1 0.261979 0.175926 0.0302083 0.0481481
1 0.614583 0.172222 0.0375 0.0555556
1 0.971875 0.205556 0.05625 0.0703704
1 0.206771 0.211111 0.0635417 0.062963
1 0.477083 0.116667 0.0270833 0.0444444
1 0.158333 0.202778 0.0520833 0.0611111
0 0.0598958 0.528704 0.028125 0.127778
1 0.413021 0.158333 0.0364583 0.0537037
1 0.126042 0.274074 0.0541667 0.0740741
1 0.0916667 0.308333 0.06875 0.0833333
1 0.632812 0.288889 0.0572917 0.0925926
1 0.644271 0.4 0.0802083 0.118519
1 0.839583 0.572222 0.133333 0.177778
1 0.811979 0.891667 0.211458 0.209259
