1 0.239583 0.0916667 0.0416667 0.0648148
1 0.986979 0.314815 0.0260417 0.0962963
1 0.883854 0.178704 0.071875 0.0648148
0 0.795833 0.202778 0.0145833 0.0722222
1 0.267188 0.118519 0.0447917 0.0592593
0 0.160417 0.316667 0.0166667 0.0814815
1 0.289583 0.0611111 0.05 0.0592593
1 0.545833 0.012037 0.0270833 0.0240741
1 0.566667 0.0490741 0.0270833 0.0314815
1 0.392188 0.265741 0.0677083 0.105556
0 0.105208 0.378704 0.0291667 0.124074
0 0.0416667 0.444444 0.025 0.118519
1 0.410417 0.121296 0.0416667 0.0611111
