1 0.626562 0.137963 0.021875 0.0351852
1 0.717188 0.15 0.0302083 0.0407407
1 0.988021 0.387037 0.0239583 0.0703704
1 0.543229 0.100926 0.021875 0.0351852
1 0.641667 0.178704 0.03125 0.0462963
1 0.636979 0.222222 0.0364583 0.0555556
1 0.498958 0.143519 0.0270833 0.0425926
1 0.443229 0.150926 0.0260417 0.0351852
1 0.533333 0.157407 0.0291667 0.0444444
1 0.700521 0.200926 0.034375 0.05
1 0.759896 0.203704 0.0385417 0.0518519
1 0.475521 0.182407 0.0302083 0.0462963
1 0.739062 0.27037 0.046875 0.0666667
1 0.65625 0.286111 0.0458333 0.0685185
1 0.429688 0.27037 0.046875 0.0703704
1 0.828646 0.458333 0.078125 0.146296
1 0.272917 0.286111 0.0520833 0.0722222
1 0.345833 0.297222 0.0541667 0.0722222
1 0.690104 0.381481 0.0614583 0.0925926
1 0.138021 0.425926 0.0802083 0.118519
1 0.473958 0.37963 0.0625 0.103704
1 0.759375 0.701852 0.13125 0.240741
1 0.944792 0.444444 0.0979167 0.111111
1 0.353125 0.436111 0.0729167 0.109259
1 0.946354 0.721296 0.107292 0.187037
