1 0.366667 0.112963 0.0395833 0.0555556
1 0.297396 0.175 0.059375 0.0611111
1 0.238542 0.171296 0.0458333 0.0685185
1 0.351042 0.131481 0.0375 0.0592593
0 0.477604 0.678704 0.0489583 0.087037
1 0.683333 0.0166667 0.0229167 0.0333333
1 0.238021 0.248148 0.0510417 0.0851852
1 0.331771 0.151852 0.0385417 0.0555556
0 0.053125 0.328704 0.03125 0.109259
1 0.695833 0.0361111 0.025 0.0351852
0 0.202604 0.883333 0.053125 0.22963
1 0.71875 0.0527778 0.0291667 0.0462963
0 0.121875 0.888889 0.05 0.155556
0 0.227083 0.730556 0.0416667 0.224074
0 0.26875 0.7 0.0375 0.188889
1 0.217708 0.27963 0.0666667 0.0962963
0 0.293229 0.573148 0.0385417 0.190741
1 0.770312 0.10463 0.0427083 0.0574074
1 0.0760417 0.440741 0.0895833 0.133333
1 0.796875 0.0833333 0.0416667 0.0518519
1 0.721875 0.10463 0.0375 0.0574074
1 0.0359375 0.512963 0.071875 0.174074
1 0.124479 0.380556 0.090625 0.124074
1 0.176042 0.327778 0.08125 0.114815
1 0.878646 0.20463 0.065625 0.0833333
