1 0.917708 0.0777778 0.0166667 0.0259259
1 0.776563 0.125926 0.0260417 0.0407407
1 0.938542 0.127778 0.0208333 0.0333333
1 0.00989583 0.103704 0.0197917 0.0296296
1 0.689583 0.173148 0.0333333 0.0388889
1 0.622917 0.17037 0.0333333 0.037037
1 0.0130208 0.787963 0.0260417 0.105556
1 0.0791667 0.0962963 0.0895833 0.0407407
1 0.970833 0.208333 0.0375 0.0722222
1 0.65 0.239815 0.0479167 0.0537037
1 0.880729 0.153704 0.0260417 0.037037
1 0.617188 0.224074 0.0427083 0.0481481
1 0.0182292 0.668519 0.0364583 0.0888889
1 0.560417 0.222222 0.05 0.062963
1 0.701042 0.537963 0.110417 0.161111
1 0.300521 0.35 0.0864583 0.0814815
1 0.671875 0.399074 0.0791667 0.101852
