1 0.164583 0.0537037 0.0229167 0.0296296
0 0.535417 0.156481 0.01875 0.0907407
1 0.115625 0.118519 0.03125 0.0481481
0 0.560417 0.169444 0.0145833 0.0611111
0 0.597396 0.200926 0.0135417 0.0759259
1 0.964583 0.305556 0.0708333 0.0740741
0 0.976562 0.222222 0.021875 0.0666667
1 0.319271 0.0731481 0.053125 0.05
1 0.602083 0.0805556 0.0645833 0.0388889
0 0.0697917 0.548148 0.0270833 0.137037
1 0.222917 0.0685185 0.0229167 0.0333333
1 0.193229 0.0833333 0.0302083 0.0481481
0 0.639063 0.217593 0.0177083 0.0759259
1 0.814062 0.157407 0.0489583 0.0444444
1 0.873438 0.168519 0.040625 0.0444444
0 0.708333 0.251852 0.01875 0.0851852
1 0.053125 0.0796296 0.0395833 0.0703704
1 0.163021 0.197222 0.0427083 0.0722222
1 0.284896 0.124074 0.040625 0.0518519
1 0.795313 0.227778 0.0739583 0.0740741
1 0.398438 0.205556 0.0572917 0.0740741
1 0.538542 0.277778 0.102083 0.1
