1 0.976042 0.132407 0.0416667 0.0537037
1 0.584896 0.132407 0.0260417 0.05
1 0.175521 0.377778 0.040625 0.0962963
1 0.265104 0.296296 0.046875 0.0703704
0 0.242188 0.549074 0.0364583 0.12037
1 0.252083 0.321296 0.0375 0.0759259
0 0.206771 0.543519 0.021875 0.112963
1 0.604688 0.152778 0.0302083 0.0462963
0 0.0604167 0.732407 0.0395833 0.101852
1 0.642187 0.126852 0.028125 0.0425926
0 0.0942708 0.805556 0.0364583 0.196296
0 0.0442708 0.851852 0.0364583 0.225926
1 0.334375 0.233333 0.05625 0.0592593
0 0.23125 0.587963 0.03125 0.146296
0 0.0203125 0.887963 0.040625 0.224074
1 0.781771 0.169444 0.040625 0.0611111
0 0.25625 0.485185 0.0270833 0.12963
0 0.194792 0.606481 0.0354167 0.157407
1 0.597396 0.191667 0.0385417 0.0574074
0 0.11875 0.762037 0.0375 0.190741
1 0.560938 0.238889 0.0510417 0.0592593
1 0.0317708 0.519444 0.0635417 0.105556
0 0.297396 0.468519 0.0322917 0.114815
1 0.0796875 0.460185 0.0802083 0.0944444
1 0.135417 0.416667 0.0854167 0.103704
1 0.657292 0.273148 0.0541667 0.0981481
1 0.558854 0.306481 0.0614583 0.0944444
1 0.653646 0.501852 0.0864583 0.162963
1 0.477083 0.474074 0.09375 0.155556
1 0.424479 0.866667 0.165625 0.259259
