1 0.703646 0.105556 0.0239583 0.0333333
1 0.910417 0.106481 0.025 0.0462963
1 0.880208 0.0666667 0.0208333 0.0296296
1 0.841667 0.0666667 0.01875 0.0333333
1 0.646875 0.114815 0.0354167 0.0444444
1 0.947917 0.0777778 0.0208333 0.0333333
1 0.632292 0.156481 0.0395833 0.0462963
1 0.725 0.230556 0.05 0.0648148
1 0.628125 0.362037 0.0895833 0.12037
1 0.963021 0.534259 0.071875 0.17963
1 0.834375 0.153704 0.0354167 0.0481481
1 0.443229 0.208333 0.0572917 0.0648148
1 0.866146 0.243519 0.0489583 0.0759259
1 0.0427083 0.476852 0.0854167 0.101852
1 0.769792 0.275926 0.0583333 0.0740741
1 0.419792 0.368519 0.0958333 0.111111
1 0.315625 0.374074 0.114583 0.103704
1 0.159375 0.512037 0.139583 0.146296
