1 0.00625 0.867593 0.0125 0.0944444
0 0.135937 0.405556 0.015625 0.0666667
0 0.0666667 0.391667 0.0145833 0.0685185
1 0.619792 0.17963 0.0166667 0.0185185
0 0.194271 0.328704 0.015625 0.0648148
0 0.301042 0.332407 0.0125 0.0388889
1 0.941667 0.369444 0.104167 0.0685185
1 0.328646 0.27037 0.0239583 0.037037
0 0.246875 0.344444 0.0166667 0.0592593
1 0.875 0.342593 0.04375 0.0666667
1 0.513021 0.202778 0.015625 0.0203704
1 0.539062 0.203704 0.0177083 0.0222222
1 0.985417 0.408333 0.0291667 0.0685185
1 0.802604 0.29537 0.0385417 0.0462963
0 0.277083 0.32963 0.0125 0.0555556
1 0.605729 0.216667 0.0197917 0.0296296
1 0.961458 0.384259 0.0666667 0.0685185
1 0.228125 0.340741 0.04375 0.0592593
1 0.576563 0.234259 0.0197917 0.0388889
1 0.920833 0.35463 0.0583333 0.0648148
1 0.596354 0.311111 0.034375 0.0555556
