1 0.375521 0.148148 0.040625 0.037037
1 0.891146 0.239815 0.105208 0.0685185
1 0.821354 0.141667 0.0552083 0.0574074
0 0.491146 0.200926 0.015625 0.0759259
1 0.0270833 0.12037 0.0145833 0.0185185
0 0.610937 0.226852 0.0114583 0.0611111
0 0.580208 0.226852 0.01875 0.0796296
1 0.0697917 0.131481 0.0145833 0.0222222
1 0.216667 0.155556 0.0291667 0.0333333
1 0.415625 0.153704 0.0479167 0.0407407
1 0.515104 0.0981481 0.0697917 0.0444444
0 0.652083 0.239815 0.0145833 0.0722222
1 0.555729 0.190741 0.071875 0.0851852
1 0.108854 0.167593 0.0239583 0.0240741
0 0.630208 0.234259 0.0166667 0.0759259
1 0.977083 0.143519 0.0458333 0.0833333
1 0.0161458 0.172222 0.021875 0.0333333
1 0.771875 0.217593 0.129167 0.0796296
0 0.664583 0.25 0.0145833 0.0777778
1 0.0572917 0.234259 0.0375 0.0537037
1 0.160938 0.371296 0.071875 0.0981481
1 0.358854 0.440741 0.119792 0.155556
1 0.725 0.447222 0.19375 0.175926
