1 0.452083 0.0712963 0.0208333 0.0425926
1 0.603125 0.062037 0.0354167 0.0388889
1 0.283854 0.213889 0.0614583 0.0796296
0 0.779167 0.153704 0.0145833 0.0814815
1 0.107813 0.158333 0.101042 0.0722222
1 0.830729 0.111111 0.040625 0.0444444
1 0.871354 0.106481 0.059375 0.05
0 0.626042 0.191667 0.01875 0.0907407
1 0.935417 0.1 0.0604167 0.0481481
1 0.978646 0.0944444 0.0427083 0.0444444
1 0.414583 0.0675926 0.0541667 0.0611111
1 0.532292 0.139815 0.08125 0.0796296
0 0.590104 0.192593 0.0177083 0.0888889
1 0.025 0.234259 0.05 0.0944444
1 0.154687 0.212963 0.167708 0.107407
