1 0.99375 0.150926 0.0125 0.0537037
1 0.886458 0.0138889 0.01875 0.0240741
1 0.983333 0.0157407 0.0229167 0.0314815
1 0.647917 0.0796296 0.0354167 0.0407407
1 0.575521 0.130556 0.0489583 0.0574074
1 0.989583 0.0648148 0.0208333 0.0444444
1 0.76875 0.287037 0.08125 0.12963
1 0.590104 0.156481 0.0552083 0.0537037
1 0.932292 0.0907407 0.0333333 0.0518519
1 0.897917 0.0481481 0.0270833 0.0481481
1 0.504687 0.143519 0.053125 0.0537037
1 0.897396 0.236111 0.0572917 0.0907407
1 0.607813 0.184259 0.0552083 0.0648148
1 0.201042 0.324074 0.0979167 0.103704
1 0.478125 0.294444 0.0770833 0.0925926
1 0.732813 0.22037 0.0614583 0.0703704
1 0.361458 0.259259 0.0833333 0.0814815
1 0.127604 0.446296 0.159375 0.144444
