1 0.623958 0.0787037 0.0458333 0.0425926
1 0.151562 0.189815 0.121875 0.0833333
1 0.978646 0.672222 0.0427083 0.144444
1 0.904688 0.114815 0.046875 0.0481481
1 0.965104 0.10463 0.0572917 0.05
0 0.651042 0.203704 0.01875 0.0925926
0 0.239583 0.266667 0.0291667 0.103704
1 0.555729 0.156481 0.0885417 0.0833333
1 0.261458 0.914815 0.502083 0.159259
1 0.440625 0.0888889 0.0541667 0.0592593
0 0.617188 0.203704 0.0197917 0.103704
1 0.169271 0.235185 0.134375 0.107407
1 0.0411458 0.259259 0.0822917 0.0962963
