1 0.378125 0.180556 0.0333333 0.0351852
1 0.654167 0.239815 0.04375 0.0462963
1 0.0104167 0.359259 0.0208333 0.0925926
1 0.267188 0.225 0.040625 0.0462963
1 0.70625 0.250926 0.0479167 0.0537037
0 0.05625 0.32963 0.0145833 0.0666667
1 0.915625 0.32037 0.114583 0.0703704
1 0.340625 0.188889 0.0375 0.0407407
1 0.410937 0.212037 0.0447917 0.05
1 0.0526042 0.273148 0.034375 0.0574074
0 0.0796875 0.326852 0.0177083 0.0685185
1 0.841146 0.297222 0.084375 0.0574074
1 0.0416667 0.211111 0.0270833 0.0444444
1 0.667708 0.309259 0.1 0.0925926
1 0.365625 0.313889 0.0729167 0.0833333
1 0.620313 0.488889 0.130208 0.133333
