1 0.247396 0.203704 0.0614583 0.0777778
0 0.257292 0.280556 0.0291667 0.105556
0 0.316667 0.488889 0.0270833 0.107407
0 0.356771 0.167593 0.0197917 0.0759259
0 0.219271 0.385185 0.028125 0.107407
1 0.36875 0.114815 0.0458333 0.0592593
1 0.592708 0.0407407 0.0270833 0.0481481
0 0.271875 0.641667 0.0270833 0.183333
0 0.244271 0.687963 0.0364583 0.168519
1 0.738542 0.0509259 0.0333333 0.0462963
0 0.307813 0.517593 0.0385417 0.101852
1 0.841146 0.0796296 0.0447917 0.0555556
1 0.810417 0.126852 0.05 0.0648148
1 0.610937 0.125926 0.0427083 0.062963
0 0.209375 0.846296 0.0458333 0.237037
0 0.195833 0.899074 0.0583333 0.201852
0 0.2375 0.834259 0.04375 0.224074
1 0.641146 0.0601852 0.0322917 0.0537037
1 0.229167 0.265741 0.0625 0.0944444
0 0.770312 0.302778 0.0302083 0.116667
0 0.298438 0.646296 0.0385417 0.211111
1 0.190625 0.311111 0.0791667 0.111111
1 0.610417 0.214815 0.0520833 0.114815
1 0.817187 0.202778 0.0635417 0.0833333
0 0.347396 0.42037 0.0322917 0.148148
1 0.0911458 0.424074 0.090625 0.133333
1 0.04375 0.494444 0.0875 0.17037
1 0.140104 0.362963 0.090625 0.122222
1 0.015625 0.731481 0.03125 0.162963
1 0.911979 0.210185 0.0739583 0.0907407
1 0.678125 0.190741 0.0604167 0.0888889
1 0.979167 0.280556 0.0416667 0.105556
1 0.623958 0.325 0.0833333 0.127778
1 0.504167 0.219444 0.06875 0.087037
1 0.866667 0.585185 0.14375 0.222222
