1 0.964063 0.17037 0.0135417 0.0185185
0 0.0255208 0.375926 0.0239583 0.103704
1 0.857813 0.182407 0.034375 0.0314815
1 0.671875 0.251852 0.0354167 0.0444444
0 0.322396 0.346296 0.0135417 0.0481481
1 0.948958 0.273148 0.0333333 0.0388889
1 0.411458 0.347222 0.075 0.0685185
1 0.609896 0.276852 0.040625 0.0425926
1 0.643229 0.264815 0.034375 0.0407407
1 0.984375 0.24537 0.0291667 0.0462963
1 0.951042 0.313889 0.0375 0.0611111
1 0.572396 0.293519 0.046875 0.0462963
1 0.351042 0.382407 0.0770833 0.0796296
1 0.532292 0.307407 0.0520833 0.0444444
1 0.822396 0.485185 0.084375 0.122222
1 0.172917 0.400926 0.0604167 0.0648148
1 0.265104 0.417593 0.0947917 0.0759259
