1 0.248958 0.192593 0.0541667 0.0703704
1 0.819271 0.100926 0.040625 0.0611111
1 0.608333 0.0222222 0.01875 0.0296296
1 0.584896 0.0296296 0.0260417 0.037037
1 0.305729 0.196296 0.0635417 0.062963
1 0.34375 0.171296 0.05 0.0574074
0 0.040625 0.535185 0.0770833 0.181481
1 0.15625 0.366667 0.122917 0.133333
1 0.357812 0.158333 0.0322917 0.0537037
0 0.2375 0.932407 0.05625 0.135185
1 0.767187 0.108333 0.034375 0.05
1 0.733854 0.0861111 0.0322917 0.0611111
0 0.0515625 0.55463 0.0385417 0.172222
1 0.691667 0.087037 0.03125 0.0592593
0 0.306771 0.562963 0.028125 0.17037
0 0.118229 0.505556 0.0364583 0.122222
1 0.246354 0.27037 0.0510417 0.0851852
1 0.927083 0.144444 0.0729167 0.0666667
1 0.224479 0.298148 0.0697917 0.0814815
0 0.294271 0.580556 0.0385417 0.142593
0 0.288542 0.728704 0.0375 0.187037
1 0.878646 0.171296 0.0552083 0.0648148
0 0.207813 0.87963 0.059375 0.240741
1 0.0807292 0.462963 0.0864583 0.12963
1 0.895312 0.218519 0.0697917 0.0814815
0 0.240104 0.751852 0.040625 0.22963
0 0.165625 0.907407 0.0520833 0.185185
1 0.0390625 0.534259 0.078125 0.172222
1 0.597396 0.0712963 0.0260417 0.0388889
1 0.625 0.0916667 0.0291667 0.0462963
1 0.182812 0.349074 0.078125 0.112963
1 0.132292 0.400926 0.0895833 0.124074
1 0.803646 0.152778 0.046875 0.0611111
1 0.230729 0.400926 0.0864583 0.131481
1 0.760417 0.548148 0.11875 0.2
1 0.366146 0.271296 0.0739583 0.087037
