1 0.515104 0.0935185 0.0177083 0.0277778
1 0.695833 0.0814815 0.0166667 0.0259259
1 0.665625 0.0953704 0.0208333 0.0277778
1 0.783333 0.171296 0.0333333 0.05
1 0.544792 0.0833333 0.01875 0.0259259
1 0.666667 0.15 0.0291667 0.0444444
1 0.407292 0.144444 0.0270833 0.037037
1 0.459896 0.125 0.021875 0.0314815
1 0.742708 0.183333 0.0354167 0.0481481
1 0.485417 0.134259 0.025 0.0537037
1 0.440625 0.152778 0.0291667 0.0462963
1 0.681771 0.185185 0.034375 0.0481481
1 0.621354 0.144444 0.0260417 0.0333333
1 0.626562 0.187963 0.028125 0.0462963
1 0.526042 0.17037 0.0291667 0.0444444
1 0.976562 0.935185 0.046875 0.118519
1 0.636458 0.238889 0.0416667 0.0666667
1 0.7875 0.369444 0.0729167 0.116667
1 0.729688 0.25 0.046875 0.0703704
1 0.200521 0.463889 0.084375 0.146296
1 0.428646 0.431481 0.071875 0.111111
1 0.874479 0.361111 0.0697917 0.0851852
1 0.688021 0.430556 0.071875 0.109259
1 0.966146 0.50463 0.0677083 0.12037
