1 0.688021 0.107407 0.0302083 0.0259259
1 0.248437 0.172222 0.053125 0.0740741
1 0.386458 0.177778 0.0458333 0.0851852
0 0.232292 0.337963 0.0229167 0.0981481
0 0.859896 0.25 0.015625 0.0666667
1 0.3875 0.115741 0.04375 0.0462963
1 0.815104 0.112037 0.0427083 0.05
0 0.0130208 0.487037 0.0239583 0.0703704
1 0.447917 0.0962963 0.0354167 0.037037
1 0.430729 0.185185 0.0447917 0.0740741
0 0.208854 0.352778 0.021875 0.087037
0 0.164062 0.373148 0.021875 0.112963
0 0.83125 0.25 0.0208333 0.0777778
0 0.892187 0.289815 0.0239583 0.0907407
1 0.423438 0.251852 0.053125 0.0851852
1 0.355208 0.327778 0.0729167 0.111111
0 0.0864583 0.464815 0.0208333 0.1
1 0.330729 0.492593 0.113542 0.240741
