0 0.217187 0.322222 0.028125 0.0814815
1 0.369792 0.0574074 0.0291667 0.0444444
0 0.173438 0.40463 0.0322917 0.0981481
1 0.305729 0.0685185 0.0385417 0.0518519
1 0.301042 0.128704 0.0520833 0.0611111
0 0.297917 0.551852 0.0354167 0.148148
0 0.319792 0.474074 0.0270833 0.137037
0 0.0541667 0.303704 0.0208333 0.0925926
1 0.879687 0.0277778 0.0447917 0.0518519
1 0.45 0.012037 0.0208333 0.0240741
1 0.0401042 0.493519 0.0802083 0.183333
0 0.0572917 0.502778 0.04375 0.12037
1 0.289583 0.150926 0.04375 0.0685185
1 0.9875 0.0851852 0.025 0.0481481
1 0.983854 0.0240741 0.0322917 0.0481481
0 0.281771 0.256481 0.015625 0.0611111
1 0.192708 0.263889 0.0666667 0.0944444
0 0.988542 0.160185 0.0208333 0.087037
1 0.94375 0.0240741 0.04375 0.0444444
1 0.260938 0.182407 0.0614583 0.0759259
1 0.413021 0.0833333 0.0739583 0.0518519
1 0.967188 0.0703704 0.053125 0.0555556
1 0.227604 0.223148 0.0635417 0.087037
1 0.144792 0.318519 0.09375 0.125926
