1 0.472396 0.260185 0.040625 0.0351852
1 0.0265625 0.183333 0.0260417 0.0222222
1 0.441146 0.252778 0.059375 0.0388889
1 0.175 0.247222 0.025 0.0277778
1 0.582812 0.276852 0.071875 0.0574074
1 0.529167 0.266667 0.0520833 0.0481481
1 0.976042 0.378704 0.0479167 0.0574074
1 0.785937 0.328704 0.084375 0.0648148
1 0.0494792 0.235185 0.0302083 0.037037
1 0.709375 0.312037 0.0875 0.0574074
1 0.898438 0.358333 0.0947917 0.0648148
1 0.216146 0.251852 0.034375 0.0407407
1 0.29375 0.278704 0.05 0.0462963
1 0.545313 0.337963 0.090625 0.0648148
1 0.950521 0.682407 0.096875 0.172222
