1 0.347396 0.143519 0.0364583 0.0537037
0 0.136979 0.511111 0.0239583 0.0555556
0 0.126042 0.914815 0.0583333 0.155556
1 0.236458 0.178704 0.0458333 0.0685185
1 0.235417 0.256481 0.0520833 0.0796296
0 0.185417 0.952778 0.0520833 0.0944444
1 0.295833 0.183333 0.0604167 0.062963
0 0.0463542 0.361111 0.0260417 0.0740741
1 0.713542 0.0203704 0.0208333 0.0407407
0 0.224479 0.739815 0.0385417 0.212963
1 0.725521 0.0546296 0.028125 0.0425926
0 0.267708 0.691667 0.0375 0.201852
0 0.304688 0.782407 0.0447917 0.224074
1 0.650521 0.0296296 0.0197917 0.0296296
1 0.215625 0.286111 0.0666667 0.0981481
0 0.203125 0.875926 0.05625 0.240741
1 0.683333 0.0611111 0.0333333 0.0444444
1 0.0734375 0.437963 0.090625 0.112963
1 0.751562 0.0981481 0.040625 0.0481481
1 0.969792 0.308333 0.0604167 0.101852
1 0.034375 0.519444 0.06875 0.175926
1 0.809375 0.153704 0.0604167 0.0777778
1 0.916667 0.344444 0.104167 0.162963
1 0.122917 0.387037 0.0895833 0.125926
1 0.173438 0.334259 0.0822917 0.109259
