0 0.925 0.0648148 0.0166667 0.0814815
1 0.0463542 0.0935185 0.0489583 0.0685185
0 0.206771 0.0287037 0.0197917 0.0574074
1 0.0229167 0.124074 0.0458333 0.0518519
0 0.0328125 0.297222 0.0302083 0.135185
0 0.983854 0.133333 0.0197917 0.1
0 0.164583 0.167593 0.0208333 0.0833333
1 0.717708 0.0953704 0.075 0.105556
1 0.388542 0.0722222 0.0645833 0.1
1 0.314063 0.337963 0.123958 0.194444
1 0.669792 0.282407 0.0916667 0.153704
1 0.841667 0.382407 0.139583 0.190741
1 0.241667 0.651852 0.204167 0.344444
