1 0.918229 0.2 0.0322917 0.0481481
1 0.0119792 0.112037 0.0239583 0.0351852
1 0.672396 0.157407 0.0302083 0.037037
1 0.694271 0.219444 0.040625 0.0537037
1 0.876562 0.190741 0.028125 0.0407407
1 0.0817708 0.106481 0.0864583 0.0425926
1 0.792188 0.239815 0.0385417 0.0537037
1 0.897917 0.302778 0.0479167 0.0907407
1 0.973958 0.386111 0.0520833 0.0907407
1 0.835417 0.268519 0.04375 0.062963
1 0.702083 0.364815 0.0645833 0.0851852
1 0.903646 0.847222 0.117708 0.283333
1 0.520833 0.312037 0.0666667 0.0685185
1 0.410417 0.441667 0.0958333 0.116667
1 0.146354 0.50463 0.136458 0.124074
