1 0.632292 0.0814815 0.0416667 0.0407407
1 0.863542 0.125926 0.0604167 0.0481481
1 0.976562 0.110185 0.046875 0.0537037
1 0.908854 0.119444 0.0572917 0.05
0 0.638021 0.212037 0.015625 0.0907407
1 0.564062 0.160185 0.084375 0.0833333
0 0.624479 0.217593 0.0197917 0.0944444
1 0.449479 0.0888889 0.053125 0.0592593
0 0.659375 0.210185 0.0166667 0.0907407
1 0.180208 0.234259 0.139583 0.105556
1 0.0463542 0.260185 0.0927083 0.0944444
1 0.796354 0.363889 0.169792 0.135185
1 0.695833 0.303704 0.133333 0.125926
