1 0.240104 0.169444 0.0510417 0.05
1 0.648438 0.0685185 0.0239583 0.0407407
1 0.260938 0.155556 0.0364583 0.0518519
1 0.609375 0.0583333 0.025 0.0425926
1 0.464063 0.0722222 0.021875 0.037037
1 0.0598958 0.324074 0.034375 0.0814815
1 0.445312 0.106481 0.028125 0.0425926
1 0.628125 0.0981481 0.0270833 0.0518519
1 0.945833 0.125 0.075 0.0685185
1 0.198958 0.191667 0.0541667 0.0611111
1 0.426042 0.139815 0.03125 0.05
1 0.0869792 0.287963 0.0697917 0.0796296
1 0.152604 0.181481 0.0489583 0.062963
0 0.0505208 0.467593 0.0322917 0.0685185
1 0.9375 0.17037 0.0625 0.0666667
1 0.857292 0.12037 0.05 0.0592593
1 0.515104 0.150926 0.0385417 0.0759259
1 0.121875 0.255556 0.05625 0.0703704
1 0.621354 0.308333 0.0697917 0.142593
0 0.954687 0.312037 0.0239583 0.112963
1 0.455729 0.172222 0.040625 0.0666667
1 0.969271 0.187963 0.0614583 0.0648148
0 0.0734375 0.438889 0.028125 0.114815
0 0.193229 0.232407 0.0135417 0.0648148
1 0.507292 0.206481 0.04375 0.0722222
0 0.277604 0.240741 0.015625 0.0703704
1 0.743229 0.164815 0.053125 0.0666667
1 0.389062 0.296296 0.0614583 0.1
1 0.784375 0.918519 0.191667 0.155556
1 0.797396 0.455556 0.117708 0.17037
1 0.376042 0.421296 0.0854167 0.135185
1 0.727604 0.30463 0.071875 0.0981481
1 0.497396 0.424074 0.0822917 0.144444
1 0.24375 0.710185 0.158333 0.253704
