1 0.960417 0.0462963 0.0291667 0.037037
1 0.819792 0.0101852 0.0354167 0.0203704
1 0.594792 0.35 0.15 0.133333
1 0.0213542 0.231481 0.0427083 0.0518519
1 0.0609375 0.2 0.0447917 0.0555556
1 0.51875 0.164815 0.0625 0.103704
1 0.653125 0.169444 0.0541667 0.0574074
1 0.598958 0.186111 0.0625 0.0611111
1 0.705729 0.0962963 0.046875 0.0481481
1 0.235938 0.463889 0.0947917 0.0944444
1 0.428125 0.274074 0.0770833 0.0703704
1 0.327083 0.361111 0.0875 0.0925926
1 0.346875 0.910185 0.245833 0.175926
1 0.467708 0.614815 0.158333 0.2
