1 0.671354 0.12963 0.028125 0.0333333
1 0.840625 0.143519 0.025 0.0351852
1 0.917708 0.168519 0.0291667 0.0444444
1 0.967188 0.140741 0.0239583 0.037037
1 0.872917 0.151852 0.0270833 0.0407407
1 0.598958 0.228704 0.05 0.0537037
1 0.967188 0.223148 0.034375 0.0685185
1 0.790625 0.215741 0.0375 0.0537037
1 0.576563 0.293519 0.059375 0.0685185
1 0.841667 0.219444 0.0416667 0.0648148
1 0.533854 0.227778 0.0510417 0.062963
1 0.677604 0.359259 0.0760417 0.103704
1 0.891146 0.275 0.0447917 0.0685185
1 0.478646 0.313889 0.0760417 0.0759259
1 0.660937 0.633333 0.119792 0.177778
1 0.45 0.693519 0.172917 0.216667
