1 0.372396 0.112037 0.0385417 0.05
1 0.958854 0.0925926 0.0447917 0.0555556
1 0.364062 0.123148 0.034375 0.05
0 0.0453125 0.913889 0.0385417 0.161111
1 0.930729 0.0759259 0.0322917 0.0407407
0 0.217187 0.337037 0.0239583 0.111111
0 0.0510417 0.536111 0.0395833 0.153704
1 0.233854 0.185185 0.0447917 0.062963
0 0.307292 0.6 0.0458333 0.207407
0 0.176563 0.922222 0.0510417 0.155556
0 0.323958 0.464815 0.03125 0.148148
1 0.329167 0.262037 0.0333333 0.0796296
1 0.292708 0.190741 0.0604167 0.062963
0 0.204688 0.869444 0.0385417 0.22037
1 0.34375 0.151852 0.0354167 0.0555556
0 0.144271 0.94537 0.053125 0.109259
0 0.1625 0.460185 0.0291667 0.0796296
1 0.325521 0.169444 0.0364583 0.0574074
1 0.0317708 0.526852 0.0635417 0.168519
1 0.213542 0.291667 0.075 0.087037
1 0.233333 0.262963 0.0520833 0.0814815
1 0.529688 0.0777778 0.0302083 0.0555556
1 0.0708333 0.456481 0.0916667 0.131481
1 0.733854 0.14537 0.0489583 0.0722222
1 0.170833 0.343519 0.0791667 0.112963
1 0.8375 0.196296 0.0604167 0.0740741
1 0.120312 0.396296 0.090625 0.122222
1 0.575 0.284259 0.0666667 0.101852
1 0.572396 0.793519 0.151042 0.298148
