1 0.340104 0.151852 0.040625 0.0592593
1 0.247396 0.24537 0.0552083 0.0907407
0 0.289062 0.640741 0.0427083 0.185185
1 0.545313 0.0787037 0.0302083 0.0722222
0 0.0536458 0.342593 0.0260417 0.107407
0 0.454167 0.0824074 0.0104167 0.0425926
0 0.310417 0.54537 0.03125 0.183333
0 0.519271 0.631481 0.0427083 0.0814815
0 0.241146 0.737037 0.040625 0.225926
1 0.772917 0.0462963 0.025 0.0407407
1 0.750521 0.0648148 0.0322917 0.0481481
1 0.594271 0.0546296 0.0322917 0.0462963
1 0.635938 0.0666667 0.0302083 0.0518519
0 0.292188 0.801852 0.0427083 0.222222
1 0.811979 0.0694444 0.0385417 0.0574074
1 0.816146 0.136111 0.0489583 0.0648148
1 0.21875 0.431481 0.06875 0.0740741
1 0.228125 0.27963 0.06875 0.0962963
1 0.597396 0.0953704 0.034375 0.0537037
1 0.557813 0.130556 0.0385417 0.0611111
1 0.655208 0.107407 0.0395833 0.0666667
0 0.209896 0.869444 0.053125 0.257407
0 0.165104 0.899074 0.0447917 0.194444
1 0.0411458 0.509259 0.0822917 0.177778
1 0.0958333 0.432407 0.108333 0.12037
1 0.136979 0.37037 0.090625 0.103704
0 0.346354 0.309259 0.021875 0.0962963
1 0.1875 0.324074 0.08125 0.111111
1 0.895312 0.225 0.0739583 0.0907407
1 0.0854167 0.586111 0.141667 0.201852
1 0.599479 0.381481 0.0947917 0.133333
