1 0.726042 0.118519 0.0270833 0.037037
1 0.865625 0.113889 0.01875 0.0277778
1 0.964583 0.10463 0.01875 0.0314815
1 0.965104 0.146296 0.021875 0.0481481
1 0.894271 0.116667 0.0197917 0.0296296
1 0.678646 0.149074 0.028125 0.0388889
1 0.8375 0.15463 0.0291667 0.0425926
1 0.877604 0.149074 0.0239583 0.0425926
1 0.927083 0.130556 0.0208333 0.0314815
1 0.584375 0.175 0.0375 0.05
1 0.917188 0.176852 0.0302083 0.0462963
1 0.780729 0.219444 0.0427083 0.0574074
1 0.646354 0.19537 0.040625 0.0462963
1 0.199479 0.627778 0.176042 0.192593
1 0.815625 0.285185 0.0520833 0.0666667
1 0.718229 0.312963 0.059375 0.0740741
1 0.424479 0.35463 0.0885417 0.0907407
1 0.103125 0.59537 0.164583 0.168519
1 0.291667 0.375 0.1 0.109259
