0 0.272917 0.597222 0.0291667 0.0648148
1 0.368229 0.122222 0.0385417 0.0481481
1 0.302083 0.187037 0.05 0.062963
1 0.240625 0.183333 0.0395833 0.0666667
1 0.898438 0.0537037 0.0197917 0.0407407
1 0.333333 0.175 0.0458333 0.0685185
1 0.933333 0.0703704 0.025 0.037037
1 0.970312 0.0824074 0.0364583 0.0462963
1 0.957812 0.0768519 0.040625 0.0425926
1 0.351562 0.146296 0.0364583 0.0518519
1 0.240625 0.259259 0.0520833 0.0814815
1 0.676042 0.012037 0.01875 0.0240741
1 0.498958 0.202778 0.104167 0.0648148
1 0.458333 0.17037 0.0958333 0.0777778
1 0.645312 0.0148148 0.021875 0.0296296
1 0.218229 0.296296 0.0697917 0.0962963
0 0.193229 0.881481 0.059375 0.22963
0 0.332812 0.846296 0.0510417 0.251852
1 0.0786458 0.460185 0.0885417 0.135185
0 0.28125 0.875 0.05 0.238889
1 0.127083 0.396296 0.0916667 0.125926
1 0.0369792 0.532407 0.0739583 0.17963
1 0.178125 0.341667 0.0791667 0.109259
