0 0.9125 0.0509259 0.0166667 0.0759259
0 0.969792 0.0981481 0.025 0.1
1 0.0192708 0.112963 0.0385417 0.0481481
0 0.992188 0.0962963 0.015625 0.137037
0 0.028125 0.278704 0.0291667 0.12037
0 0.015625 0.336111 0.03125 0.142593
0 0.936979 0.0953704 0.0197917 0.0833333
0 0.960938 0.106481 0.0197917 0.116667
1 0.436979 0.0212963 0.0447917 0.0425926
1 0.508333 0.0175926 0.04375 0.0351852
1 0.342187 0.0861111 0.0635417 0.101852
1 0.420833 0.109259 0.06875 0.111111
1 0.633333 0.162037 0.0791667 0.12037
1 0.20625 0.549074 0.191667 0.298148
