1 0.269792 0.259259 0.04375 0.0592593
1 0.505208 0.421296 0.0229167 0.0203704
1 0.0380208 0.318519 0.059375 0.0518519
1 0.210938 0.287037 0.053125 0.0777778
0 0.35625 0.197222 0.0270833 0.0685185
1 0.434375 0.17037 0.0583333 0.062963
1 0.575 0.0851852 0.04375 0.0555556
1 0.24375 0.262037 0.0958333 0.0648148
1 0.617188 0.0648148 0.0447917 0.0481481
1 0.475521 0.139815 0.065625 0.0648148
1 0.529167 0.111111 0.05625 0.0592593
1 0.127604 0.333333 0.111458 0.103704
1 0.0395833 0.393519 0.0791667 0.109259
1 0.297396 0.365741 0.142708 0.138889
