1 0.75625 0.149074 0.0291667 0.0388889
1 0.5375 0.101852 0.0208333 0.0259259
1 0.607813 0.0898148 0.015625 0.0388889
1 0.473958 0.112963 0.01875 0.0333333
1 0.731771 0.184259 0.0322917 0.0462963
1 0.422396 0.12963 0.0197917 0.0333333
1 0.495313 0.137037 0.0239583 0.037037
1 0.472396 0.173148 0.0302083 0.0462963
1 0.836979 0.213889 0.0427083 0.0537037
1 0.623958 0.175926 0.0333333 0.0518519
1 0.397396 0.217593 0.0364583 0.0574074
1 0.527083 0.158333 0.0270833 0.05
1 0.505208 0.239815 0.0375 0.0574074
1 0.469271 0.368519 0.059375 0.118519
1 0.783333 0.252778 0.0541667 0.0722222
1 0.656771 0.27963 0.046875 0.0703704
1 0.739583 0.298148 0.05625 0.0814815
1 0.829687 0.912037 0.165625 0.172222
1 0.392188 0.335185 0.0572917 0.0925926
1 0.294792 0.407407 0.06875 0.1
1 0.873438 0.387963 0.071875 0.0944444
