0 0.953646 0.22037 0.0197917 0.0703704
0 0.0291667 0.455556 0.025 0.0851852
1 0.0958333 0.012037 0.04375 0.0240741
0 0.615104 0.228704 0.0177083 0.0425926
1 0.58125 0.075 0.05625 0.0462963
0 0.0229167 0.424074 0.0333333 0.122222
1 0.795313 0.15 0.046875 0.0407407
0 0.990625 0.293519 0.01875 0.101852
1 0.289062 0.0453704 0.028125 0.0314815
0 0.688542 0.240741 0.01875 0.0851852
0 0.211458 0.739815 0.05625 0.15
1 0.852604 0.162037 0.040625 0.0425926
1 0.113542 0.148148 0.0395833 0.0592593
1 0.775 0.219444 0.0729167 0.0722222
1 0.388021 0.625926 0.171875 0.262963
