1 0.345313 0.112963 0.0302083 0.0333333
1 0.133854 0.177778 0.0510417 0.0444444
1 0.277604 0.846296 0.519792 0.292593
1 0.1125 0.212963 0.0520833 0.0444444
1 0.0697917 0.22037 0.04375 0.037037
1 0.141667 0.832407 0.166667 0.198148
1 0.246354 0.155556 0.0635417 0.0518519
1 0.765625 0.05 0.0416667 0.0407407
1 0.625 0.282407 0.06875 0.0574074
1 0.504687 0.253704 0.071875 0.0666667
1 0.282292 0.425926 0.108333 0.107407
1 0.98125 0.233333 0.0375 0.0925926
1 0.447396 0.251852 0.071875 0.0777778
1 0.751042 0.343519 0.114583 0.12037
