1 0.447396 0.144444 0.021875 0.037037
1 0.475 0.161111 0.0333333 0.0703704
1 0.647917 0.125 0.0208333 0.0462963
1 0.343229 0.215741 0.0322917 0.0611111
1 0.713542 0.158333 0.0270833 0.0388889
1 0.524479 0.175926 0.028125 0.0407407
1 0.449479 0.218519 0.0364583 0.0592593
1 0.622396 0.162963 0.0322917 0.0518519
1 0.397917 0.221296 0.0354167 0.0537037
1 0.288542 0.276852 0.0479167 0.0611111
1 0.680208 0.187037 0.0375 0.0592593
1 0.631771 0.225 0.0364583 0.0537037
1 0.835417 0.276852 0.0520833 0.0759259
1 0.428646 0.286111 0.046875 0.0685185
1 0.129167 0.557407 0.125 0.192593
1 0.0682292 0.953704 0.134375 0.0851852
1 0.344792 0.290741 0.0458333 0.0777778
1 0.746354 0.32037 0.0572917 0.0925926
1 0.364062 0.399074 0.059375 0.12037
1 0.697917 0.52037 0.0791667 0.122222
