0 0.260417 0.537037 0.025 0.0481481
1 0.11875 0.506481 0.0791667 0.0462963
0 0.583333 0.473148 0.0145833 0.0722222
0 0.721875 0.457407 0.0125 0.0481481
0 0.556771 0.482407 0.0135417 0.0907407
0 0.648958 0.473148 0.0208333 0.0648148
0 0.759896 0.444444 0.0114583 0.0407407
0 0.615104 0.468519 0.0114583 0.0592593
1 0.248958 0.498148 0.1 0.0703704
1 0.0682292 0.958333 0.136458 0.0796296
1 0.96875 0.492593 0.0604167 0.0592593
1 0.931771 0.662037 0.090625 0.112963
1 0.276563 0.892593 0.192708 0.159259
