1 0.391667 0.173148 0.0395833 0.0425926
1 0.777604 0.213889 0.0427083 0.0759259
1 0.538542 0.105556 0.01875 0.0296296
0 0.396875 0.282407 0.0125 0.0685185
0 0.265104 0.822222 0.0427083 0.2
0 0.231771 0.831481 0.0489583 0.166667
0 0.025 0.948148 0.05 0.1
1 0.557813 0.128704 0.021875 0.0351852
0 0.205208 0.922222 0.0416667 0.151852
1 0.378646 0.256481 0.0447917 0.0648148
1 0.579687 0.186111 0.028125 0.0685185
1 0.847396 0.228704 0.0385417 0.0611111
1 0.481771 0.253704 0.0947917 0.0962963
1 0.234896 0.337037 0.0510417 0.0814815
1 0.61875 0.159259 0.03125 0.0444444
1 0.940625 0.375 0.0895833 0.087037
0 0.348958 0.557407 0.0270833 0.140741
0 0.313542 0.668519 0.0354167 0.17037
1 0.211458 0.372222 0.06875 0.0962963
1 0.590104 0.238889 0.040625 0.0666667
1 0.0703125 0.534259 0.090625 0.131481
1 0.170833 0.419444 0.08125 0.112963
1 0.0328125 0.605556 0.065625 0.177778
1 0.948438 0.47037 0.103125 0.133333
1 0.119792 0.471296 0.0916667 0.124074
1 0.627604 0.491667 0.0885417 0.142593
1 0.813021 0.675926 0.138542 0.222222
