0 0.491667 0.22963 0.0166667 0.0666667
0 0.472396 0.216667 0.0114583 0.0592593
1 0.410417 0.169444 0.0520833 0.0425926
1 0.499479 0.116667 0.0552083 0.0407407
1 0.833854 0.175926 0.109375 0.062963
1 0.186458 0.203704 0.0416667 0.0444444
0 0.534375 0.231481 0.0145833 0.0703704
1 0.891146 0.281481 0.113542 0.0777778
1 0.970312 0.186111 0.0552083 0.0796296
1 0.0395833 0.239815 0.0375 0.0611111
0 0.633333 0.263889 0.0145833 0.0685185
1 0.584375 0.210185 0.0520833 0.0537037
1 0.123438 0.237963 0.0447917 0.0685185
1 0.742708 0.248148 0.0854167 0.0777778
1 0.294271 0.241667 0.059375 0.0685185
1 0.186979 0.376852 0.0760417 0.135185
1 0.183854 0.29537 0.059375 0.0722222
1 0.0817708 0.278704 0.046875 0.0648148
1 0.733333 0.459259 0.170833 0.159259
1 0.308854 0.599074 0.142708 0.224074
