0 0.0140625 0.0907407 0.0114583 0.037037
1 0.949479 0.291667 0.101042 0.0722222
0 0.0177083 0.39537 0.03125 0.0944444
0 0.594792 0.187037 0.0125 0.062963
0 0.609896 0.219444 0.0177083 0.0462963
1 0.846354 0.152778 0.040625 0.0425926
0 0.669271 0.22037 0.0177083 0.0740741
1 0.0442708 0.0407407 0.021875 0.0407407
1 0.788542 0.140741 0.0416667 0.0407407
0 0.732813 0.251852 0.0177083 0.0740741
1 0.284375 0.124074 0.05 0.0555556
1 0.769792 0.211111 0.0708333 0.0777778
1 0.123438 0.17963 0.0572917 0.0814815
1 0.316667 0.446296 0.127083 0.177778
