1 0.833854 0.146296 0.0385417 0.0481481
1 0.683333 0.544444 0.03125 0.0185185
1 0.277604 0.180556 0.040625 0.0462963
1 0.291667 0.17037 0.0333333 0.0444444
1 0.582812 0.0583333 0.015625 0.0240741
1 0.608854 0.0574074 0.015625 0.0296296
1 0.49375 0.0592593 0.0145833 0.0185185
1 0.264583 0.191667 0.0458333 0.05
0 0.952604 0.356481 0.034375 0.109259
1 0.984375 0.149074 0.03125 0.0537037
1 0.947917 0.160185 0.0770833 0.0611111
1 0.955729 0.901852 0.0864583 0.188889
1 0.988021 0.249074 0.0239583 0.0648148
0 0.873438 0.225 0.0177083 0.0537037
1 0.854167 0.158333 0.0520833 0.0537037
0 0.0723958 0.49537 0.0322917 0.131481
1 0.150521 0.227778 0.046875 0.0592593
1 0.194271 0.234259 0.046875 0.0648148
0 0.983333 0.376852 0.0208333 0.12037
1 0.120833 0.298148 0.05625 0.0666667
1 0.935938 0.205556 0.0614583 0.062963
0 0.0494792 0.551852 0.0322917 0.12963
1 0.0854167 0.331481 0.0729167 0.0851852
0 0.1375 0.411111 0.0229167 0.107407
1 0.0838542 0.431481 0.084375 0.114815
1 0.968229 0.22963 0.0635417 0.062963
1 0.25 0.249074 0.0958333 0.0611111
1 0.326562 0.308333 0.053125 0.087037
1 0.423438 0.512037 0.090625 0.161111
