1 0.928646 0.163889 0.134375 0.0685185
0 0.2625 0.207407 0.0145833 0.062963
1 0.824479 0.111111 0.0302083 0.0444444
1 0.864062 0.137963 0.034375 0.0648148
0 0.844792 0.211111 0.0166667 0.0814815
1 0.798437 0.0935185 0.0364583 0.05
1 0.633854 0.0287037 0.028125 0.0462963
0 0.114583 0.232407 0.0166667 0.0796296
1 0.473437 0.0314815 0.0239583 0.0518519
0 0.191146 0.275 0.0177083 0.087037
0 0.830208 0.208333 0.0166667 0.087037
1 0.01875 0.281481 0.0375 0.0925926
1 0.568229 0.156481 0.040625 0.0611111
1 0.888542 0.157407 0.0520833 0.0777778
1 0.0479167 0.188889 0.0416667 0.062963
1 0.98125 0.235185 0.0375 0.111111
1 0.414062 0.133333 0.0427083 0.0703704
1 0.960938 0.175 0.078125 0.0648148
1 0.629167 0.180556 0.04375 0.0759259
1 0.296875 0.443519 0.1 0.138889
1 0.771875 0.519444 0.1125 0.161111
1 0.667708 0.285185 0.0666667 0.0962963
1 0.4125 0.597222 0.120833 0.205556
