0 0.255208 0.705556 0.0333333 0.188889
1 0.30625 0.196296 0.0729167 0.062963
1 0.241667 0.192593 0.05 0.0703704
1 0.351562 0.160185 0.040625 0.0574074
0 0.228125 0.366667 0.025 0.107407
1 0.783854 0.12963 0.0427083 0.0555556
0 0.286979 0.569444 0.0322917 0.12037
0 0.009375 0.635185 0.01875 0.1
0 0.279167 0.62963 0.03125 0.107407
1 0.725521 0.125926 0.0447917 0.0703704
0 0.0854167 0.825 0.0375 0.238889
0 0.171875 0.910185 0.0458333 0.17963
1 0.240625 0.272222 0.0520833 0.0851852
0 0.303646 0.565741 0.0260417 0.175926
1 0.21875 0.297222 0.06875 0.0833333
0 0.23125 0.750926 0.04375 0.227778
1 0.177083 0.35 0.0770833 0.111111
1 0.636979 0.133333 0.0385417 0.0555556
0 0.284375 0.737037 0.0333333 0.17037
1 0.853646 0.183333 0.053125 0.0851852
0 0.208333 0.885185 0.0479167 0.22963
1 0.126563 0.402778 0.090625 0.124074
1 0.349479 0.27963 0.0635417 0.0925926
1 0.078125 0.465741 0.0895833 0.135185
1 0.519792 0.187037 0.05 0.0703704
1 0.939583 0.302778 0.0833333 0.0981481
1 0.0364583 0.532407 0.0729167 0.168519
1 0.683854 0.261111 0.065625 0.1
1 0.779688 0.500926 0.107292 0.172222
1 0.610417 0.507407 0.1 0.177778
