0 0.970312 0.256481 0.021875 0.0462963
1 0.138021 0.192593 0.059375 0.0666667
1 0.427083 0.301852 0.15625 0.0962963
0 0.25 0.207407 0.0125 0.0592593
0 0.849479 0.226852 0.015625 0.0574074
1 0.4625 0.0944444 0.0291667 0.0444444
1 0.825521 0.115741 0.0239583 0.0425926
1 0.980208 0.218519 0.0375 0.0666667
1 0.796875 0.0972222 0.0333333 0.0462963
1 0.034375 0.332407 0.06875 0.0462963
1 0.48125 0.0185185 0.01875 0.0333333
1 0.317187 0.315741 0.0885417 0.116667
1 0.864062 0.138889 0.0322917 0.062963
1 0.367188 0.169444 0.040625 0.0611111
1 0.494792 0.1 0.03125 0.0592593
0 0.830208 0.212037 0.0166667 0.087037
1 0.2875 0.290741 0.0604167 0.1
0 0.191146 0.275926 0.0177083 0.0888889
1 0.0296875 0.264815 0.059375 0.0888889
1 0.888021 0.160185 0.0510417 0.0759259
1 0.960938 0.177778 0.078125 0.062963
1 0.698438 0.337963 0.0802083 0.135185
1 0.471875 0.308333 0.0666667 0.112963
1 0.384375 0.299074 0.0708333 0.0981481
1 0.273958 0.478704 0.0958333 0.161111
1 0.322917 0.356481 0.0791667 0.112963
