0 0.175521 0.362963 0.0135417 0.0555556
0 0.00833333 0.874074 0.0166667 0.111111
0 0.253125 0.381481 0.01875 0.0555556
1 0.694271 0.237963 0.021875 0.0314815
1 0.861979 0.308333 0.0385417 0.0648148
0 0.140104 0.405556 0.0177083 0.0703704
1 0.827604 0.287037 0.0322917 0.0444444
1 0.989062 0.411111 0.021875 0.0592593
1 0.332812 0.273148 0.0239583 0.0388889
1 0.510417 0.184259 0.0145833 0.0203704
1 0.891146 0.337963 0.046875 0.0537037
0 0.021875 0.951852 0.04375 0.0925926
0 0.0453125 0.938889 0.0322917 0.114815
1 0.967188 0.385185 0.065625 0.0740741
1 0.650521 0.22963 0.0239583 0.0296296
1 0.925 0.358333 0.0583333 0.0611111
1 0.233333 0.344444 0.0541667 0.0592593
