1 0.645833 0.0990741 0.0479167 0.0425926
1 0.166146 0.181481 0.105208 0.0740741
1 0.460417 0.101852 0.0541667 0.0592593
1 0.873958 0.15 0.05625 0.0481481
0 0.645833 0.232407 0.0166667 0.087037
1 0.979688 0.138889 0.040625 0.0481481
0 0.680729 0.225 0.0177083 0.0833333
0 0.668229 0.226852 0.015625 0.0833333
0 0.632812 0.232407 0.0177083 0.0907407
1 0.920313 0.144444 0.059375 0.0481481
1 0.578125 0.175926 0.08125 0.0777778
1 0.0520833 0.261111 0.102083 0.0962963
1 0.190104 0.239815 0.134375 0.101852
1 0.572917 0.863889 0.3625 0.268519
