0 0.465625 0.493519 0.0166667 0.0537037
0 0.325 0.491667 0.0166667 0.0425926
0 0.284375 0.505556 0.01875 0.062963
1 0.138021 0.50463 0.084375 0.0462963
1 0.107813 0.5 0.0552083 0.0407407
0 0.483854 0.484259 0.0135417 0.0611111
0 0.523438 0.487963 0.0177083 0.0648148
0 0.933333 0.426852 0.0104167 0.05
0 0.254167 0.511111 0.0145833 0.0592593
0 0.724479 0.462963 0.0177083 0.0592593
1 0.266146 0.497222 0.096875 0.0722222
0 0.0380208 0.512963 0.0135417 0.0777778
1 0.721354 0.534259 0.0885417 0.0685185
1 0.411458 0.756481 0.14375 0.135185
