1 0.497917 0.0907407 0.025 0.0481481
0 0.0994792 0.32963 0.021875 0.0888889
1 0.531771 0.0518519 0.0197917 0.0407407
1 0.948958 0.140741 0.0729167 0.062963
1 0.203125 0.210185 0.05625 0.0574074
0 0.991146 0.358333 0.0177083 0.142593
1 0.265625 0.174074 0.0354167 0.0481481
1 0.859375 0.139815 0.0520833 0.0574074
1 0.53125 0.108333 0.0270833 0.0425926
1 0.941146 0.185185 0.0614583 0.062963
1 0.629687 0.123148 0.0302083 0.0611111
1 0.0885417 0.299074 0.0729167 0.0722222
0 0.188542 0.262963 0.0145833 0.0666667
1 0.126042 0.272222 0.0520833 0.0703704
0 0.0463542 0.519444 0.0197917 0.138889
1 0.482812 0.137037 0.0322917 0.0444444
1 0.990104 0.237037 0.0197917 0.0444444
1 0.159375 0.200926 0.0541667 0.0648148
0 0.0609375 0.524074 0.028125 0.137037
0 0.170833 0.266667 0.01875 0.0703704
1 0.458854 0.180556 0.040625 0.0611111
1 0.510938 0.236111 0.0489583 0.0759259
0 0.961458 0.328704 0.0291667 0.124074
1 0.698958 0.230556 0.05 0.0796296
1 0.654167 0.152778 0.0395833 0.0722222
0 0.284896 0.275 0.0177083 0.0796296
0 0.0776042 0.465741 0.028125 0.131481
1 0.970833 0.208333 0.0583333 0.0648148
1 0.380729 0.239815 0.0510417 0.0722222
1 0.421354 0.284259 0.059375 0.0907407
1 0.731771 0.548148 0.117708 0.196296
1 0.0802083 0.807407 0.160417 0.277778
1 0.352083 0.463889 0.0958333 0.153704
1 0.308854 0.369444 0.084375 0.116667
