1 0.0583333 0.182407 0.0208333 0.0351852
0 0.453646 0.208333 0.015625 0.0611111
0 0.608854 0.241667 0.015625 0.0722222
0 0.574479 0.235185 0.015625 0.0666667
1 0.2 0.191667 0.0395833 0.0425926
0 0.65 0.257407 0.0145833 0.0740741
1 0.505208 0.107407 0.0520833 0.0444444
1 0.0260417 0.193519 0.0229167 0.0314815
1 0.855729 0.159259 0.065625 0.0555556
1 0.817187 0.161111 0.0489583 0.0592593
0 0.627083 0.249074 0.0166667 0.0759259
1 0.0979167 0.307407 0.0479167 0.0740741
1 0.0572917 0.237963 0.0354167 0.0611111
0 0.717188 0.273148 0.0177083 0.0907407
0 0.661458 0.263889 0.0145833 0.0759259
1 0.591667 0.198148 0.0479167 0.0518519
1 0.748438 0.234259 0.084375 0.0796296
1 0.975 0.162037 0.0479167 0.0833333
1 0.257292 0.256481 0.05625 0.0611111
1 0.321354 0.240741 0.0614583 0.0666667
1 0.171354 0.309259 0.0614583 0.0777778
1 0.833333 0.580556 0.252083 0.175926
1 0.354688 0.450926 0.123958 0.15
