1 0.807292 0.0657407 0.0145833 0.0203704
1 0.911458 0.0907407 0.0208333 0.0333333
1 0.942187 0.0574074 0.015625 0.0222222
1 0.73125 0.134259 0.0333333 0.0351852
1 0.920313 0.128704 0.021875 0.0388889
1 0.845833 0.12037 0.025 0.0333333
1 0.884375 0.0805556 0.0166667 0.0277778
1 0.964063 0.131481 0.028125 0.0481481
1 0.683854 0.124074 0.0260417 0.0296296
1 0.913542 0.160185 0.0291667 0.0425926
1 0.876562 0.132407 0.021875 0.0351852
1 0.878125 0.359259 0.0666667 0.103704
1 0.823958 0.160185 0.0291667 0.0388889
1 0.854688 0.17963 0.034375 0.0518519
1 0.648438 0.4 0.0822917 0.111111
1 0.534375 0.319444 0.0770833 0.087037
1 0.269792 0.462037 0.125 0.124074
