1 0.751562 0.122222 0.0260417 0.0333333
1 0.8625 0.114815 0.0208333 0.0296296
1 0.895312 0.115741 0.0177083 0.0314815
1 0.717708 0.14537 0.03125 0.0314815
0 0.0484375 0.087037 0.0302083 0.0407407
1 0.929688 0.128704 0.0239583 0.0351852
1 0.878646 0.142593 0.0239583 0.037037
1 0.828125 0.15463 0.0229167 0.0351852
1 0.238542 0.918519 0.25625 0.159259
1 0.400521 0.32037 0.0822917 0.0814815
1 0.976042 0.390741 0.0479167 0.0962963
1 0.726042 0.299074 0.0520833 0.0722222
1 0.855208 0.455556 0.0708333 0.111111
1 0.710938 0.474074 0.090625 0.125926
