0 0.190625 0.237037 0.0791667 0.0851852
0 0.185417 0.219444 0.0395833 0.0796296
0 0.60625 0.193519 0.04375 0.087037
1 0.115625 0.155556 0.10625 0.0777778
1 0.83125 0.112963 0.05 0.0481481
1 0.192188 0.242593 0.0802083 0.0777778
1 0.979688 0.0962963 0.040625 0.0407407
1 0.879687 0.106481 0.046875 0.0462963
1 0.416667 0.0685185 0.0541667 0.0592593
1 0.936458 0.102778 0.0583333 0.0462963
0 0.628646 0.191667 0.0177083 0.0907407
1 0.533333 0.142593 0.08125 0.0814815
0 0.592708 0.19537 0.0166667 0.0907407
1 0.142188 0.213889 0.138542 0.105556
1 0.0265625 0.233333 0.053125 0.0962963
