1 0.180208 0.288889 0.0395833 0.0925926
1 0.719792 0.0388889 0.03125 0.0518519
1 0.368229 0.121296 0.040625 0.0537037
0 0.146875 0.646296 0.0354167 0.181481
0 0.245312 0.422222 0.0302083 0.0814815
1 0.635938 0.0361111 0.0302083 0.0425926
1 0.263542 0.207407 0.0458333 0.0703704
1 0.21875 0.237963 0.102083 0.0944444
1 0.0328125 0.437963 0.065625 0.105556
1 0.640625 0.05 0.0354167 0.0518519
0 0.246875 0.478704 0.0333333 0.157407
0 0.0265625 0.819444 0.0489583 0.238889
1 0.575 0.0824074 0.0354167 0.0537037
1 0.764583 0.0712963 0.0375 0.0574074
1 0.336458 0.141667 0.05625 0.0648148
1 0.60625 0.12963 0.0354167 0.0740741
0 0.0557292 0.771296 0.0552083 0.205556
1 0.740625 0.109259 0.0458333 0.0666667
0 0.159896 0.626852 0.0322917 0.168519
0 0.125521 0.678704 0.0364583 0.175926
0 0.0916667 0.72963 0.0520833 0.188889
1 0.833333 0.107407 0.0520833 0.0740741
1 0.446354 0.17037 0.0677083 0.0703704
0 0.259375 0.394444 0.0291667 0.125926
0 0.302604 0.383333 0.0239583 0.118519
0 0.192708 0.515741 0.0333333 0.168519
1 0.568229 0.176852 0.0635417 0.138889
0 0.2375 0.497222 0.03125 0.153704
1 0.977083 0.207407 0.0458333 0.118519
1 0.0828125 0.376852 0.0822917 0.0944444
1 0.475 0.199074 0.0541667 0.0796296
1 0.138542 0.330556 0.0854167 0.105556
1 0.893229 0.210185 0.0760417 0.0981481
1 0.422917 0.608333 0.147917 0.287037
1 0.533854 0.32963 0.0760417 0.133333
1 0.639583 0.424074 0.09375 0.166667
1 0.585938 0.776852 0.159375 0.346296
