1 0.682813 0.156481 0.0322917 0.0388889
1 0.965625 0.0685185 0.0166667 0.0296296
1 0.858854 0.176852 0.028125 0.0462963
1 0.567708 0.205556 0.0416667 0.062963
1 0.73125 0.282407 0.0520833 0.0722222
1 0.603125 0.22037 0.0479167 0.0555556
1 0.889063 0.262037 0.0489583 0.0648148
1 0.976562 0.291667 0.0447917 0.0759259
1 0.778125 0.325 0.0583333 0.0796296
1 0.18125 0.393519 0.10625 0.0981481
1 0.460417 0.276852 0.0604167 0.0611111
1 0.849479 0.421296 0.0697917 0.12037
1 0.965625 0.475 0.06875 0.127778
1 0.624479 0.641667 0.142708 0.201852
1 0.554688 0.536111 0.121875 0.142593
1 0.151562 0.492593 0.146875 0.12963
1 0.0979167 0.716667 0.195833 0.240741
