1 0.330729 0.134259 0.0364583 0.0537037
1 0.720312 0.103704 0.0322917 0.0555556
1 0.673958 0.102778 0.0270833 0.0388889
1 0.320312 0.208333 0.053125 0.0722222
1 0.852083 0.116667 0.0375 0.0444444
1 0.904688 0.121296 0.040625 0.05
0 0.3625 0.496296 0.025 0.125926
0 0.340104 0.528704 0.028125 0.0981481
0 0.305729 0.62037 0.028125 0.162963
0 0.0307292 0.392593 0.028125 0.118519
0 0.909375 0.184259 0.01875 0.0722222
0 0.411458 0.209259 0.01875 0.0666667
1 0.966146 0.119444 0.0427083 0.0462963
1 0.785937 0.188889 0.0510417 0.062963
1 0.284896 0.24537 0.059375 0.0759259
1 0.642708 0.167593 0.0375 0.0611111
1 0.696875 0.269444 0.0583333 0.109259
0 0.340625 0.64537 0.0333333 0.194444
1 0.98125 0.163889 0.0375 0.0537037
1 0.216146 0.325 0.0635417 0.0981481
1 0.251042 0.282407 0.0645833 0.087037
1 0.530208 0.230556 0.04375 0.0796296
1 0.0442708 0.543519 0.0885417 0.183333
1 0.616146 0.286111 0.0572917 0.0981481
1 0.165625 0.375 0.0979167 0.124074
1 0.648438 0.648148 0.119792 0.240741
