1 0.692708 0.0490741 0.0208333 0.0277778
1 0.454688 0.0768519 0.0260417 0.0388889
1 0.803125 0.0935185 0.0395833 0.0462963
1 0.358854 0.102778 0.028125 0.0537037
0 0.0104167 0.535185 0.0208333 0.151852
1 0.232812 0.157407 0.0489583 0.0666667
1 0.261458 0.114815 0.04375 0.062963
1 0.427083 0.127778 0.0354167 0.0555556
0 0.0979167 0.426852 0.0270833 0.105556
1 0.310417 0.0824074 0.05 0.0574074
1 0.565625 0.0324074 0.01875 0.0277778
1 0.675 0.0935185 0.0291667 0.0277778
1 0.421354 0.181481 0.0489583 0.062963
0 0.159375 0.362037 0.0208333 0.109259
0 0.065625 0.463889 0.025 0.116667
