1 0.977604 0.958333 0.0447917 0.0796296
1 0.317708 0.148148 0.0333333 0.037037
1 0.972917 0.218519 0.0541667 0.0518519
1 0.585417 0.0472222 0.0208333 0.0351852
0 0.944271 0.258333 0.040625 0.0759259
1 0.986458 0.148148 0.0270833 0.0592593
1 0.0572917 0.273148 0.0708333 0.0833333
1 0.570833 0.0648148 0.0166667 0.0259259
0 0.0817708 0.363889 0.0239583 0.087037
1 0.284375 0.183333 0.0291667 0.0518519
0 0.980729 0.361111 0.0322917 0.114815
1 0.295833 0.165741 0.03125 0.0388889
1 0.950521 0.158333 0.0760417 0.0611111
1 0.857813 0.156481 0.0510417 0.0611111
1 0.618229 0.0666667 0.0177083 0.0296296
1 0.488021 0.107407 0.028125 0.0703704
1 0.238542 0.211111 0.0395833 0.0518519
1 0.654688 0.146296 0.0302083 0.0481481
1 0.159375 0.223148 0.0541667 0.0611111
0 0.93125 0.264815 0.01875 0.0592593
1 0.578646 0.107407 0.0239583 0.0444444
1 0.939583 0.203704 0.0645833 0.062963
0 0.958333 0.249074 0.01875 0.0907407
1 0.263021 0.194444 0.034375 0.0518519
1 0.0890625 0.325 0.0739583 0.0796296
1 0.463542 0.165741 0.0375 0.0574074
1 0.123958 0.296296 0.0541667 0.0703704
1 0.203125 0.233333 0.0604167 0.0592593
0 0.0135417 0.527778 0.0270833 0.125926
0 0.0755208 0.487963 0.0302083 0.138889
0 0.053125 0.544444 0.0333333 0.140741
1 0.672917 0.243519 0.0541667 0.0833333
1 0.714583 0.687037 0.141667 0.225926
1 0.715104 0.374074 0.0760417 0.111111
