0 0.636979 0.215741 0.0447917 0.0907407
1 0.334375 0.219444 0.172917 0.0796296
1 0.630208 0.0824074 0.0354167 0.0388889
1 0.902083 0.121296 0.0583333 0.0537037
1 0.855208 0.125926 0.05625 0.0518519
1 0.0208333 0.300926 0.0416667 0.124074
1 0.970312 0.111111 0.059375 0.0518519
0 0.81875 0.169444 0.0166667 0.0796296
1 0.155208 0.180556 0.116667 0.0833333
1 0.557292 0.161111 0.0875 0.0777778
0 0.654167 0.211111 0.0145833 0.0888889
1 0.442708 0.0925926 0.0520833 0.0592593
0 0.622396 0.217593 0.015625 0.0944444
1 0.0427083 0.261111 0.0833333 0.0888889
1 0.173958 0.238889 0.1375 0.107407
1 0.934896 0.235185 0.103125 0.0962963
1 0.751562 0.37963 0.190625 0.140741
