1 0.991667 0.231481 0.0166667 0.0407407
1 0.472396 0.0759259 0.021875 0.0296296
1 0.626042 0.0833333 0.04375 0.1
1 0.267708 0.168519 0.0375 0.0481481
1 0.530208 0.119444 0.03125 0.0462963
1 0.31875 0.17037 0.0333333 0.0555556
0 0.108333 0.310185 0.0208333 0.087037
1 0.580729 0.0981481 0.0302083 0.062963
0 0.992188 0.359259 0.015625 0.122222
0 0.161979 0.253704 0.021875 0.0703704
1 0.0661458 0.260185 0.046875 0.0685185
1 0.491667 0.0972222 0.0270833 0.0425926
1 0.945312 0.183333 0.0635417 0.062963
1 0.0661458 0.335185 0.034375 0.0777778
1 0.861458 0.135185 0.0520833 0.0592593
1 0.158333 0.198148 0.04375 0.0666667
1 0.953646 0.135185 0.0760417 0.0592593
1 0.126563 0.272222 0.046875 0.0740741
1 0.208854 0.206481 0.0614583 0.0611111
0 0.05 0.515741 0.0208333 0.138889
1 0.454167 0.15 0.0333333 0.0518519
1 0.694271 0.213889 0.059375 0.116667
1 0.0921875 0.301852 0.059375 0.0814815
1 0.643229 0.134259 0.034375 0.0574074
0 0.964583 0.325 0.0270833 0.116667
0 0.0671875 0.521296 0.028125 0.135185
1 0.972917 0.200926 0.0541667 0.0611111
1 0.335417 0.227778 0.0479167 0.0740741
1 0.515104 0.161111 0.034375 0.0555556
0 0.252083 0.332407 0.0208333 0.0907407
0 0.0796875 0.461111 0.028125 0.133333
1 0.379167 0.249074 0.0520833 0.0796296
1 0.43125 0.266667 0.0541667 0.0851852
1 0.765104 0.305556 0.065625 0.1
1 0.479167 0.472222 0.104167 0.218519
1 0.868229 0.612037 0.142708 0.201852
