1 0.160417 0.175 0.116667 0.0759259
1 0.636458 0.0805556 0.0375 0.0425926
1 0.955208 0.113889 0.0395833 0.0425926
0 0.639583 0.208333 0.0145833 0.087037
1 0.911458 0.12037 0.0604167 0.0518519
1 0.864062 0.125 0.0572917 0.0462963
1 0.979688 0.113889 0.040625 0.05
1 0.452083 0.087037 0.0541667 0.0592593
0 0.661458 0.208333 0.0145833 0.0907407
0 0.627083 0.217593 0.01875 0.0944444
1 0.565104 0.159259 0.0822917 0.0777778
1 0.182812 0.22963 0.136458 0.107407
1 0.0473958 0.257407 0.0927083 0.0962963
1 0.846354 0.281481 0.132292 0.118519
1 0.807292 0.589815 0.216667 0.246296
1 0.436458 0.434259 0.233333 0.22037
