1 0.804688 0.0935185 0.0427083 0.0537037
1 0.345313 0.115741 0.0385417 0.0388889
1 0.317708 0.0842593 0.04375 0.0537037
0 0.838542 0.249074 0.0145833 0.0759259
1 0.586979 0.0157407 0.0260417 0.0240741
1 0.679167 0.0925926 0.03125 0.0296296
1 0.403125 0.121296 0.03125 0.05
1 0.357292 0.109259 0.0520833 0.0444444
1 0.426042 0.087963 0.0291667 0.0425926
1 0.492708 0.0796296 0.03125 0.0407407
0 0.00989583 0.556481 0.0197917 0.138889
0 0.113542 0.428704 0.0208333 0.0944444
1 0.446875 0.164815 0.0354167 0.0592593
0 0.928646 0.348148 0.0239583 0.107407
0 0.0739583 0.471296 0.03125 0.116667
