1 0.891667 0.223148 0.102083 0.0648148
1 0.313021 0.106481 0.0364583 0.0314815
1 0.869271 0.123148 0.059375 0.0574074
1 0.0791667 0.105556 0.01875 0.0259259
1 0.743229 0.118519 0.040625 0.0444444
1 0.417188 0.122222 0.0510417 0.0407407
1 0.75625 0.194444 0.0895833 0.0740741
0 0.632812 0.205556 0.015625 0.0703704
1 0.515625 0.0666667 0.06875 0.0407407
1 0.015625 0.133333 0.025 0.0333333
1 0.489583 0.697222 0.204167 0.37963
1 0.822917 0.125 0.0541667 0.0648148
1 0.139583 0.112963 0.0229167 0.0296296
1 0.556771 0.146296 0.0677083 0.0592593
1 0.0390625 0.123148 0.0197917 0.0240741
0 0.666146 0.219444 0.0135417 0.0759259
0 0.74375 0.237963 0.025 0.0907407
0 0.607292 0.20463 0.0166667 0.0759259
1 0.595833 0.158333 0.05 0.05
1 0.978646 0.12963 0.0427083 0.0703704
1 0.20625 0.15 0.0354167 0.0444444
1 0.0359375 0.169444 0.0302083 0.0425926
1 0.08125 0.224074 0.0458333 0.062963
1 0.115625 0.318519 0.0770833 0.111111
