1 0.216667 0.323148 0.102083 0.0944444
1 0.3875 0.184259 0.03125 0.05
0 0.311979 0.27963 0.0177083 0.0740741
1 0.177083 0.365741 0.0375 0.0981481
1 0.640625 0.0472222 0.0166667 0.0277778
0 0.292188 0.373148 0.021875 0.0796296
1 0.984896 0.126852 0.0302083 0.0462963
0 0.046875 0.850926 0.0375 0.212963
1 0.248958 0.315741 0.04375 0.0833333
0 0.0890625 0.802778 0.046875 0.198148
1 0.59375 0.114815 0.0375 0.0481481
1 0.286458 0.218519 0.04375 0.0592593
0 0.0213542 0.886111 0.0427083 0.227778
0 0.120833 0.756481 0.03125 0.187037
1 0.972917 0.112037 0.0354167 0.0462963
0 0.257812 0.475926 0.0260417 0.12963
1 0.586979 0.149074 0.040625 0.05
1 0.267188 0.289815 0.0489583 0.0759259
0 0.230208 0.578704 0.025 0.153704
0 0.196354 0.592593 0.0364583 0.159259
1 0.742708 0.0972222 0.0270833 0.0425926
1 0.646875 0.115741 0.0270833 0.05
0 0.298958 0.459259 0.03125 0.114815
1 0.0322917 0.507407 0.0645833 0.107407
0 0.252604 0.605556 0.0302083 0.148148
1 0.0802083 0.450926 0.0791667 0.0944444
1 0.764063 0.153704 0.0385417 0.0592593
1 0.1375 0.411111 0.0833333 0.107407
1 0.591146 0.206481 0.040625 0.0685185
1 0.627083 0.937963 0.16875 0.12037
1 0.640104 0.174074 0.0364583 0.0555556
1 0.552604 0.316667 0.0614583 0.0962963
1 0.422917 0.487963 0.09375 0.15
1 0.333854 0.79537 0.184375 0.287037
