0 0.167187 0.762963 0.0260417 0.0814815
1 0.708333 0.012037 0.0208333 0.0240741
1 0.321354 0.157407 0.040625 0.062963
0 0.172396 0.913889 0.0489583 0.172222
1 0.23125 0.174074 0.0416667 0.062963
1 0.990625 0.0925926 0.01875 0.0518519
1 0.341146 0.139815 0.0385417 0.0574074
0 0.141667 0.937963 0.0541667 0.12037
1 0.603646 0.0342593 0.0260417 0.0388889
0 0.0364583 0.873148 0.0354167 0.105556
1 0.286979 0.178704 0.0635417 0.0648148
0 0.206771 0.372222 0.028125 0.114815
0 0.14375 0.448148 0.0270833 0.114815
0 0.202604 0.861111 0.0364583 0.207407
1 0.573958 0.0481481 0.0333333 0.0444444
0 0.0791667 0.846296 0.03125 0.203704
0 0.310937 0.578704 0.0364583 0.172222
1 0.734896 0.0416667 0.0302083 0.0462963
1 0.230729 0.251852 0.053125 0.0814815
1 0.574479 0.0981481 0.034375 0.062963
1 0.208854 0.286111 0.0677083 0.0944444
1 0.644792 0.152778 0.0458333 0.0685185
1 0.0677083 0.447222 0.0916667 0.131481
1 0.168229 0.332407 0.0802083 0.112963
1 0.45 0.217593 0.0916667 0.105556
1 0.117708 0.384259 0.09375 0.124074
1 0.0322917 0.518519 0.0645833 0.177778
1 0.523958 0.348148 0.0895833 0.162963
1 0.672396 0.538889 0.113542 0.196296
