1 0.641667 0.0425926 0.0208333 0.037037
1 0.286979 0.180556 0.0489583 0.0611111
1 0.645312 0.0824074 0.028125 0.0314815
1 0.384375 0.140741 0.03125 0.037037
0 0.254167 0.437963 0.0270833 0.124074
0 0.0864583 0.772222 0.0541667 0.196296
1 0.563021 0.087037 0.028125 0.0481481
1 0.172396 0.331481 0.040625 0.0962963
1 0.971354 0.0666667 0.034375 0.0444444
0 0.244271 0.494444 0.0302083 0.137037
1 0.981771 0.0814815 0.034375 0.0481481
1 0.0807292 0.417593 0.084375 0.0907407
1 0.575521 0.0398148 0.0197917 0.0351852
1 0.33125 0.182407 0.0520833 0.0611111
1 0.609896 0.0768519 0.028125 0.0388889
0 0.0463542 0.815741 0.0427083 0.212963
0 0.0208333 0.862037 0.0416667 0.246296
1 0.259896 0.249074 0.053125 0.0685185
1 0.588542 0.125 0.0395833 0.0796296
0 0.230208 0.54537 0.03125 0.146296
1 0.405729 0.165741 0.0447917 0.0537037
0 0.295833 0.421296 0.03125 0.112963
1 0.645312 0.137037 0.0385417 0.0740741
1 0.0307292 0.476852 0.0614583 0.105556
1 0.133854 0.371296 0.0864583 0.101852
0 0.120312 0.719444 0.034375 0.183333
0 0.194271 0.561111 0.0322917 0.155556
1 0.578646 0.178704 0.0447917 0.0685185
1 0.627083 0.892593 0.164583 0.211111
1 0.521354 0.258333 0.0614583 0.0907407
1 0.495833 0.405556 0.0916667 0.151852
1 0.864583 0.266667 0.0791667 0.1
1 0.36875 0.839815 0.172917 0.312963
