1 0.969792 0.0916667 0.0354167 0.05
1 0.365625 0.125 0.0375 0.05
0 0.282292 0.7 0.0333333 0.151852
0 0.208854 0.860185 0.040625 0.190741
0 0.234375 0.842593 0.0375 0.207407
1 0.298958 0.192593 0.0583333 0.0592593
0 0.338021 0.482407 0.034375 0.12037
1 0.330208 0.171296 0.0416667 0.0574074
0 0.149479 0.947222 0.0510417 0.105556
1 0.350521 0.148148 0.0385417 0.0555556
1 0.239583 0.265741 0.05 0.0833333
0 0.0880208 0.860185 0.028125 0.190741
0 0.268229 0.821296 0.0364583 0.212963
0 0.0557292 0.887037 0.0447917 0.114815
0 0.143229 0.434259 0.028125 0.131481
0 0.186458 0.924074 0.0520833 0.151852
1 0.939583 0.109259 0.0458333 0.0555556
1 0.691667 0.0824074 0.0354167 0.0537037
1 0.219271 0.298148 0.0677083 0.0925926
1 0.125521 0.387037 0.0927083 0.0962963
1 0.523438 0.118519 0.0364583 0.0666667
1 0.752604 0.0990741 0.0364583 0.05
1 0.0760417 0.462037 0.0895833 0.135185
1 0.175 0.343519 0.0833333 0.109259
1 0.0359375 0.533333 0.071875 0.177778
1 0.653125 0.578704 0.116667 0.198148
