0 0.815104 0.159259 0.0177083 0.0925926
1 0.620833 0.0805556 0.05 0.0425926
0 0.301042 0.249074 0.0333333 0.0833333
1 0.545833 0.943519 0.308333 0.101852
1 0.853646 0.124074 0.0572917 0.0481481
1 0.901042 0.117593 0.0625 0.05
1 0.555729 0.159259 0.084375 0.0814815
0 0.648438 0.207407 0.0135417 0.0888889
1 0.439063 0.0888889 0.0552083 0.0592593
0 0.615625 0.206481 0.0208333 0.0981481
1 0.16875 0.235185 0.139583 0.107407
1 0.0401042 0.260185 0.0802083 0.0944444
1 0.693229 0.646296 0.251042 0.266667
