1 0.519792 0.174074 0.0166667 0.037037
0 0.120833 0.39537 0.0166667 0.0574074
0 0.504687 0.24537 0.009375 0.0314815
0 0.178646 0.365741 0.0135417 0.0537037
1 0.523958 0.211111 0.01875 0.0259259
1 0.89375 0.341667 0.0375 0.0537037
0 0.228125 0.39537 0.01875 0.0574074
0 0.144792 0.413889 0.0145833 0.0648148
1 0.576042 0.190741 0.0229167 0.037037
0 0.856771 0.365741 0.0135417 0.0611111
1 0.527083 0.296296 0.0333333 0.0518519
1 0.533854 0.267593 0.0302083 0.0388889
1 0.652604 0.232407 0.021875 0.0314815
1 0.234375 0.351852 0.0625 0.062963
1 0.96875 0.392593 0.0625 0.0777778
1 0.927083 0.362963 0.05625 0.0592593
1 0.459896 0.315741 0.034375 0.0611111
1 0.477604 0.5 0.0677083 0.118519
