1 0.0536458 0.387037 0.046875 0.0481481
0 0.867188 0.478704 0.0260417 0.0648148
1 0.29375 0.311111 0.03125 0.0444444
0 0.555208 0.24537 0.00625 0.0240741
1 0.76875 0.339815 0.0354167 0.0388889
1 0.901042 0.425 0.08125 0.0833333
1 0.481771 0.227778 0.0114583 0.0222222
1 0.271354 0.328704 0.0385417 0.0462963
1 0.854167 0.402778 0.05625 0.0537037
1 0.113542 0.435185 0.08125 0.0888889
1 0.59375 0.281481 0.0229167 0.037037
1 0.986458 0.556481 0.0270833 0.087037
1 0.976562 0.505556 0.046875 0.0666667
1 0.944792 0.471296 0.0916667 0.087037
1 0.244271 0.347222 0.040625 0.05
1 0.0125 0.535185 0.025 0.0814815
1 0.213021 0.366667 0.0489583 0.0555556
1 0.581771 0.493519 0.0552083 0.0944444
