1 0.7 0.0546296 0.03125 0.0425926
1 0.311979 0.0953704 0.0447917 0.0537037
1 0.390104 0.125926 0.0677083 0.0518519
1 0.649479 0.0361111 0.028125 0.0388889
1 0.983854 0.0481481 0.0322917 0.0444444
0 0.345833 0.434259 0.0291667 0.17963
1 0.034375 0.315741 0.06875 0.12037
1 0.946354 0.0527778 0.0447917 0.0425926
1 0.989062 0.113889 0.021875 0.0425926
1 0.60625 0.062963 0.0291667 0.0481481
1 0.509375 0.17963 0.0458333 0.0555556
0 0.294271 0.563889 0.0322917 0.190741
1 0.776042 0.0990741 0.04375 0.0611111
0 0.149479 0.405556 0.028125 0.107407
1 0.59375 0.105556 0.04375 0.0666667
1 0.295312 0.177778 0.046875 0.0703704
1 0.265104 0.210185 0.0552083 0.0759259
1 0.969792 0.0972222 0.0541667 0.0537037
0 0.890104 0.116667 0.015625 0.0740741
0 0.326042 0.524074 0.0333333 0.166667
0 0.218229 0.381481 0.028125 0.0814815
1 0.58125 0.209259 0.0541667 0.0925926
1 0.544271 0.25 0.084375 0.137037
1 0.195833 0.292593 0.0666667 0.1
1 0.686979 0.256481 0.0760417 0.124074
1 0.146354 0.343519 0.096875 0.124074
0 0.366146 0.374074 0.028125 0.133333
1 0.232812 0.247222 0.065625 0.0833333
1 0.0364583 0.522222 0.0729167 0.185185
1 0.922396 0.371296 0.128125 0.161111
1 0.616146 0.37963 0.0802083 0.148148
