1 0.527083 0.0518519 0.04375 0.0925926
0 0.166667 0.776852 0.0270833 0.109259
1 0.286979 0.176852 0.0614583 0.0611111
0 0.175 0.913889 0.0604167 0.172222
1 0.358333 0.115741 0.0416667 0.0537037
0 0.141146 0.937963 0.0552083 0.124074
1 0.947917 0.0740741 0.0416667 0.0481481
0 0.201042 0.857407 0.0375 0.207407
1 0.339063 0.138889 0.034375 0.0592593
0 0.213021 0.362963 0.0260417 0.122222
1 0.972917 0.087037 0.0479167 0.0444444
1 0.990625 0.0944444 0.01875 0.0481481
1 0.320833 0.158333 0.0395833 0.0611111
1 0.572396 0.0462963 0.0322917 0.0444444
0 0.034375 0.877778 0.0354167 0.118519
0 0.153646 0.433333 0.028125 0.111111
1 0.601562 0.0305556 0.0239583 0.0388889
1 0.706771 0.012037 0.0197917 0.0240741
0 0.0760417 0.846296 0.0291667 0.192593
0 0.308854 0.573148 0.0364583 0.17963
1 0.228646 0.250926 0.053125 0.0796296
1 0.735417 0.0425926 0.0291667 0.0444444
1 0.572396 0.0925926 0.034375 0.062963
1 0.206771 0.278704 0.065625 0.0833333
1 0.115625 0.385185 0.09375 0.12963
1 0.0651042 0.448148 0.0927083 0.12963
1 0.640104 0.144444 0.0447917 0.0703704
1 0.166146 0.331481 0.0802083 0.111111
1 0.442187 0.214815 0.0947917 0.107407
1 0.03125 0.518519 0.0625 0.177778
1 0.663542 0.498148 0.10625 0.177778
1 0.519271 0.335185 0.0864583 0.155556
