1 0.224479 0.210185 0.059375 0.0981481
0 0.065625 0.174074 0.0104167 0.0518519
1 0.248437 0.25463 0.0427083 0.0722222
1 0.518229 0.261111 0.0822917 0.111111
1 0.694271 0.230556 0.107292 0.0907407
1 0.302083 0.283333 0.0791667 0.107407
1 0.895833 0.285185 0.160417 0.140741
1 0.952604 0.482407 0.0947917 0.17963
1 0.632812 0.325926 0.132292 0.111111
1 0.835417 0.511111 0.179167 0.218519
1 0.808854 0.39537 0.167708 0.116667
1 0.361979 0.337963 0.0760417 0.101852
1 0.966146 0.648148 0.0677083 0.155556
1 0.4375 0.399074 0.114583 0.131481
1 0.650521 0.434259 0.167708 0.146296
1 0.594271 0.514815 0.159375 0.174074
1 0.828646 0.685185 0.278125 0.340741
