1 0.860937 0.185185 0.0447917 0.037037
1 0.671354 0.252778 0.0364583 0.0425926
1 0.99375 0.196296 0.0125 0.0296296
1 0.642708 0.265741 0.0354167 0.0388889
0 0.0864583 0.455556 0.0229167 0.0666667
1 0.410937 0.35 0.0739583 0.0703704
0 0.0260417 0.377778 0.025 0.103704
1 0.608854 0.27963 0.040625 0.0444444
1 0.959375 0.211111 0.01875 0.0259259
1 0.571875 0.29537 0.0458333 0.0462963
1 0.978125 0.265741 0.0291667 0.0462963
1 0.35 0.387037 0.0520833 0.0703704
1 0.922396 0.280556 0.034375 0.0462963
1 0.530208 0.308333 0.0479167 0.0462963
1 0.173438 0.400926 0.059375 0.0611111
1 0.839063 0.403704 0.065625 0.0814815
1 0.874479 0.307407 0.046875 0.0518519
1 0.265104 0.418519 0.096875 0.0777778
