0 0.140104 0.976852 0.0302083 0.0462963
0 0.300521 0.55463 0.0197917 0.0833333
1 0.391146 0.15463 0.0447917 0.0462963
1 0.371875 0.181481 0.0458333 0.0481481
1 0.584375 0.219444 0.0395833 0.127778
0 0.264062 0.796296 0.040625 0.17037
0 0.0755208 0.910185 0.0302083 0.175926
1 0.60625 0.133333 0.0270833 0.037037
1 0.345833 0.212037 0.0395833 0.0574074
1 0.739062 0.161111 0.034375 0.0444444
1 0.329688 0.230556 0.0302083 0.0574074
1 0.561458 0.121296 0.0229167 0.0388889
1 0.776042 0.199074 0.0416667 0.0759259
0 0.235417 0.830556 0.0458333 0.198148
1 0.468229 0.242593 0.103125 0.0962963
0 0.201042 0.912963 0.0416667 0.17037
0 0.0260417 0.936111 0.0520833 0.112963
1 0.375521 0.244444 0.040625 0.062963
1 0.580729 0.183333 0.0302083 0.0703704
1 0.623958 0.159259 0.03125 0.0518519
0 0.311458 0.652778 0.0333333 0.172222
1 0.211458 0.351852 0.0708333 0.0888889
1 0.233854 0.321296 0.0489583 0.0833333
1 0.844271 0.207407 0.040625 0.0592593
0 0.345833 0.54537 0.025 0.135185
1 0.915625 0.346296 0.0791667 0.0925926
1 0.0677083 0.513889 0.0916667 0.135185
1 0.16875 0.401852 0.0791667 0.111111
1 0.590104 0.250926 0.0447917 0.0722222
1 0.118229 0.451852 0.090625 0.122222
1 0.925521 0.422222 0.096875 0.122222
1 0.0322917 0.587963 0.0645833 0.17963
1 0.905208 0.882407 0.189583 0.227778
1 0.644271 0.62037 0.113542 0.196296
