1 0.420833 0.135185 0.025 0.0333333
1 0.0484375 0.0388889 0.0489583 0.0407407
1 0.745833 0.197222 0.0354167 0.0462963
1 0.622917 0.157407 0.0270833 0.0444444
1 0.452083 0.14537 0.0229167 0.0351852
1 0.679167 0.175 0.0333333 0.05
1 0.338542 0.227778 0.0375 0.0481481
1 0.500521 0.114815 0.0260417 0.0481481
1 0.479688 0.163889 0.028125 0.0425926
1 0.349479 0.289815 0.053125 0.0685185
1 0.642187 0.235185 0.0427083 0.0703704
1 0.245312 0.318519 0.0572917 0.0703704
1 0.958854 0.477778 0.0822917 0.118519
1 0.802083 0.940741 0.152083 0.114815
1 0.210417 0.448148 0.0875 0.125926
1 0.4375 0.415741 0.0625 0.101852
1 0.701042 0.525 0.08125 0.124074
1 0.897396 0.655556 0.128125 0.166667
1 0.384896 0.662037 0.101042 0.17963
