1 0.353125 0.123148 0.0541667 0.0648148
1 0.0270833 0.0481481 0.0208333 0.0222222
1 0.428125 0.176852 0.0583333 0.0462963
1 0.065625 0.0777778 0.0270833 0.0407407
1 0.484896 0.122222 0.078125 0.0666667
1 0.18125 0.125 0.04375 0.0796296
1 0.0885417 0.107407 0.0333333 0.0481481
1 0.0354167 0.110185 0.03125 0.0462963
1 0.636979 0.159259 0.0572917 0.062963
1 0.627604 0.276852 0.0822917 0.0759259
1 0.528646 0.188889 0.0677083 0.0703704
1 0.590625 0.187037 0.06875 0.062963
1 0.204688 0.24537 0.0552083 0.0759259
1 0.40625 0.330556 0.09375 0.112963
1 0.390625 0.735185 0.172917 0.27037
1 0.804167 0.676852 0.214583 0.238889
