1 0.601562 0.138889 0.0427083 0.0444444
1 0.870313 0.0222222 0.015625 0.0296296
1 0.646875 0.0824074 0.0333333 0.0388889
1 0.00416667 0.642593 0.00833333 0.0777778
1 0.927604 0.0185185 0.0177083 0.0333333
1 0.698438 0.0935185 0.0322917 0.05
1 0.892708 0.0361111 0.01875 0.0277778
1 0.8375 0.0694444 0.0229167 0.0351852
1 0.507812 0.291667 0.0760417 0.0907407
1 0.924479 0.108333 0.0302083 0.0462963
1 0.24375 0.35 0.135417 0.17037
1 0.852604 0.116667 0.028125 0.0481481
1 0.559896 0.184259 0.0510417 0.0648148
1 0.360938 0.246296 0.071875 0.0703704
1 0.740104 0.20463 0.0489583 0.0611111
1 0.822917 0.203704 0.0479167 0.0740741
1 0.417188 0.299074 0.0802083 0.0907407
1 0.234896 0.514815 0.148958 0.177778
1 0.830208 0.442593 0.08125 0.133333
1 0.065625 0.439815 0.13125 0.135185
