0 0.241146 0.850926 0.040625 0.187037
1 0.201562 0.351852 0.078125 0.118519
0 0.180208 0.921296 0.04375 0.157407
0 0.255208 0.799074 0.0375 0.183333
1 0.239583 0.209259 0.0458333 0.062963
1 0.366667 0.152778 0.0354167 0.0537037
1 0.301042 0.215741 0.0583333 0.0611111
1 0.240104 0.281481 0.0510417 0.0740741
1 0.332292 0.193519 0.0395833 0.0537037
1 0.351562 0.172222 0.0364583 0.0555556
1 0.546354 0.0537037 0.0197917 0.0296296
0 0.319792 0.613889 0.0333333 0.172222
0 0.243229 0.338889 0.0239583 0.111111
0 0.0510417 0.92037 0.05625 0.12963
0 0.084375 0.887963 0.0354167 0.175926
1 0.593229 0.107407 0.028125 0.0407407
0 0.208854 0.891667 0.0385417 0.212963
0 0.144792 0.955556 0.0479167 0.0888889
1 0.6125 0.0685185 0.0229167 0.0333333
1 0.571875 0.0768519 0.025 0.0351852
1 0.214583 0.316667 0.0645833 0.0888889
0 0.229687 0.433333 0.028125 0.0740741
1 0.539062 0.130556 0.0302083 0.05
1 0.0770833 0.476852 0.0895833 0.135185
1 0.177083 0.364815 0.0833333 0.111111
1 0.0359375 0.549074 0.071875 0.175926
1 0.579167 0.175 0.0375 0.0648148
1 0.126042 0.417593 0.0895833 0.124074
1 0.633333 0.147222 0.0375 0.0574074
1 0.585417 0.319444 0.0625 0.105556
1 0.709896 0.364815 0.0760417 0.125926
