0 0.0161458 0.473148 0.0302083 0.087037
1 0.0307292 0.368519 0.0552083 0.0814815
1 0.0989583 0.262037 0.0145833 0.0351852
1 0.204688 0.161111 0.0197917 0.0222222
1 0.657292 0.244444 0.0520833 0.0518519
1 0.609896 0.237037 0.046875 0.0407407
1 0.927604 0.323148 0.090625 0.0685185
1 0.0411458 0.225926 0.0239583 0.037037
1 0.0546875 0.287037 0.0364583 0.0666667
1 0.715104 0.257407 0.0739583 0.0592593
1 0.567187 0.225 0.0510417 0.0388889
0 0.184375 0.341667 0.01875 0.0722222
1 0.392708 0.216667 0.0416667 0.037037
1 0.847917 0.300926 0.0979167 0.0574074
1 0.830208 0.444444 0.158333 0.103704
1 0.531771 0.357407 0.078125 0.111111
1 0.708333 0.539815 0.170833 0.157407
