1 0.332292 0.291667 0.0375 0.0537037
1 0.483333 0.214815 0.0104167 0.0185185
1 0.605208 0.253704 0.0125 0.0259259
1 0.0541667 0.386111 0.0479167 0.0462963
1 0.820833 0.373148 0.0479167 0.0537037
0 0.556771 0.265741 0.00729167 0.0314815
1 0.296354 0.308333 0.0364583 0.0425926
1 0.271354 0.326852 0.0364583 0.0462963
0 0.2125 0.424074 0.0166667 0.0555556
1 0.114063 0.434259 0.084375 0.0907407
1 0.854167 0.401852 0.05625 0.0555556
1 0.986458 0.55463 0.0270833 0.0981481
1 0.976562 0.503704 0.046875 0.0666667
1 0.944792 0.469444 0.0916667 0.087037
1 0.900521 0.425 0.0802083 0.0833333
1 0.595833 0.287963 0.025 0.0351852
1 0.244271 0.34537 0.0427083 0.05
1 0.213542 0.365741 0.0520833 0.0537037
1 0.0125 0.535185 0.025 0.0814815
