1 0.740104 0.107407 0.040625 0.0555556
0 0.708333 0.233333 0.01875 0.0925926
1 0.584896 0.151852 0.132292 0.0851852
1 0.0260417 0.062963 0.0458333 0.0518519
1 0.0916667 0.108333 0.0270833 0.0351852
1 0.7875 0.106481 0.0895833 0.0611111
1 0.690104 0.1 0.0364583 0.0407407
1 0.845312 0.212037 0.111458 0.0722222
1 0.707812 0.668519 0.0760417 0.155556
1 0.544271 0.144444 0.0489583 0.0555556
1 0.464063 0.0527778 0.0697917 0.0462963
1 0.920833 0.112963 0.05 0.0777778
0 0.578125 0.193519 0.0145833 0.0759259
1 0.0723958 0.2 0.046875 0.062963
1 0.0130208 0.197222 0.0260417 0.0611111
1 0.7 0.176852 0.0895833 0.0722222
1 0.208333 0.301852 0.0833333 0.107407
1 0.232812 0.511111 0.134375 0.207407
