1 0.351562 0.169444 0.040625 0.0537037
1 0.311458 0.216667 0.0479167 0.0592593
1 0.364062 0.151852 0.0385417 0.0481481
0 0.179688 0.902778 0.053125 0.190741
1 0.611979 0.12037 0.0322917 0.062963
0 0.248437 0.80463 0.034375 0.183333
0 0.313021 0.613889 0.040625 0.168519
0 0.0791667 0.886111 0.0395833 0.17963
0 0.141146 0.957407 0.0447917 0.0851852
1 0.535417 0.112963 0.03125 0.0518519
1 0.234896 0.291667 0.0510417 0.0833333
0 0.0583333 0.924074 0.0604167 0.125926
1 0.794792 0.166667 0.0416667 0.0777778
0 0.347917 0.310185 0.0229167 0.0944444
0 0.204688 0.891667 0.046875 0.212963
1 0.557813 0.166667 0.0385417 0.0592593
1 0.213542 0.325 0.0708333 0.0944444
1 0.171875 0.369444 0.08125 0.112963
1 0.648958 0.498148 0.1 0.17037
1 0.0708333 0.481481 0.09375 0.137037
1 0.0338542 0.552778 0.0677083 0.172222
1 0.685417 0.27037 0.0583333 0.0888889
1 0.121354 0.422222 0.090625 0.122222
1 0.5875 0.255556 0.0541667 0.0814815
1 0.389583 0.243519 0.129167 0.087037
