0 0.806771 0.411111 0.021875 0.0666667
1 0.242188 0.358333 0.034375 0.05
0 0.854688 0.441667 0.015625 0.0648148
0 0.918229 0.464815 0.0197917 0.0666667
0 0.102604 0.626852 0.028125 0.101852
0 0.816667 0.413889 0.0166667 0.0722222
1 0.496875 0.191667 0.0166667 0.0314815
0 0.8 0.406481 0.0166667 0.0611111
0 0.923958 0.5 0.01875 0.111111
0 0.896354 0.472222 0.0177083 0.0740741
0 0.0640625 0.668519 0.028125 0.12963
1 0.655729 0.251852 0.0197917 0.0259259
0 0.231771 0.475926 0.015625 0.0925926
0 0.203646 0.5 0.0260417 0.0925926
1 0.628125 0.242593 0.0395833 0.0740741
0 0.255729 0.441667 0.0135417 0.0648148
0 0.142188 0.561111 0.0197917 0.103704
0 0.833333 0.442593 0.0166667 0.0703704
0 0.247396 0.465741 0.0177083 0.0833333
1 0.953125 0.387963 0.0666667 0.0611111
1 0.704167 0.244444 0.0208333 0.0296296
0 0.928646 0.52037 0.015625 0.0777778
0 0.288021 0.393519 0.015625 0.0537037
0 0.163542 0.540741 0.025 0.137037
1 0.250521 0.341667 0.046875 0.0611111
0 0.909375 0.527778 0.0208333 0.0962963
1 0.482812 0.273148 0.0260417 0.0425926
0 0.0364583 0.712037 0.0291667 0.131481
0 0.128125 0.603704 0.0270833 0.111111
1 0.560417 0.225926 0.0166667 0.0222222
1 0.901563 0.394444 0.046875 0.062963
1 0.6875 0.287963 0.0291667 0.0314815
1 0.334896 0.275 0.0427083 0.05
1 0.282292 0.308333 0.0375 0.0611111
1 0.432292 0.299074 0.0291667 0.0425926
1 0.446354 0.356481 0.040625 0.0648148
