1 0.927604 0.159259 0.021875 0.0222222
0 0.477083 0.309259 0.0125 0.037037
1 0.671875 0.253704 0.0375 0.0407407
1 0.857813 0.183333 0.0385417 0.0333333
0 0.205208 0.403704 0.0166667 0.0592593
1 0.410937 0.347222 0.0739583 0.0722222
1 0.641667 0.264815 0.0333333 0.0407407
0 0.025 0.376852 0.025 0.101852
1 0.969271 0.25 0.0260417 0.037037
1 0.608854 0.27963 0.0385417 0.0444444
1 0.173438 0.40463 0.059375 0.0648148
1 0.571875 0.294444 0.0458333 0.0481481
1 0.529688 0.308333 0.0489583 0.0462963
1 0.357812 0.384259 0.065625 0.0759259
1 0.264062 0.418519 0.0947917 0.0777778
