1 0.602083 0.0805556 0.0541667 0.0388889
0 0.640625 0.217593 0.01875 0.0796296
1 0.874479 0.168519 0.0427083 0.0444444
1 0.965625 0.292593 0.0666667 0.0481481
1 0.817708 0.157407 0.0458333 0.0444444
1 0.0760417 0.139815 0.0604167 0.112963
1 0.289583 0.12963 0.0458333 0.0555556
1 0.16875 0.127778 0.0395833 0.0481481
0 0.710417 0.253704 0.01875 0.0814815
0 0.0697917 0.384259 0.025 0.105556
1 0.216146 0.259259 0.065625 0.0925926
1 0.796875 0.227778 0.0729167 0.0740741
1 0.484375 0.308333 0.1 0.101852
1 0.744792 0.397222 0.158333 0.142593
