1 0.453125 0.135185 0.1 0.0703704
1 0.0338542 0.300926 0.0572917 0.0537037
1 0.370313 0.333333 0.0322917 0.0814815
1 0.433333 0.283333 0.09375 0.0703704
1 0.417708 0.311111 0.127083 0.122222
1 0.43125 0.150926 0.0604167 0.0648148
1 0.572917 0.0703704 0.05 0.0555556
1 0.611458 0.0462963 0.0458333 0.0481481
1 0.417188 0.384259 0.151042 0.157407
1 0.232292 0.253704 0.104167 0.0888889
1 0.523958 0.0935185 0.05625 0.0648148
1 0.0369792 0.373148 0.0739583 0.109259
1 0.471354 0.12037 0.065625 0.062963
1 0.766667 0.0407407 0.0520833 0.0592593
1 0.124479 0.316667 0.117708 0.111111
1 0.084375 0.593518 0.16875 0.205556
