0 0.353125 0.17963 0.0166667 0.0296296
1 0.0385417 0.316667 0.0541667 0.0481481
0 0.326042 0.2 0.0166667 0.062963
1 0.0135417 0.501852 0.0270833 0.0851852
0 0.0166667 0.400926 0.0333333 0.0833333
1 0.577083 0.0861111 0.05 0.0574074
1 0.433333 0.169444 0.0541667 0.0611111
1 0.617708 0.0648148 0.0458333 0.0481481
1 0.0401042 0.381481 0.0802083 0.0851852
1 0.236458 0.275 0.108333 0.0944444
1 0.477083 0.137963 0.0645833 0.0648148
1 0.744271 0.250926 0.0989583 0.12037
1 0.530729 0.110185 0.0572917 0.0611111
1 0.130729 0.331481 0.115625 0.107407
