0 0.609375 0.227778 0.0145833 0.0777778
1 0.631771 0.0842593 0.0385417 0.0388889
1 0.916146 0.12037 0.0322917 0.0444444
1 0.333854 0.225 0.176042 0.0833333
1 0.141667 0.190741 0.09375 0.062963
1 0.855208 0.127778 0.05625 0.0481481
0 0.818229 0.166667 0.0177083 0.0888889
1 0.972917 0.113889 0.05 0.05
0 0.654688 0.212963 0.015625 0.0851852
1 0.559896 0.163889 0.0802083 0.0796296
1 0.442708 0.0953704 0.0520833 0.0611111
0 0.621354 0.221296 0.0177083 0.0944444
1 0.0421875 0.266667 0.084375 0.0962963
1 0.173958 0.241667 0.1375 0.109259
1 0.14375 0.610185 0.2875 0.238889
1 0.796875 0.285185 0.133333 0.114815
