1 0.439583 0.305556 0.05625 0.125926
1 0.636979 0.0231481 0.028125 0.0462963
1 0.834896 0.012037 0.0322917 0.0240741
1 0.0317708 0.299074 0.059375 0.05
1 0.426042 0.148148 0.0541667 0.062963
1 0.582812 0.126852 0.0489583 0.0796296
1 0.567708 0.0675926 0.04375 0.0574074
1 0.610417 0.0444444 0.05 0.0518519
1 0.229687 0.253704 0.105208 0.0888889
1 0.405208 0.317593 0.122917 0.153704
1 0.776042 0.0388889 0.0541667 0.0592593
1 0.623438 0.133333 0.0739583 0.1
1 0.521354 0.0907407 0.0552083 0.062963
1 0.469271 0.119444 0.0677083 0.0648148
1 0.0359375 0.372222 0.0697917 0.103704
1 0.122917 0.313889 0.11875 0.105556
