1 0.1375 0.217593 0.0416667 0.0833333
1 0.0838542 0.156481 0.034375 0.0759259
1 0.236458 0.307407 0.0458333 0.0703704
1 0.551562 0.243519 0.084375 0.0907407
1 0.176563 0.239815 0.0427083 0.0796296
1 0.691146 0.29537 0.105208 0.105556
1 0.50625 0.325926 0.075 0.0962963
1 0.288542 0.338889 0.0770833 0.103704
1 0.616667 0.386111 0.125 0.109259
1 0.348437 0.39537 0.078125 0.105556
1 0.760417 0.455556 0.158333 0.12963
1 0.820833 0.57037 0.177083 0.218519
1 0.957812 0.709259 0.084375 0.155556
1 0.89375 0.374074 0.139583 0.114815
1 0.94375 0.547222 0.1125 0.17963
1 0.635938 0.494444 0.167708 0.144444
1 0.423958 0.458333 0.116667 0.131481
1 0.579687 0.575926 0.159375 0.174074
1 0.813021 0.743519 0.278125 0.342593
1 0.411458 0.606481 0.141667 0.183333
