1 0.894792 0.0685185 0.0229167 0.0481481
1 0.991146 0.108333 0.0177083 0.0574074
0 0.292708 0.772222 0.0375 0.12963
1 0.347396 0.161111 0.0385417 0.0555556
0 0.104167 0.919444 0.0416667 0.135185
1 0.945312 0.087963 0.028125 0.0388889
1 0.927083 0.0777778 0.0270833 0.0407407
1 0.957292 0.0916667 0.04375 0.0462963
0 0.244792 0.774074 0.0375 0.17037
0 0.277083 0.840741 0.0375 0.111111
0 0.0859375 0.865741 0.0260417 0.194444
1 0.239063 0.271296 0.0489583 0.0833333
0 0.321354 0.792593 0.0364583 0.207407
1 0.655729 0.0462963 0.0260417 0.0407407
1 0.215104 0.307407 0.065625 0.0962963
1 0.335938 0.227778 0.0885417 0.0666667
1 0.697396 0.0462963 0.0239583 0.037037
0 0.297917 0.901852 0.0541667 0.196296
1 0.123958 0.405556 0.0916667 0.122222
1 0.0744792 0.469444 0.090625 0.135185
0 0.204688 0.885185 0.053125 0.22963
1 0.516146 0.169444 0.046875 0.087037
1 0.176042 0.353704 0.0791667 0.111111
0 0.253125 0.924074 0.0520833 0.148148
1 0.0354167 0.540741 0.0708333 0.177778
