1 0.326042 0.172222 0.0416667 0.0555556
1 0.541146 0.0148148 0.0239583 0.0296296
1 0.390104 0.107407 0.028125 0.0444444
0 0.327604 0.463889 0.034375 0.087037
1 0.594792 0.0240741 0.0208333 0.0407407
1 0.645312 0.0166667 0.0177083 0.0259259
1 0.325521 0.116667 0.034375 0.0518519
1 0.565625 0.0555556 0.025 0.037037
1 0.9625 0.0972222 0.0416667 0.0462963
0 0.306771 0.582407 0.034375 0.198148
0 0.324479 0.25 0.0197917 0.0925926
1 0.311979 0.193519 0.0489583 0.0611111
1 0.720312 0.0944444 0.034375 0.0444444
0 0.3375 0.508333 0.0291667 0.105556
1 0.530208 0.0805556 0.025 0.0425926
0 0.334896 0.638889 0.0385417 0.192593
0 0.359375 0.475 0.0270833 0.138889
1 0.577604 0.0962963 0.028125 0.0444444
1 0.709896 0.138889 0.0427083 0.0555556
1 0.980208 0.142593 0.0395833 0.0518519
0 0.906771 0.162037 0.0197917 0.0722222
1 0.281771 0.228704 0.0572917 0.0796296
1 0.210938 0.308333 0.065625 0.0981481
1 0.597396 0.184259 0.0489583 0.0833333
1 0.594792 0.280556 0.0625 0.12037
1 0.04375 0.526852 0.0875 0.187037
1 0.247396 0.264815 0.065625 0.0851852
1 0.75 0.415741 0.10625 0.187037
1 0.845312 0.227778 0.0677083 0.0814815
1 0.163021 0.358333 0.0947917 0.127778
1 0.961458 0.255556 0.0770833 0.0962963
1 0.668229 0.203704 0.0447917 0.0740741
