1 0.339583 0.206481 0.0604167 0.0611111
1 0.596354 0.122222 0.034375 0.0555556
0 0.245312 0.500926 0.0302083 0.105556
1 0.414583 0.149074 0.0333333 0.0462963
0 0.159375 0.617593 0.0291667 0.146296
1 0.644792 0.0388889 0.0166667 0.0259259
1 0.979688 0.1 0.0385417 0.0407407
1 0.367708 0.187963 0.0479167 0.0462963
0 0.0536458 0.716667 0.0364583 0.1
0 0.228646 0.540741 0.0197917 0.0962963
1 0.109375 0.421296 0.13125 0.112963
0 0.141667 0.711111 0.0291667 0.174074
0 0.307292 0.356481 0.0208333 0.105556
1 0.178646 0.353704 0.0385417 0.0962963
0 0.0932292 0.792593 0.0447917 0.2
0 0.0489583 0.840741 0.0395833 0.2
1 0.289583 0.206481 0.04375 0.0611111
1 0.266146 0.277778 0.0572917 0.0777778
0 0.021875 0.878704 0.04375 0.238889
1 0.221354 0.30463 0.0989583 0.0907407
1 0.391667 0.171296 0.0375 0.05
1 0.650521 0.115741 0.0302083 0.0611111
1 0.741667 0.0824074 0.025 0.0388889
1 0.591667 0.149074 0.0416667 0.0648148
0 0.260417 0.465741 0.0270833 0.131481
1 0.755729 0.125926 0.0322917 0.0518519
0 0.123438 0.735185 0.034375 0.188889
1 0.0328125 0.497222 0.065625 0.105556
0 0.301042 0.448148 0.0291667 0.114815
0 0.246875 0.606481 0.0375 0.153704
0 0.197917 0.581481 0.0354167 0.155556
1 0.0822917 0.439815 0.0791667 0.0944444
1 0.139062 0.396296 0.0864583 0.107407
1 0.589583 0.213889 0.04375 0.0722222
1 0.641667 0.175926 0.0395833 0.062963
1 0.540625 0.344444 0.06875 0.107407
1 0.254167 0.898148 0.210417 0.196296
1 0.392188 0.561111 0.111458 0.181481
