0 0.246875 0.412963 0.0291667 0.0814815
1 0.113021 0.337963 0.134375 0.105556
1 0.253646 0.228704 0.0364583 0.0796296
1 0.980729 0.025 0.0385417 0.0462963
0 0.146875 0.642593 0.03125 0.17037
1 0.406771 0.0768519 0.0322917 0.0425926
1 0.417708 0.0703704 0.0208333 0.0444444
1 0.178646 0.27963 0.0385417 0.0962963
0 0.252604 0.45463 0.028125 0.112963
0 0.104687 0.703704 0.0302083 0.192593
1 0.234375 0.226852 0.075 0.087037
1 0.395312 0.0851852 0.034375 0.0481481
1 0.286979 0.127778 0.0427083 0.062963
1 0.367188 0.110185 0.040625 0.0537037
0 0.159375 0.622222 0.03125 0.174074
0 0.0869792 0.72037 0.0447917 0.196296
0 0.059375 0.766667 0.05 0.2
1 0.386979 0.0925926 0.0302083 0.0481481
0 0.0270833 0.816667 0.0520833 0.22963
0 0.122396 0.675 0.034375 0.187037
1 0.0328125 0.42963 0.065625 0.111111
0 0.193229 0.503704 0.034375 0.17037
0 0.259896 0.387963 0.028125 0.131481
1 0.751042 0.0268519 0.0333333 0.05
1 0.336979 0.134259 0.059375 0.0611111
1 0.268229 0.2 0.0510417 0.0740741
1 0.139583 0.319444 0.0854167 0.0907407
1 0.0822917 0.366667 0.0770833 0.0925926
0 0.305729 0.375 0.0239583 0.12037
0 0.236979 0.488889 0.0302083 0.155556
1 0.472396 0.189815 0.0552083 0.0833333
1 0.773438 0.165741 0.0677083 0.116667
1 0.446875 0.675 0.141667 0.268519
