1 0.655729 0.261111 0.059375 0.0407407
0 0.298438 0.367593 0.0177083 0.0388889
1 0.670833 0.253704 0.0375 0.0407407
1 0.642187 0.266667 0.034375 0.0407407
1 0.608854 0.27963 0.040625 0.0444444
0 0.0255208 0.377778 0.0260417 0.103704
1 0.413021 0.350926 0.0697917 0.0685185
1 0.571875 0.29537 0.0458333 0.0462963
1 0.910937 0.325926 0.0552083 0.0777778
1 0.530208 0.308333 0.05 0.0462963
1 0.351042 0.384259 0.0791667 0.0759259
1 0.172917 0.403704 0.0604167 0.062963
1 0.266667 0.419444 0.1 0.0759259
1 0.815625 0.435185 0.0708333 0.0925926
1 0.758333 0.600926 0.125 0.142593
