1 0.157292 0.192593 0.0583333 0.062963
1 0.0609375 0.32963 0.034375 0.0740741
1 0.486979 0.0861111 0.021875 0.0351852
1 0.239063 0.17963 0.053125 0.0518519
1 0.259896 0.165741 0.0322917 0.05
1 0.196875 0.201852 0.0479167 0.062963
1 0.528125 0.0731481 0.025 0.0462963
0 0.217708 0.213889 0.0145833 0.0685185
1 0.853125 0.128704 0.0604167 0.0574074
1 0.505729 0.0990741 0.0239583 0.0388889
1 0.951042 0.134259 0.0791667 0.0648148
1 0.614583 0.0861111 0.0270833 0.05
1 0.989583 0.226852 0.0208333 0.0462963
1 0.476042 0.133333 0.03125 0.0518519
0 0.0447917 0.511111 0.01875 0.137037
1 0.0890625 0.3 0.0677083 0.0851852
1 0.938542 0.177778 0.0645833 0.0666667
0 0.0619792 0.516667 0.028125 0.12963
1 0.63125 0.10463 0.03125 0.0537037
0 0.271875 0.24537 0.0145833 0.0574074
1 0.666667 0.143519 0.0333333 0.0574074
0 0.0755208 0.459259 0.028125 0.133333
1 0.461979 0.186111 0.040625 0.0611111
1 0.524479 0.15463 0.034375 0.0537037
1 0.970312 0.198148 0.059375 0.0740741
0 0.959375 0.319444 0.0270833 0.124074
1 0.657812 0.22963 0.053125 0.0851852
1 0.419271 0.263889 0.053125 0.087037
1 0.825521 0.388889 0.090625 0.12963
1 0.0895833 0.74537 0.179167 0.275926
1 0.351042 0.438889 0.09375 0.148148
1 0.289583 0.372222 0.0833333 0.118519
1 0.459896 0.652778 0.115625 0.231481
1 0.169271 0.887963 0.205208 0.22037
