1 0.705729 0.0268519 0.0239583 0.0351852
1 0.735417 0.0324074 0.0270833 0.0425926
1 0.364583 0.141667 0.0375 0.0537037
1 0.765104 0.0259259 0.0260417 0.0407407
1 0.285417 0.159259 0.04375 0.0592593
1 0.652083 0.0787037 0.0333333 0.0462963
1 0.576042 0.062037 0.0354167 0.0611111
1 0.621875 0.0675926 0.0291667 0.05
1 0.245312 0.256481 0.0510417 0.087037
1 0.176042 0.309259 0.0395833 0.0962963
0 0.0541667 0.793519 0.0520833 0.198148
1 0.603125 0.087037 0.0291667 0.0518519
1 0.260417 0.235185 0.0583333 0.0740741
0 0.0875 0.75 0.0541667 0.196296
1 0.58125 0.12037 0.0395833 0.0666667
0 0.246354 0.478704 0.0260417 0.127778
0 0.910417 0.0638889 0.0125 0.0574074
1 0.534896 0.289815 0.0635417 0.142593
0 0.0229167 0.825926 0.0458333 0.262963
0 0.156771 0.641667 0.0322917 0.172222
1 0.717708 0.087037 0.0375 0.0555556
0 0.122396 0.69537 0.034375 0.187037
1 0.331771 0.162963 0.0552083 0.062963
0 0.296354 0.4 0.0260417 0.114815
0 0.233333 0.52037 0.0354167 0.144444
1 0.0317708 0.452778 0.0635417 0.109259
0 0.258854 0.418519 0.028125 0.125926
1 0.0796875 0.39537 0.0802083 0.0907407
1 0.646354 0.118519 0.040625 0.062963
1 0.401563 0.155556 0.0489583 0.062963
1 0.798437 0.119444 0.0447917 0.0648148
0 0.195312 0.541667 0.0322917 0.157407
1 0.471875 0.217593 0.0541667 0.087037
1 0.134375 0.350926 0.0875 0.105556
1 0.58125 0.182407 0.0458333 0.0759259
1 0.655208 0.212963 0.0541667 0.0888889
1 0.763021 0.17963 0.053125 0.0740741
1 0.851042 0.213889 0.0666667 0.087037
1 0.305729 0.281481 0.0697917 0.103704
1 0.669271 0.743519 0.151042 0.312963
