0 0.025 0.376852 0.025 0.105556
1 0.857292 0.183333 0.0375 0.0333333
1 0.655208 0.262037 0.0604167 0.0425926
1 0.672396 0.252778 0.040625 0.0425926
1 0.642187 0.268519 0.034375 0.0407407
1 0.972396 0.194444 0.015625 0.0222222
1 0.410417 0.347222 0.0729167 0.0722222
1 0.608333 0.27963 0.0395833 0.0444444
1 0.990625 0.237037 0.01875 0.037037
1 0.804688 0.507407 0.053125 0.114815
0 0.119792 0.439815 0.01875 0.0685185
1 0.930729 0.252778 0.028125 0.0388889
1 0.571354 0.293519 0.0447917 0.0462963
1 0.953125 0.236111 0.025 0.0351852
1 0.529688 0.308333 0.0510417 0.0462963
1 0.923437 0.296296 0.040625 0.0481481
1 0.172396 0.400926 0.059375 0.0611111
1 0.348958 0.387037 0.0583333 0.0740741
1 0.264062 0.418519 0.0947917 0.0777778
