1 0.789583 0.135185 0.0729167 0.062963
1 0.00572917 0.152778 0.0114583 0.0240741
0 0.507292 0.183333 0.0145833 0.0592593
1 0.839063 0.135185 0.0697917 0.0555556
0 0.842188 0.264815 0.0239583 0.0888889
0 0.560938 0.208333 0.015625 0.0648148
0 0.738542 0.260185 0.0166667 0.0944444
1 0.489583 0.0740741 0.05625 0.0407407
1 0.575 0.166667 0.0520833 0.0518519
1 0.532292 0.153704 0.0645833 0.062963
1 0.964583 0.137963 0.06875 0.0833333
0 0.620313 0.223148 0.0177083 0.087037
1 0.240625 0.171296 0.0479167 0.05
1 0.141146 0.158333 0.0385417 0.0462963
0 0.715625 0.25 0.01875 0.0814815
1 0.730729 0.203704 0.0822917 0.0740741
1 0.0817708 0.197222 0.0385417 0.05
1 0.0671875 0.263889 0.053125 0.0796296
1 0.520312 0.309259 0.117708 0.107407
1 0.285937 0.534259 0.148958 0.22037
