1 0.454688 0.715741 0.109375 0.209259
1 0.334896 0.277778 0.028125 0.037037
1 0.519792 0.175926 0.0166667 0.0333333
1 0.523438 0.211111 0.0177083 0.0259259
0 0.180208 0.368519 0.0125 0.0518519
0 0.145313 0.415741 0.0135417 0.0611111
1 0.902083 0.338889 0.04375 0.0555556
1 0.0885417 0.637963 0.0958333 0.109259
1 0.528125 0.285185 0.0354167 0.0666667
0 0.223958 0.396296 0.01875 0.062963
0 0.251042 0.387963 0.0166667 0.0611111
1 0.576563 0.186111 0.021875 0.0388889
1 0.532292 0.268519 0.03125 0.0444444
0 0.861458 0.368519 0.0166667 0.062963
1 0.525 0.30463 0.03125 0.05
1 0.653125 0.232407 0.0208333 0.0314815
1 0.232812 0.35 0.065625 0.062963
1 0.96875 0.391667 0.0625 0.0796296
1 0.927604 0.362037 0.0572917 0.0611111
1 0.457812 0.323148 0.0364583 0.0574074
1 0.469271 0.532407 0.071875 0.127778
