1 0.178646 0.124074 0.0385417 0.0555556
1 0.0177083 0.0925926 0.0333333 0.0444444
1 0.992188 0.447222 0.015625 0.0611111
1 0.507812 0.109259 0.053125 0.0518519
1 0.638542 0.287037 0.0833333 0.0777778
1 0.0348958 0.15 0.040625 0.0592593
1 0.240625 0.259259 0.0645833 0.114815
1 0.698958 0.268519 0.0979167 0.0851852
1 0.532812 0.187963 0.078125 0.0796296
1 0.6 0.173148 0.06875 0.0722222
1 0.114063 0.261111 0.0572917 0.0851852
1 0.35625 0.274074 0.0854167 0.114815
1 0.172396 0.410185 0.084375 0.135185
1 0.155729 0.759259 0.146875 0.27037
1 0.779167 0.651852 0.214583 0.233333
1 0.688542 0.840741 0.225 0.296296
