1 0.371875 0.126852 0.0395833 0.0537037
0 0.198437 0.75 0.021875 0.0518519
1 0.791667 0.0888889 0.0270833 0.0481481
1 0.735417 0.0972222 0.0291667 0.0537037
1 0.365625 0.142593 0.0395833 0.0555556
1 0.304167 0.194444 0.0583333 0.0592593
1 0.335938 0.175 0.0364583 0.0574074
1 0.354688 0.156481 0.034375 0.0574074
1 0.244792 0.189815 0.0479167 0.0685185
1 0.975521 0.152778 0.0489583 0.0685185
0 0.188542 0.42037 0.0270833 0.12963
1 0.709896 0.105556 0.0385417 0.0666667
1 0.299479 0.318519 0.084375 0.111111
0 0.176563 0.912963 0.0427083 0.174074
0 0.138542 0.45 0.0354167 0.12963
0 0.239583 0.752778 0.0395833 0.216667
1 0.776042 0.115741 0.0375 0.0537037
0 0.285417 0.575926 0.0291667 0.12963
1 0.839063 0.131481 0.0427083 0.0703704
1 0.991667 0.34537 0.0166667 0.0833333
1 0.594792 0.0481481 0.025 0.0444444
0 0.0890625 0.819444 0.034375 0.235185
0 0.286458 0.711111 0.0395833 0.214815
0 0.303646 0.562037 0.0302083 0.17963
0 0.209896 0.880556 0.0572917 0.238889
0 0.346354 0.257407 0.0177083 0.0814815
1 0.245312 0.268519 0.0510417 0.0851852
1 0.223438 0.300926 0.0677083 0.0944444
1 0.130208 0.387963 0.0895833 0.0944444
1 0.0807292 0.462037 0.0885417 0.135185
1 0.964063 0.239815 0.071875 0.0833333
1 0.182292 0.337037 0.08125 0.0925926
1 0.674479 0.22037 0.053125 0.0814815
1 0.855729 0.205556 0.0614583 0.0777778
1 0.456771 0.224074 0.0697917 0.0777778
1 0.0375 0.532407 0.075 0.172222
1 0.803125 0.560185 0.133333 0.212963
