0 0.71875 0.236111 0.0166667 0.0685185
0 0.681771 0.233333 0.0135417 0.0777778
1 0.23125 0.100926 0.03125 0.0388889
0 0.613021 0.203704 0.0114583 0.0703704
0 0.595312 0.200926 0.0135417 0.0759259
1 0.595312 0.0777778 0.0614583 0.0444444
1 0.304167 0.05 0.0291667 0.0296296
0 0.945312 0.336111 0.0177083 0.0796296
1 0.867188 0.163889 0.040625 0.0425926
1 0.18125 0.0814815 0.0291667 0.0259259
1 0.0364583 0.0407407 0.025 0.0407407
1 0.244271 0.124074 0.034375 0.0444444
1 0.1 0.0583333 0.025 0.0314815
0 0.634375 0.211111 0.0166667 0.0777778
0 0.702604 0.244444 0.0197917 0.0851852
1 0.9625 0.301852 0.075 0.0740741
1 0.809375 0.152778 0.0458333 0.0425926
1 0.116667 0.130556 0.0395833 0.0648148
1 0.789583 0.224074 0.0729167 0.0740741
1 0.349479 0.351852 0.107292 0.12963
1 0.782292 0.446296 0.19375 0.155556
