1 0.611979 0.193519 0.0885417 0.087037
1 0.971354 0.155556 0.0572917 0.0518519
1 0.398438 0.235185 0.190625 0.218519
1 0.124479 0.801852 0.244792 0.385185
0 0.304167 0.680556 0.04375 0.116667
1 0.520312 0.248148 0.0822917 0.111111
1 0.725521 0.222222 0.115625 0.0962963
1 0.3 0.27037 0.0729167 0.107407
1 0.925521 0.287037 0.148958 0.151852
1 0.953125 0.469444 0.09375 0.175926
1 0.809896 0.385185 0.165625 0.122222
1 0.361458 0.322222 0.075 0.103704
1 0.836979 0.496296 0.182292 0.218519
1 0.631771 0.313889 0.132292 0.116667
1 0.651563 0.42037 0.167708 0.148148
1 0.966146 0.633333 0.065625 0.151852
1 0.438542 0.386111 0.114583 0.135185
1 0.594792 0.500926 0.160417 0.175926
1 0.829167 0.668519 0.28125 0.340741
