1 0.469792 0.10463 0.0479167 0.05
0 0.530729 0.160185 0.015625 0.05
1 0.126563 0.0212963 0.0197917 0.0277778
0 0.596875 0.194444 0.0104167 0.0592593
1 0.849479 0.159259 0.040625 0.0444444
0 0.0755208 0.284259 0.021875 0.0833333
1 0.2875 0.0416667 0.0291667 0.0277778
0 0.614062 0.225926 0.0177083 0.0444444
1 0.579167 0.0685185 0.0541667 0.0444444
0 0.0208333 0.415741 0.0354167 0.124074
1 0.794792 0.146296 0.0479167 0.0407407
0 0.686458 0.238889 0.01875 0.0814815
1 0.210417 0.102778 0.0375 0.0425926
1 0.0635417 0.0703704 0.025 0.037037
1 0.772917 0.215741 0.0729167 0.0759259
1 0.131771 0.198148 0.053125 0.0814815
1 0.225521 0.206481 0.0572917 0.087037
