1 0.371354 0.119444 0.0385417 0.05
1 0.899479 0.0509259 0.021875 0.0425926
0 0.302604 0.783333 0.040625 0.151852
1 0.332292 0.169444 0.0458333 0.0648148
1 0.353125 0.14537 0.0333333 0.0648148
0 0.273958 0.59537 0.0291667 0.0685185
0 0.271354 0.683333 0.0552083 0.144444
1 0.3 0.184259 0.05625 0.0648148
0 0.189063 0.971296 0.0427083 0.0574074
1 0.939583 0.0685185 0.0333333 0.0444444
1 0.967188 0.0805556 0.0427083 0.0462963
1 0.240104 0.181481 0.040625 0.0666667
1 0.675 0.0111111 0.01875 0.0222222
1 0.240625 0.258333 0.0520833 0.0833333
1 0.644792 0.0138889 0.0208333 0.0277778
1 0.480729 0.185185 0.161458 0.111111
0 0.194271 0.883333 0.059375 0.225926
1 0.220313 0.293519 0.0739583 0.0944444
0 0.336458 0.84537 0.05 0.25
1 0.0791667 0.459259 0.0875 0.133333
0 0.28125 0.873148 0.0520833 0.238889
1 0.0369792 0.528704 0.0739583 0.17963
1 0.128125 0.394444 0.0895833 0.125926
1 0.178646 0.341667 0.0802083 0.109259
1 0.964583 0.436111 0.0708333 0.146296
