1 0.402604 0.0861111 0.040625 0.05
1 0.556771 0.025 0.0197917 0.0351852
1 0.364583 0.132407 0.04375 0.0648148
1 0.354167 0.14537 0.0479167 0.0574074
1 0.720833 0.0509259 0.03125 0.0537037
1 0.247396 0.17963 0.046875 0.0703704
1 0.970833 0.0814815 0.0458333 0.0481481
0 0.206771 0.392593 0.021875 0.1
1 0.678646 0.0333333 0.0239583 0.0444444
0 0.197917 0.759259 0.0375 0.1
1 0.341667 0.156481 0.04375 0.0537037
1 0.308854 0.181481 0.0635417 0.0592593
0 0.307813 0.550926 0.0302083 0.17963
0 0.289583 0.562963 0.025 0.12963
1 0.759375 0.0916667 0.0354167 0.05
0 0.201562 0.884259 0.053125 0.231481
0 0.240104 0.712037 0.0385417 0.172222
1 0.590104 0.0453704 0.0260417 0.0425926
1 0.247917 0.253704 0.05 0.0851852
1 0.626042 0.0398148 0.0229167 0.0351852
0 0.347917 0.273148 0.0229167 0.0907407
1 0.544271 0.0518519 0.0239583 0.0407407
0 0.232812 0.862963 0.046875 0.22963
0 0.288021 0.677778 0.0489583 0.17037
1 0.225 0.288889 0.06875 0.0962963
0 0.16875 0.903704 0.0479167 0.192593
1 0.084375 0.443519 0.0916667 0.131481
1 0.798437 0.116667 0.0510417 0.0777778
1 0.866667 0.113889 0.0625 0.0648148
1 0.184375 0.337037 0.0770833 0.114815
1 0.134375 0.382407 0.0895833 0.116667
1 0.040625 0.52037 0.08125 0.174074
0 0.282292 0.825 0.0479167 0.209259
1 0.1375 0.523148 0.127083 0.172222
1 0.69375 0.268519 0.0645833 0.103704
1 0.615625 0.17963 0.0458333 0.0740741
