0 0.0328125 0.3 0.028125 0.125926
1 0.0223958 0.123148 0.0447917 0.0537037
1 0.0473958 0.0898148 0.0447917 0.0648148
0 0.926042 0.0592593 0.0208333 0.0888889
1 0.680729 0.0175926 0.0510417 0.0351852
0 0.164062 0.160185 0.0197917 0.0833333
0 0.980729 0.136111 0.0197917 0.105556
1 0.413021 0.0398148 0.0614583 0.0796296
1 0.752083 0.174074 0.0916667 0.118519
1 0.363542 0.207407 0.09375 0.144444
1 0.716146 0.534259 0.142708 0.238889
1 0.385417 0.332407 0.127083 0.187037
1 0.359375 0.778704 0.197917 0.438889
1 0.911458 0.564815 0.177083 0.274074
