1 0.564062 0.0796296 0.0489583 0.0481481
1 0.727604 0.12963 0.0385417 0.0518519
0 0.566667 0.199074 0.01875 0.0722222
1 0.499479 0.0759259 0.065625 0.0407407
1 0.0963542 0.132407 0.0260417 0.0314815
0 0.60625 0.216667 0.0166667 0.0740741
1 0.808854 0.130556 0.0572917 0.0648148
1 0.533333 0.152778 0.0520833 0.0574074
1 0.00677083 0.14537 0.0135417 0.0277778
1 0.179167 0.143519 0.0375 0.0388889
0 0.745313 0.257407 0.0197917 0.1
0 0.622917 0.222222 0.01875 0.0814815
0 0.6875 0.235185 0.0166667 0.0851852
1 0.580208 0.165741 0.05 0.0537037
1 0.0307292 0.185185 0.0322917 0.0481481
1 0.966146 0.141667 0.0572917 0.0722222
1 0.7375 0.200926 0.0895833 0.0722222
1 0.275521 0.197222 0.053125 0.0611111
1 0.169271 0.272222 0.0614583 0.0777778
1 0.188021 0.418519 0.0989583 0.133333
