1 0.455729 0.101852 0.028125 0.037037
1 0.523958 0.0981481 0.0291667 0.0481481
0 0.0802083 0.336111 0.0208333 0.0833333
1 0.123958 0.269444 0.0541667 0.0722222
1 0.291146 0.146296 0.028125 0.0444444
1 0.263542 0.167593 0.0375 0.05
1 0.0880208 0.297222 0.0697917 0.0759259
0 0.119792 0.330556 0.01875 0.087037
0 0.210417 0.228704 0.0125 0.0574074
1 0.235938 0.187037 0.046875 0.0518519
1 0.950521 0.137037 0.078125 0.0592593
1 0.197917 0.205556 0.05 0.0592593
1 0.853646 0.135185 0.059375 0.0592593
1 0.478125 0.112037 0.0270833 0.0425926
1 0.989583 0.232407 0.0208333 0.0425926
1 0.939583 0.183333 0.0645833 0.062963
0 0.155729 0.261111 0.0177083 0.0777778
1 0.155729 0.198148 0.0510417 0.062963
1 0.623438 0.0944444 0.028125 0.0518519
1 0.508854 0.128704 0.028125 0.05
0 0.270833 0.249074 0.0145833 0.0611111
1 0.969792 0.205556 0.0604167 0.0666667
0 0.956771 0.323148 0.028125 0.124074
1 0.458333 0.174074 0.0395833 0.0592593
1 0.640625 0.175 0.04375 0.0648148
0 0.075 0.462963 0.0291667 0.137037
1 0.520833 0.207407 0.04375 0.0703704
0 0.0536458 0.517593 0.034375 0.142593
1 0.443229 0.242593 0.0510417 0.0740741
1 0.763542 0.272222 0.0645833 0.0888889
1 0.388542 0.340741 0.0708333 0.103704
1 0.205208 0.514815 0.116667 0.162963
1 0.930729 0.791667 0.136458 0.257407
1 0.277604 0.62037 0.134375 0.214815
