0 0.163542 0.249074 0.0875 0.127778
1 0.483333 0.0842593 0.0395833 0.0537037
0 0.94375 0.118519 0.01875 0.0518519
0 0.101042 0.257407 0.0375 0.0851852
0 0.158333 0.280556 0.0333333 0.101852
1 0.85 0.119444 0.0604167 0.05
1 0.973437 0.101852 0.0447917 0.0481481
1 0.438542 0.087963 0.05625 0.0611111
1 0.550521 0.15463 0.084375 0.0796296
1 0.895833 0.112963 0.0625 0.0518519
1 0.169271 0.226852 0.132292 0.0944444
0 0.648958 0.202778 0.0166667 0.0907407
0 0.614062 0.203704 0.0197917 0.0962963
1 0.0395833 0.261111 0.0791667 0.0925926
1 0.957812 0.55 0.084375 0.2
