1 0.480729 0.0777778 0.0677083 0.0481481
1 0.148958 0.175 0.04375 0.0574074
1 0.817187 0.131481 0.071875 0.062963
1 0.780729 0.131481 0.0635417 0.0666667
0 0.836458 0.268519 0.0208333 0.0925926
1 0.518229 0.151852 0.065625 0.0592593
1 0.559375 0.164815 0.05 0.0518519
1 0.938542 0.140741 0.05 0.0777778
1 0.100521 0.213889 0.0489583 0.0611111
0 0.723437 0.260185 0.015625 0.0944444
1 0.0270833 0.225926 0.04375 0.0740741
0 0.627604 0.228704 0.0177083 0.0833333
0 0.754687 0.258333 0.0239583 0.0907407
1 0.715104 0.198148 0.084375 0.0666667
1 0.132812 0.363889 0.0864583 0.116667
1 0.291146 0.493519 0.132292 0.224074
1 0.520833 0.309259 0.10625 0.1
1 0.432292 0.326852 0.11875 0.109259
1 0.290104 0.833333 0.213542 0.318519
