1 0.1875 0.0296296 0.05625 0.0555556
0 0.065625 0.242593 0.0104167 0.0481481
0 0.0307292 0.313889 0.0239583 0.116667
0 0.981771 0.116667 0.0197917 0.111111
0 0.172396 0.0759259 0.0197917 0.0777778
1 0.671875 0.0175926 0.0458333 0.0351852
0 0.955208 0.112963 0.0208333 0.0925926
1 0.446354 0.0351852 0.0614583 0.0703704
0 0.926562 0.0694444 0.0197917 0.0907407
0 0.990625 0.140741 0.01875 0.0962963
0 0.144271 0.202778 0.021875 0.0907407
1 0.33125 0.237037 0.09375 0.148148
1 0.631771 0.0472222 0.0489583 0.0722222
1 0.740625 0.14537 0.0833333 0.12037
1 0.823438 0.928704 0.221875 0.135185
