0 0.991667 0.37037 0.0166667 0.12963
1 0.769792 0.0990741 0.0375 0.0425926
1 0.93125 0.149074 0.0416667 0.0574074
1 0.839583 0.140741 0.0395833 0.0481481
1 0.107292 0.30463 0.0791667 0.0759259
1 0.0619792 0.27963 0.046875 0.0666667
1 0.983854 0.140741 0.0322917 0.0555556
1 0.579687 0.0351852 0.0177083 0.0222222
1 0.951563 0.153704 0.071875 0.0592593
1 0.990104 0.244444 0.0197917 0.0518519
0 0.891146 0.172222 0.0135417 0.0592593
0 0.958854 0.359259 0.0197917 0.0888889
0 0.113021 0.342593 0.0197917 0.0925926
1 0.626562 0.0722222 0.0177083 0.0296296
1 0.0625 0.355556 0.0354167 0.0777778
0 0.877083 0.217593 0.0166667 0.05
1 0.277083 0.173148 0.0270833 0.0425926
1 0.290625 0.168519 0.0270833 0.0444444
1 0.598958 0.0675926 0.0208333 0.0277778
0 0.982292 0.371296 0.0229167 0.124074
1 0.857813 0.15 0.0489583 0.0555556
1 0.261979 0.188889 0.0322917 0.0518519
1 0.624479 0.125926 0.0302083 0.0481481
1 0.0859375 0.325 0.0635417 0.0833333
0 0.188021 0.322222 0.0197917 0.0592593
1 0.938021 0.199074 0.0614583 0.0648148
1 0.776563 0.174074 0.0635417 0.0555556
1 0.2375 0.206481 0.0416667 0.05
0 0.078125 0.480556 0.0291667 0.138889
1 0.201042 0.225926 0.05625 0.062963
1 0.639583 0.160185 0.0333333 0.0648148
1 0.4625 0.111111 0.0229167 0.037037
1 0.155729 0.218519 0.0489583 0.0592593
1 0.594792 0.19537 0.0375 0.0611111
0 0.0536458 0.541667 0.034375 0.138889
1 0.970312 0.22037 0.059375 0.0703704
1 0.124479 0.291667 0.053125 0.0722222
1 0.68125 0.246296 0.0520833 0.0777778
