1 0.306771 0.171296 0.028125 0.0425926
1 0.291146 0.187963 0.0239583 0.0462963
1 0.795313 0.132407 0.0322917 0.0351852
1 0.277604 0.194444 0.0322917 0.0481481
0 0.125 0.356481 0.01875 0.0833333
1 0.581771 0.0611111 0.015625 0.0296296
1 0.758333 0.111111 0.0291667 0.0407407
1 0.767187 0.117593 0.0322917 0.0425926
1 0.0614583 0.374074 0.0333333 0.0777778
1 0.838021 0.153704 0.0385417 0.037037
1 0.259375 0.208333 0.0291667 0.05
0 0.959896 0.365741 0.028125 0.109259
0 0.875 0.237037 0.01875 0.0518519
1 0.939062 0.218519 0.0572917 0.062963
1 0.990104 0.260185 0.0197917 0.0611111
1 0.199479 0.244444 0.053125 0.062963
1 0.233854 0.224074 0.0427083 0.0518519
0 0.989062 0.386111 0.021875 0.135185
1 0.155729 0.237037 0.0510417 0.062963
1 0.591146 0.087037 0.0177083 0.0259259
1 0.946875 0.172222 0.0729167 0.0666667
0 0.075 0.503704 0.0270833 0.137037
1 0.984896 0.156481 0.0302083 0.0537037
1 0.123958 0.303704 0.0520833 0.062963
1 0.621354 0.0962963 0.0197917 0.0296296
1 0.483333 0.214815 0.0375 0.062963
1 0.858333 0.169444 0.0479167 0.0537037
1 0.0885417 0.340741 0.0729167 0.0814815
1 0.970312 0.238889 0.059375 0.0703704
1 0.409896 0.214815 0.0385417 0.0555556
0 0.0520833 0.556481 0.03125 0.142593
0 0.0895833 0.47963 0.0208333 0.111111
1 0.330208 0.314815 0.0541667 0.0851852
1 0.2125 0.296296 0.0625 0.0777778
