1 0.0947917 0.496296 0.0375 0.162963
1 0.946875 0.0990741 0.0208333 0.0388889
1 0.389062 0.106481 0.0364583 0.0462963
1 0.411979 0.0814815 0.0239583 0.037037
1 0.367188 0.133333 0.0364583 0.0481481
0 0.207813 0.858333 0.0385417 0.161111
1 0.233854 0.275 0.0572917 0.087037
1 0.992708 0.114815 0.0145833 0.0592593
1 0.965625 0.1 0.03125 0.0444444
0 0.0869792 0.87963 0.0260417 0.192593
1 0.242188 0.19537 0.0489583 0.0648148
1 0.327083 0.181481 0.0395833 0.062963
1 0.302083 0.200926 0.05 0.0611111
0 0.304688 0.798148 0.040625 0.218519
0 0.0411458 0.923148 0.0385417 0.146296
1 0.919792 0.102778 0.0333333 0.05
0 0.194792 0.92963 0.0520833 0.140741
0 0.279167 0.832407 0.0333333 0.209259
0 0.0916667 0.506481 0.0375 0.146296
1 0.0723958 0.452778 0.090625 0.0981481
1 0.349479 0.162037 0.0385417 0.0537037
0 0.155729 0.950926 0.0385417 0.0981481
1 0.215104 0.308333 0.0697917 0.0944444
1 0.675521 0.0740741 0.0302083 0.0444444
1 0.701042 0.948148 0.160417 0.0962963
1 0.728125 0.0814815 0.03125 0.0481481
1 0.519792 0.148148 0.0375 0.0740741
1 0.122917 0.407407 0.0895833 0.122222
1 0.034375 0.540741 0.06875 0.174074
1 0.173958 0.355556 0.08125 0.107407
