0 0.621875 0.230556 0.01875 0.0462963
0 0.947917 0.330556 0.0208333 0.087037
1 0.475521 0.109259 0.053125 0.0481481
1 0.859375 0.160185 0.04375 0.0462963
1 0.801042 0.148148 0.0458333 0.0407407
1 0.295833 0.0453704 0.03125 0.0314815
0 0.0328125 0.419444 0.0322917 0.12037
0 0.694271 0.240741 0.0177083 0.0888889
1 0.08125 0.0462963 0.0208333 0.0296296
1 0.78125 0.22037 0.0729167 0.0740741
1 0.2125 0.298148 0.0791667 0.114815
1 0.776042 0.518519 0.202083 0.185185
1 0.394271 0.192593 0.0697917 0.0740741
