1 0.375 0.112963 0.0354167 0.0518519
1 0.929688 0.0851852 0.0302083 0.0444444
1 0.364062 0.124074 0.0322917 0.0481481
1 0.307813 0.187037 0.065625 0.0592593
0 0.278125 0.59537 0.0270833 0.168519
1 0.685417 0.0259259 0.0229167 0.0296296
1 0.232812 0.185185 0.0427083 0.062963
1 0.56875 0.0324074 0.0208333 0.0425926
1 0.325521 0.171296 0.040625 0.0611111
1 0.589063 0.0166667 0.015625 0.0222222
1 0.894792 0.0703704 0.0208333 0.0444444
1 0.234896 0.265741 0.053125 0.087037
0 0.165625 0.940741 0.0520833 0.114815
1 0.347396 0.151852 0.0385417 0.0555556
0 0.266667 0.716667 0.0354167 0.181481
1 0.213542 0.297222 0.06875 0.0981481
0 0.223958 0.742593 0.0395833 0.225926
0 0.195312 0.885185 0.046875 0.22963
0 0.119271 0.908333 0.0510417 0.161111
1 0.677604 0.0601852 0.028125 0.0388889
1 0.733854 0.0472222 0.028125 0.0351852
1 0.705729 0.0574074 0.028125 0.037037
1 0.836979 0.164815 0.053125 0.0666667
1 0.0692708 0.455556 0.0947917 0.133333
1 0.748958 0.10463 0.0375 0.0537037
1 0.0338542 0.527778 0.0677083 0.177778
1 0.120833 0.396296 0.0916667 0.122222
1 0.172917 0.342593 0.0833333 0.111111
1 0.823438 0.206481 0.0572917 0.0759259
