1 0.923437 0.0972222 0.0364583 0.0425926
1 0.954167 0.0907407 0.0416667 0.0481481
1 0.98125 0.0935185 0.0354167 0.0388889
0 0.791146 0.150926 0.0177083 0.0833333
1 0.889063 0.101852 0.046875 0.0444444
1 0.835938 0.111111 0.059375 0.0555556
1 0.423438 0.0685185 0.053125 0.0592593
1 0.541146 0.142593 0.0760417 0.0777778
0 0.598958 0.191667 0.0166667 0.0907407
0 0.639063 0.196296 0.0197917 0.0777778
0 0.138542 0.275926 0.03125 0.107407
1 0.151562 0.215741 0.138542 0.101852
1 0.0302083 0.240741 0.0604167 0.0925926
1 0.310417 0.835185 0.375 0.322222
