1 0.403646 0.0824074 0.0364583 0.0462963
0 0.10625 0.703704 0.0354167 0.162963
1 0.977083 0.0231481 0.0375 0.0425926
1 0.288542 0.136111 0.0458333 0.0685185
0 0.161458 0.532407 0.03125 0.0944444
0 0.248437 0.471296 0.0302083 0.142593
1 0.36875 0.118519 0.0416667 0.0518519
1 0.388542 0.101852 0.03125 0.0518519
1 0.217708 0.237037 0.108333 0.0925926
0 0.159375 0.625 0.03125 0.168519
0 0.0270833 0.826852 0.05 0.22037
0 0.0932292 0.725926 0.0510417 0.181481
0 0.259896 0.393519 0.0302083 0.124074
0 0.0619792 0.769444 0.0447917 0.216667
1 0.0333333 0.435185 0.0666667 0.111111
1 0.267188 0.206481 0.0552083 0.0722222
1 0.335938 0.139815 0.0552083 0.0648148
0 0.127083 0.672222 0.0333333 0.181481
0 0.195833 0.512963 0.0333333 0.17037
1 0.485417 0.960185 0.1625 0.0722222
0 0.303646 0.382407 0.021875 0.116667
1 0.134375 0.330556 0.0770833 0.105556
1 0.0838542 0.375 0.0822917 0.0944444
0 0.236458 0.496296 0.0291667 0.155556
1 0.7875 0.0657407 0.0416667 0.0648148
1 0.773438 0.123148 0.046875 0.0722222
1 0.473437 0.194444 0.0572917 0.0851852
1 0.426562 0.619444 0.151042 0.287037
1 0.560938 0.213889 0.0552083 0.0944444
1 0.693229 0.582407 0.126042 0.242593
