1 0.931771 0.0675926 0.0260417 0.0425926
1 0.353125 0.139815 0.0458333 0.0648148
1 0.240104 0.175 0.0510417 0.0722222
0 0.0927083 0.475 0.0291667 0.124074
1 0.368229 0.110185 0.0427083 0.05
0 0.189583 0.950926 0.05625 0.0981481
1 0.297917 0.178704 0.05625 0.0611111
1 0.328646 0.158333 0.040625 0.0611111
1 0.647396 0.012963 0.0177083 0.0259259
0 0.308333 0.781482 0.0416667 0.211111
0 0.130729 0.89537 0.0552083 0.157407
1 0.238542 0.250926 0.05 0.0833333
0 0.202083 0.878704 0.0666667 0.235185
1 0.725521 0.0240741 0.0239583 0.0444444
1 0.0755208 0.443519 0.090625 0.12037
1 0.216667 0.283333 0.0645833 0.1
1 0.748438 0.0722222 0.028125 0.0481481
1 0.663542 0.0398148 0.0229167 0.0351852
0 0.0666667 0.691667 0.04375 0.17963
1 0.725521 0.0861111 0.0427083 0.0537037
1 0.797396 0.136111 0.053125 0.0685185
1 0.0338542 0.519444 0.0677083 0.175926
1 0.125521 0.382407 0.0885417 0.124074
1 0.904688 0.235185 0.0864583 0.103704
1 0.175521 0.32963 0.0822917 0.111111
