1 0.989583 0.24537 0.0208333 0.05
1 0.0625 0.27963 0.04375 0.0666667
1 0.95 0.151852 0.075 0.062963
0 0.164583 0.290741 0.0166667 0.062963
1 0.9375 0.198148 0.0625 0.062963
1 0.29375 0.162963 0.0270833 0.0407407
0 0.982813 0.37037 0.0239583 0.125926
1 0.615104 0.0962963 0.0239583 0.0333333
1 0.0614583 0.355556 0.0354167 0.0740741
1 0.277604 0.173148 0.028125 0.0425926
1 0.641667 0.112963 0.025 0.037037
1 0.259896 0.189815 0.0322917 0.05
1 0.970312 0.22037 0.059375 0.0703704
1 0.201042 0.221296 0.05625 0.0722222
1 0.234375 0.206481 0.04375 0.05
1 0.869271 0.206481 0.053125 0.0648148
0 0.959896 0.347222 0.0260417 0.116667
1 0.153646 0.218519 0.0510417 0.062963
1 0.476042 0.0861111 0.0208333 0.0314815
0 0.0744792 0.485185 0.0302083 0.137037
0 0.197396 0.312037 0.0114583 0.0574074
1 0.0895833 0.325 0.06875 0.087037
0 0.0536458 0.542593 0.034375 0.137037
1 0.123438 0.292593 0.053125 0.0740741
1 0.66875 0.214815 0.05 0.0703704
1 0.702604 0.303704 0.0697917 0.114815
1 0.681771 0.556481 0.107292 0.168519
1 0.23125 0.713889 0.133333 0.231481
1 0.895833 0.662037 0.15625 0.212963
