1 0.436458 0.192593 0.125 0.0666667
0 0.159375 0.55 0.03125 0.1
1 0.989583 0.0796296 0.0208333 0.0444444
1 0.720833 0.0814815 0.0333333 0.0518519
1 0.245312 0.256481 0.0489583 0.087037
0 0.14375 0.663889 0.0333333 0.183333
1 0.641146 0.0972222 0.0364583 0.05
1 0.788542 0.0842593 0.0375 0.0537037
1 0.752083 0.0490741 0.03125 0.0425926
1 0.2875 0.155556 0.0458333 0.062963
1 0.176563 0.307407 0.040625 0.1
1 0.594792 0.121296 0.0375 0.0611111
1 0.263021 0.226852 0.0572917 0.0722222
0 0.0520833 0.788889 0.05625 0.2
1 0.334375 0.159259 0.0604167 0.062963
1 0.647396 0.131481 0.0447917 0.0703704
0 0.0223958 0.831481 0.0447917 0.248148
0 0.116146 0.69537 0.040625 0.194444
0 0.157292 0.639815 0.03125 0.168519
0 0.0869792 0.748148 0.0510417 0.196296
0 0.246354 0.469444 0.0302083 0.138889
1 0.386979 0.836111 0.180208 0.316667
0 0.261458 0.412037 0.0270833 0.135185
0 0.191146 0.534259 0.0322917 0.161111
1 0.561979 0.163889 0.0489583 0.087037
1 0.991146 0.432407 0.0177083 0.164815
1 0.0317708 0.450926 0.0635417 0.105556
0 0.23125 0.515741 0.0291667 0.153704
1 0.0807292 0.39537 0.084375 0.0907407
1 0.471875 0.216667 0.0541667 0.0851852
1 0.134896 0.342593 0.0864583 0.0925926
0 0.304167 0.399074 0.0208333 0.12037
1 0.402604 0.186111 0.059375 0.0648148
1 0.644792 0.215741 0.05625 0.0907407
1 0.553125 0.313889 0.0666667 0.116667
1 0.916146 0.281481 0.090625 0.107407
1 0.678125 0.660185 0.135417 0.261111
1 0.891667 0.458333 0.122917 0.161111
