1 0.505729 0.200926 0.059375 0.0462963
1 0.0546875 0.19537 0.021875 0.0277778
1 0.605729 0.233333 0.0427083 0.037037
1 0.281771 0.164815 0.015625 0.0259259
0 0.156771 0.299074 0.0135417 0.05
0 0.01875 0.425926 0.0208333 0.0925926
1 0.0385417 0.22037 0.025 0.0407407
1 0.0526042 0.284259 0.034375 0.0648148
1 0.0286458 0.363889 0.0572917 0.0907407
1 0.65625 0.243519 0.0541667 0.05
1 0.919792 0.32037 0.102083 0.0703704
1 0.715104 0.253704 0.0677083 0.0592593
1 0.563021 0.221296 0.0489583 0.0388889
1 0.183333 0.208333 0.025 0.0314815
1 0.841667 0.297222 0.0895833 0.0574074
1 0.302604 0.178704 0.0260417 0.0388889
1 0.371875 0.218519 0.0395833 0.0407407
1 0.299479 0.273148 0.0427083 0.0611111
