1 0.141146 0.183333 0.0739583 0.0666667
1 0.956771 0.113889 0.0364583 0.0425926
0 0.510417 0.0805556 0.0145833 0.0574074
0 0.829687 0.162963 0.0177083 0.0925926
1 0.825 0.869444 0.347917 0.242593
1 0.641146 0.0796296 0.0385417 0.0407407
1 0.915104 0.119444 0.059375 0.0537037
0 0.6625 0.206481 0.0166667 0.087037
1 0.865625 0.125926 0.0604167 0.0481481
0 0.640625 0.211111 0.0145833 0.0851852
1 0.977083 0.111111 0.0458333 0.0518519
1 0.304688 0.859259 0.603125 0.27037
1 0.56875 0.159259 0.0833333 0.0814815
0 0.628646 0.217593 0.0177083 0.0944444
1 0.04375 0.617593 0.0875 0.224074
1 0.453646 0.0898148 0.053125 0.0611111
1 0.184896 0.233333 0.136458 0.107407
1 0.0890625 0.511111 0.178125 0.177778
1 0.0489583 0.260185 0.0958333 0.0944444
1 0.782812 0.289815 0.140625 0.112963
