1 0.517187 0.216667 0.0447917 0.037037
0 0.00833333 0.272222 0.0166667 0.062963
1 0.204167 0.157407 0.03125 0.0259259
1 0.1625 0.183333 0.0229167 0.0296296
1 0.119792 0.162963 0.0270833 0.0259259
1 0.480729 0.205556 0.0447917 0.037037
1 0.631771 0.235185 0.0697917 0.0555556
1 0.830729 0.293519 0.090625 0.0685185
1 0.244792 0.194444 0.0354167 0.0407407
1 0.573438 0.224074 0.053125 0.0518519
1 0.947917 0.324074 0.0979167 0.0666667
1 0.753646 0.275 0.0864583 0.0574074
0 0.2875 0.959259 0.05 0.0814815
1 0.715625 0.368519 0.11875 0.0888889
1 0.382812 0.239815 0.0614583 0.0537037
