1 0.954687 0.115741 0.0364583 0.0388889
0 0.510417 0.0787037 0.0145833 0.0574074
1 0.645312 0.0796296 0.046875 0.0407407
1 0.149479 0.177778 0.096875 0.0777778
1 0.118229 0.606481 0.236458 0.309259
1 0.914583 0.118519 0.05625 0.0518519
0 0.661979 0.206481 0.0177083 0.0907407
1 0.452604 0.0898148 0.0552083 0.0611111
1 0.865625 0.125926 0.0583333 0.0481481
0 0.640625 0.211111 0.0145833 0.0851852
1 0.977604 0.111111 0.0447917 0.0518519
1 0.567187 0.160185 0.0802083 0.0796296
0 0.628125 0.216667 0.0166667 0.0962963
1 0.217187 0.891667 0.430208 0.201852
1 0.183854 0.234259 0.136458 0.109259
1 0.201042 0.467593 0.166667 0.157407
1 0.0484375 0.261111 0.096875 0.0962963
1 0.830208 0.274074 0.13125 0.103704
