1 0.0244792 0.114815 0.021875 0.0259259
1 0.615104 0.1 0.0427083 0.0444444
0 0.471875 0.194444 0.0125 0.0518519
0 0.615625 0.228704 0.0145833 0.0722222
1 0.0473958 0.131481 0.0197917 0.0222222
0 0.576042 0.225 0.0208333 0.0833333
1 0.213542 0.15 0.0291667 0.037037
1 0.311458 0.136111 0.0333333 0.0388889
0 0.648438 0.237037 0.015625 0.0740741
1 0.371875 0.146296 0.0416667 0.037037
1 0.91875 0.24537 0.160417 0.153704
1 0.564062 0.0981481 0.0760417 0.0481481
1 0.411979 0.151852 0.0489583 0.037037
1 0.00520833 0.162037 0.0104167 0.0240741
1 0.550521 0.169444 0.0697917 0.0574074
1 0.504167 0.0925926 0.0541667 0.0444444
1 0.974479 0.138889 0.0489583 0.0888889
0 0.629167 0.22963 0.01875 0.0777778
0 0.659375 0.244444 0.0145833 0.0777778
1 0.128125 0.155556 0.025 0.037037
1 0.591146 0.182407 0.0447917 0.0537037
1 0.0317708 0.196296 0.0260417 0.037037
1 0.0244792 0.287037 0.0427083 0.0666667
1 0.747917 0.212037 0.0895833 0.0759259
1 0.461458 0.337963 0.116667 0.0981481
