1 0.230729 0.137963 0.0260417 0.0351852
1 0.880729 0.119444 0.0635417 0.0574074
1 0.584896 0.0814815 0.0614583 0.0518519
0 0.502083 0.186111 0.0125 0.0685185
0 0.594271 0.20463 0.021875 0.0796296
1 0.910937 0.223148 0.0989583 0.0759259
1 0.427083 0.136111 0.05 0.0425926
1 0.834896 0.119444 0.053125 0.0611111
1 0.51875 0.0768519 0.05 0.0425926
1 0.561979 0.15463 0.059375 0.0611111
1 0.985937 0.12037 0.028125 0.0814815
1 0.0484375 0.184259 0.028125 0.0425926
1 0.608333 0.164815 0.0458333 0.0518519
0 0.644271 0.222222 0.0177083 0.0851852
1 0.0296875 0.161111 0.0197917 0.037037
1 0.20625 0.167593 0.0354167 0.0462963
1 0.0447917 0.265741 0.0458333 0.0722222
0 0.676562 0.230556 0.0135417 0.0722222
1 0.0973958 0.22037 0.0364583 0.0518519
1 0.764583 0.194444 0.0875 0.0740741
1 0.460938 0.316667 0.115625 0.111111
1 0.431771 0.755556 0.205208 0.322222
