1 0.365104 0.130556 0.0364583 0.05
1 0.389062 0.105556 0.0364583 0.0481481
0 0.559375 0.0101852 0.00625 0.0203704
1 0.347396 0.157407 0.040625 0.0518519
1 0.945312 0.0861111 0.0322917 0.0388889
0 0.466667 0.487037 0.0375 0.0925926
1 0.991146 0.103704 0.0177083 0.0555556
0 0.253125 0.77037 0.0354167 0.166667
1 0.295833 0.199074 0.0583333 0.0611111
1 0.355729 0.144444 0.040625 0.0518519
0 0.0875 0.871296 0.03125 0.194444
1 0.895833 0.062037 0.0229167 0.0462963
0 0.133854 0.925 0.0489583 0.142593
1 0.926562 0.0759259 0.0322917 0.0444444
1 0.649479 0.037037 0.0239583 0.037037
1 0.238021 0.27037 0.0489583 0.0851852
0 0.194792 0.890741 0.0541667 0.214815
1 0.957812 0.0898148 0.046875 0.0462963
1 0.214583 0.306481 0.0666667 0.0944444
1 0.6875 0.0351852 0.0208333 0.0333333
1 0.3625 0.225 0.0979167 0.0648148
1 0.0744792 0.469444 0.090625 0.135185
0 0.311979 0.888889 0.0572917 0.218519
1 0.124479 0.405556 0.090625 0.122222
1 0.175521 0.352778 0.0802083 0.109259
1 0.0359375 0.539815 0.071875 0.17963
0 0.265625 0.907407 0.0541667 0.185185
1 0.502083 0.17037 0.0645833 0.0814815
