1 0.0661458 0.27037 0.0427083 0.0703704
1 0.355729 0.107407 0.0260417 0.0333333
1 0.950521 0.14537 0.071875 0.0611111
1 0.941667 0.188889 0.0604167 0.062963
1 0.307813 0.147222 0.0260417 0.0425926
1 0.620313 0.1 0.028125 0.0444444
1 0.858333 0.860185 0.227083 0.272222
1 0.858333 0.142593 0.0520833 0.0555556
1 0.583333 0.106481 0.025 0.0388889
1 0.503646 0.0777778 0.0197917 0.0259259
1 0.630208 0.0583333 0.01875 0.0277778
1 0.0640625 0.351852 0.0322917 0.0777778
1 0.579687 0.0925926 0.0260417 0.0444444
1 0.294792 0.156481 0.025 0.0425926
1 0.623438 0.124074 0.028125 0.0481481
0 0.1875 0.357407 0.0166667 0.0518519
1 0.529688 0.0657407 0.0197917 0.0240741
1 0.970833 0.208333 0.0583333 0.0648148
1 0.240625 0.196296 0.0375 0.0518519
1 0.261979 0.181481 0.0322917 0.0481481
1 0.278125 0.169444 0.0291667 0.0425926
1 0.161979 0.207407 0.0572917 0.0666667
1 0.205208 0.215741 0.0541667 0.0648148
0 0.0791667 0.472222 0.0270833 0.133333
0 0.0578125 0.532407 0.0322917 0.138889
1 0.511458 0.113889 0.0270833 0.0425926
1 0.127083 0.283333 0.0520833 0.0740741
1 0.658333 0.197222 0.0458333 0.0685185
1 0.0916667 0.313889 0.0708333 0.087037
1 0.669271 0.374074 0.0760417 0.111111
