0 0.272917 0.55463 0.0291667 0.0907407
0 0.275 0.713889 0.0395833 0.187037
0 0.259375 0.359259 0.0166667 0.0925926
1 0.295312 0.185185 0.0614583 0.062963
0 0.0557292 0.909259 0.0510417 0.17037
1 0.344792 0.150926 0.0354167 0.0537037
1 0.327083 0.167593 0.0395833 0.0611111
0 0.205729 0.871296 0.040625 0.224074
0 0.214583 0.371296 0.0270833 0.138889
0 0.0864583 0.862037 0.03125 0.198148
1 0.234896 0.184259 0.046875 0.0685185
1 0.536979 0.0296296 0.021875 0.037037
0 0.307813 0.606481 0.034375 0.194444
0 0.160417 0.437037 0.025 0.122222
0 0.161979 0.946296 0.053125 0.1
1 0.236458 0.260185 0.05 0.0759259
1 0.216146 0.292593 0.0677083 0.0888889
1 0.604167 0.238889 0.05625 0.0888889
1 0.0739583 0.457407 0.0916667 0.133333
1 0.121354 0.394444 0.090625 0.122222
1 0.169792 0.341667 0.075 0.112963
1 0.0348958 0.530556 0.0697917 0.17963
1 0.616146 0.325926 0.0739583 0.125926
1 0.615104 0.5 0.113542 0.237037
1 0.864062 0.713889 0.167708 0.27963
