1 0.611458 0.062037 0.025 0.0462963
1 0.709896 0.206481 0.117708 0.0759259
1 0.147396 0.187963 0.0427083 0.0833333
1 0.984375 0.0990741 0.03125 0.0574074
1 0.0583333 0.235185 0.0479167 0.0703704
1 0.285417 0.123148 0.025 0.0462963
1 0.9875 0.196296 0.025 0.0666667
1 0.577083 0.0722222 0.025 0.0407407
1 0.629687 0.0981481 0.0322917 0.0518519
1 0.491667 0.0222222 0.025 0.0333333
1 0.945312 0.112963 0.0760417 0.0666667
1 0.25625 0.14537 0.03125 0.05
1 0.850521 0.110185 0.0572917 0.0574074
1 0.05625 0.310185 0.0354167 0.0759259
1 0.645833 0.0648148 0.0291667 0.0592593
1 0.232812 0.161111 0.040625 0.0518519
1 0.684375 0.115741 0.0354167 0.0537037
1 0.196354 0.181481 0.059375 0.062963
0 0.989062 0.331481 0.021875 0.12963
0 0.955729 0.298148 0.0260417 0.122222
1 0.934896 0.158333 0.0614583 0.0648148
1 0.597396 0.124074 0.0322917 0.0555556
1 0.478125 0.0805556 0.025 0.0425926
1 0.966146 0.180556 0.0614583 0.0648148
1 0.648438 0.152778 0.0364583 0.0648148
1 0.119792 0.243519 0.0541667 0.0648148
0 0.053125 0.496296 0.04375 0.140741
1 0.0828125 0.280556 0.071875 0.087037
0 0.0776042 0.431481 0.0260417 0.137037
1 0.74375 0.186111 0.0520833 0.0722222
1 0.679688 0.22037 0.0572917 0.0814815
1 0.405729 0.252778 0.0614583 0.0907407
0 0.121875 0.39537 0.0270833 0.12037
1 0.641667 0.280556 0.0583333 0.0944444
1 0.207292 0.634259 0.13125 0.216667
1 0.493229 0.343519 0.0739583 0.15
