0 0.558854 0.186111 0.015625 0.0685185
0 0.528646 0.162963 0.015625 0.0555556
1 0.950521 0.29537 0.0989583 0.0759259
1 0.467708 0.103704 0.0479167 0.0481481
0 0.6125 0.225 0.01875 0.0462963
1 0.135417 0.0166667 0.0208333 0.0296296
1 0.285417 0.0407407 0.0291667 0.0296296
1 0.0598958 0.0509259 0.028125 0.0388889
0 0.595833 0.193519 0.0104167 0.0648148
0 0.0260417 0.116667 0.0125 0.0481481
0 0.671354 0.224074 0.015625 0.0703704
0 0.0203125 0.421296 0.0322917 0.124074
1 0.103125 0.0138889 0.0208333 0.0240741
1 0.579687 0.0666667 0.0572917 0.0407407
1 0.0578125 0.0694444 0.028125 0.0388889
1 0.792188 0.143519 0.046875 0.0425926
0 0.7125 0.243519 0.0166667 0.0833333
1 0.208333 0.0787037 0.03125 0.0388889
1 0.199479 0.287037 0.084375 0.12963
1 0.771354 0.215741 0.071875 0.0759259
