0 0.627604 0.231481 0.0177083 0.0444444
1 0.0666667 0.0490741 0.03125 0.0314815
1 0.322917 0.0861111 0.0375 0.0314815
1 0.960938 0.289815 0.078125 0.0537037
1 0.133333 0.0351852 0.0270833 0.0444444
1 0.303646 0.0481481 0.0302083 0.0296296
0 0.785417 0.281481 0.0208333 0.0925926
1 0.808333 0.150926 0.0458333 0.0425926
0 0.701563 0.243519 0.0177083 0.0833333
1 0.865104 0.162963 0.040625 0.0444444
1 0.605208 0.382407 0.129167 0.116667
1 0.788021 0.219444 0.0739583 0.0722222
1 0.125521 0.0916667 0.0302083 0.0388889
1 0.576042 0.308333 0.116667 0.0907407
