1 0.298958 0.612963 0.110417 0.122222
0 0.422396 0.486111 0.015625 0.0648148
0 0.409896 0.483333 0.015625 0.062963
0 0.338542 0.492593 0.0208333 0.0703704
1 0.969792 0.67037 0.0604167 0.0703704
1 0.236458 0.487963 0.0979167 0.0759259
1 0.979167 0.519444 0.0416667 0.0574074
1 0.0463542 0.514815 0.0552083 0.0851852
1 0.789583 0.715741 0.104167 0.101852
1 0.129167 0.553704 0.0604167 0.0851852
1 0.583854 0.714815 0.123958 0.111111
1 0.0677083 0.955556 0.135417 0.0888889
1 0.599479 0.837037 0.163542 0.17037
1 0.0703125 0.691667 0.140625 0.131481
1 0.340104 0.835185 0.178125 0.162963
