1 0.314063 0.235185 0.0989583 0.0592593
1 0.165104 0.190741 0.101042 0.0592593
1 0.648438 0.0962963 0.040625 0.0407407
1 0.459375 0.1 0.0520833 0.0555556
1 0.871875 0.15 0.0520833 0.0518519
1 0.975521 0.136111 0.0489583 0.0462963
0 0.668229 0.225 0.015625 0.0833333
0 0.68125 0.223148 0.0166667 0.0833333
1 0.920833 0.141667 0.0604167 0.05
0 0.646354 0.231481 0.015625 0.0851852
0 0.631771 0.230556 0.0177083 0.087037
1 0.577083 0.175 0.0791667 0.0796296
1 0.0520833 0.261111 0.102083 0.0962963
1 0.190625 0.238889 0.135417 0.103704
1 0.813021 0.750926 0.273958 0.27963
