1 0.667708 0.0296296 0.0291667 0.037037
1 0.325 0.0453704 0.0291667 0.0388889
1 0.240625 0.0981481 0.0458333 0.062963
0 0.0046875 0.55 0.009375 0.062963
0 0.103646 0.375 0.0197917 0.0981481
1 0.290104 0.15463 0.0739583 0.0907407
0 0.153125 0.322222 0.0166667 0.0740741
1 0.615625 0.0675926 0.06875 0.109259
1 0.290104 0.0601852 0.0447917 0.0537037
0 0.135417 0.347222 0.0208333 0.109259
1 0.207813 0.178704 0.0489583 0.0722222
0 0.0385417 0.446296 0.025 0.114815
1 0.131771 0.776852 0.211458 0.390741
