0 0.264062 0.357407 0.015625 0.0555556
0 0.135937 0.402778 0.015625 0.0685185
1 0.94375 0.368519 0.104167 0.0703704
1 0.539583 0.178704 0.0145833 0.0277778
1 0.764063 0.278704 0.034375 0.0722222
0 0.228646 0.367593 0.0114583 0.0462963
0 0.247396 0.353704 0.0177083 0.0666667
1 0.329688 0.267593 0.0239583 0.0388889
1 0.226042 0.341667 0.0583333 0.0648148
1 0.823438 0.284259 0.0322917 0.0425926
1 0.985937 0.410185 0.028125 0.0685185
1 0.602083 0.205556 0.0166667 0.0296296
0 0.308333 0.325926 0.0104167 0.0481481
1 0.500521 0.223148 0.021875 0.0240741
1 0.573438 0.214815 0.015625 0.0222222
1 0.880208 0.330556 0.0375 0.05
1 0.536458 0.216667 0.0208333 0.0259259
1 0.857292 0.301852 0.0395833 0.0666667
1 0.586458 0.264815 0.025 0.037037
1 0.9625 0.383333 0.0666667 0.0666667
1 0.919792 0.353704 0.05625 0.062963
