1 0.357812 0.171296 0.0510417 0.0685185
1 0.242708 0.206481 0.0416667 0.0648148
1 0.364583 0.149074 0.0395833 0.05
1 0.691146 0.0611111 0.021875 0.0296296
1 0.203125 0.347222 0.0833333 0.12037
1 0.300521 0.211111 0.059375 0.062963
1 0.714583 0.0796296 0.03125 0.0481481
1 0.561458 0.0564815 0.0208333 0.0277778
0 0.216146 0.892593 0.0427083 0.207407
0 0.274479 0.661111 0.028125 0.144444
0 0.304688 0.565741 0.021875 0.146296
1 0.576042 0.0435185 0.01875 0.0314815
0 0.225521 0.752778 0.0385417 0.198148
1 0.775 0.118519 0.03125 0.0518519
1 0.239063 0.283333 0.0510417 0.0814815
1 0.743229 0.1 0.0322917 0.0481481
0 0.198437 0.908333 0.040625 0.183333
1 0.608333 0.0648148 0.0208333 0.0296296
0 0.282813 0.743519 0.0322917 0.183333
0 0.160417 0.92037 0.0583333 0.159259
0 0.290625 0.600926 0.0354167 0.153704
1 0.576042 0.111111 0.0291667 0.0444444
1 0.216667 0.318519 0.0645833 0.0962963
1 0.721875 0.137037 0.0416667 0.0592593
1 0.075 0.477778 0.0895833 0.137037
1 0.790625 0.140741 0.0395833 0.0518519
0 0.05 0.911111 0.0604167 0.162963
1 0.244271 0.388889 0.0447917 0.114815
1 0.176563 0.362963 0.0802083 0.111111
1 0.0354167 0.549074 0.0708333 0.17963
1 0.126042 0.415741 0.0895833 0.124074
1 0.590625 0.225926 0.0458333 0.0740741
1 0.821354 0.196296 0.0552083 0.0740741
1 0.619271 0.493519 0.096875 0.161111
