0 0.255729 0.357407 0.0197917 0.062963
0 0.474479 0.309259 0.0114583 0.0555556
0 0.123438 0.401852 0.015625 0.0444444
1 0.952083 0.375 0.0916667 0.0685185
1 0.864062 0.323148 0.0385417 0.0574074
1 0.895833 0.343519 0.0375 0.05
1 0.575521 0.181481 0.0197917 0.0333333
1 0.333854 0.280556 0.028125 0.0351852
0 0.146354 0.453704 0.0239583 0.0777778
0 0.914062 0.42037 0.0197917 0.0703704
1 0.0354167 0.452778 0.0708333 0.0944444
1 0.969271 0.394444 0.0614583 0.0740741
0 0.180208 0.450926 0.01875 0.0722222
1 0.654167 0.233333 0.0270833 0.0333333
1 0.543229 0.234259 0.0239583 0.0277778
1 0.510417 0.236111 0.0229167 0.0388889
1 0.232812 0.351852 0.0489583 0.062963
1 0.927083 0.363889 0.0583333 0.0611111
1 0.508854 0.383333 0.0489583 0.0740741
1 0.470833 0.54537 0.075 0.138889
1 0.376563 0.488889 0.0697917 0.111111
