1 0.960938 0.139815 0.034375 0.0351852
1 0.331771 0.233333 0.126042 0.062963
1 0.65 0.0981481 0.0458333 0.0407407
0 0.654688 0.226852 0.034375 0.0833333
1 0.166667 0.183333 0.108333 0.0740741
1 0.458854 0.100926 0.053125 0.0574074
1 0.873958 0.149074 0.0583333 0.05
0 0.646354 0.22963 0.015625 0.0851852
1 0.976042 0.136111 0.0479167 0.0462963
0 0.667188 0.225926 0.015625 0.0814815
1 0.920833 0.141667 0.0583333 0.05
0 0.680729 0.222222 0.0177083 0.0814815
0 0.63125 0.230556 0.01875 0.0907407
1 0.577083 0.173148 0.0791667 0.0796296
1 0.190625 0.239815 0.135417 0.101852
1 0.0520833 0.261111 0.102083 0.1
1 0.742708 0.798148 0.297917 0.303704
