1 0.467708 0.166667 0.0729167 0.0481481
1 0.009375 0.269444 0.01875 0.0351852
1 0.13125 0.251852 0.0520833 0.0555556
1 0.508333 0.0842593 0.0166667 0.0277778
1 0.821354 0.175 0.034375 0.0462963
1 0.859896 0.205556 0.034375 0.0592593
1 0.426562 0.213889 0.040625 0.0574074
1 0.795313 0.160185 0.0385417 0.05
0 0.840104 0.276852 0.015625 0.0796296
1 0.46875 0.113889 0.0229167 0.0462963
1 0.978125 0.290741 0.04375 0.0888889
1 0.395312 0.199074 0.034375 0.0537037
1 0.424479 0.128704 0.0260417 0.0388889
1 0.484896 0.172222 0.034375 0.0555556
1 0.441667 0.159259 0.0291667 0.0481481
0 0.977083 0.361111 0.03125 0.0851852
1 0.361458 0.247222 0.0333333 0.0685185
0 0.989062 0.462963 0.021875 0.148148
1 0.173438 0.308333 0.0697917 0.0833333
1 0.0458333 0.249074 0.04375 0.0648148
1 0.482812 0.227778 0.0447917 0.0666667
1 0.423438 0.261111 0.0489583 0.0740741
0 0.825 0.273148 0.0166667 0.0833333
1 0.884375 0.221296 0.05 0.0796296
1 0.957812 0.239815 0.0822917 0.0648148
1 0.458854 0.344444 0.065625 0.0962963
1 0.713542 0.478704 0.0916667 0.131481
1 0.354167 0.401852 0.0770833 0.114815
1 0.388542 0.706481 0.122917 0.227778
