1 0.238542 0.0888889 0.04375 0.0666667
0 0.226562 0.173148 0.0135417 0.05
0 0.986979 0.309259 0.0260417 0.1
1 0.290625 0.0537037 0.0479167 0.0518519
1 0.279687 0.10463 0.0552083 0.0722222
1 0.782812 0.0694444 0.0385417 0.0462963
1 0.546875 0.0111111 0.0270833 0.0222222
1 0.567708 0.05 0.0270833 0.037037
0 0.159375 0.318519 0.0166667 0.0888889
0 0.101562 0.377778 0.0302083 0.118519
0 0.0416667 0.440741 0.025 0.114815
1 0.401563 0.241667 0.0614583 0.101852
1 0.104167 0.900926 0.197917 0.194444
1 0.413021 0.112963 0.0385417 0.0592593
