1 0.803125 0.107407 0.01875 0.0296296
1 0.0104167 0.103704 0.0208333 0.0296296
1 0.0791667 0.0972222 0.0895833 0.0425926
1 0.975 0.342593 0.05 0.122222
1 0.716667 0.135185 0.0229167 0.037037
1 0.678646 0.141667 0.0260417 0.0314815
1 0.741146 0.140741 0.0260417 0.0333333
1 0.910937 0.0916667 0.0197917 0.0314815
1 0.651563 0.17037 0.0322917 0.0444444
1 0.696875 0.172222 0.0291667 0.0333333
1 0.931771 0.165741 0.0260417 0.0425926
1 0.854688 0.206481 0.0322917 0.05
1 0.0317708 0.685185 0.0635417 0.133333
1 0.46875 0.25463 0.0541667 0.0574074
1 0.41875 0.42963 0.10625 0.118519
1 0.397917 0.375926 0.0895833 0.0962963
1 0.0942708 0.478704 0.126042 0.112963
1 0.285937 0.389815 0.103125 0.116667
1 0.35625 0.852778 0.210417 0.27963
