1 0.701042 0.198148 0.0375 0.0444444
1 0.694792 0.185185 0.0416667 0.0407407
1 0.00989583 0.103704 0.0197917 0.0296296
1 0.894792 0.131481 0.0208333 0.0259259
1 0.910937 0.102778 0.0177083 0.0277778
1 0.734375 0.14537 0.0270833 0.0314815
1 0.857813 0.131481 0.0197917 0.0296296
1 0.686458 0.175926 0.03125 0.037037
1 0.0791667 0.0981481 0.0875 0.0407407
1 0.639583 0.183333 0.0354167 0.0407407
1 0.924479 0.178704 0.0260417 0.0425926
1 0.974479 0.276852 0.040625 0.0648148
1 0.903646 0.240741 0.0427083 0.0703704
1 0.557292 0.318519 0.0666667 0.0777778
1 0.558333 0.268519 0.05625 0.062963
1 0.466667 0.282407 0.0645833 0.0685185
1 0.805729 0.713889 0.123958 0.238889
1 0.297396 0.45463 0.113542 0.116667
1 0.0604167 0.565741 0.120833 0.135185
1 0.630729 0.481481 0.096875 0.12963
