1 0.973437 0.115741 0.021875 0.0351852
1 0.00989583 0.106481 0.0197917 0.0277778
1 0.889063 0.149074 0.021875 0.0314815
1 0.84375 0.14537 0.0270833 0.0388889
1 0.926042 0.153704 0.0229167 0.0444444
1 0.0791667 0.102778 0.0895833 0.0425926
1 0.583333 0.218519 0.0416667 0.0518519
1 0.970833 0.162963 0.025 0.037037
1 0.845312 0.225 0.0385417 0.0462963
1 0.0651042 0.740741 0.130208 0.133333
1 0.531771 0.288889 0.0552083 0.0814815
1 0.604688 0.283333 0.0552083 0.0666667
1 0.742188 0.29537 0.0489583 0.0685185
1 0.486979 0.383333 0.0864583 0.0851852
1 0.970833 0.673148 0.0583333 0.187037
1 0.311979 0.436111 0.107292 0.105556
1 0.747396 0.425926 0.071875 0.107407
1 0.294792 0.35 0.0770833 0.0851852
1 0.404687 0.8 0.190625 0.244444
