1 0.442187 0.168519 0.0239583 0.0407407
1 0.496875 0.147222 0.0270833 0.0425926
1 0.0947917 0.0398148 0.0479167 0.0314815
1 0.015625 0.0462963 0.03125 0.0407407
1 0.778125 0.178704 0.0354167 0.0462963
1 0.477083 0.181481 0.025 0.0518519
1 0.395312 0.217593 0.0385417 0.0685185
1 0.713542 0.158333 0.0270833 0.0425926
0 0.870313 0.380556 0.021875 0.0796296
1 0.669792 0.162963 0.025 0.037037
1 0.621875 0.164815 0.0270833 0.0407407
1 0.648958 0.243519 0.0416667 0.0648148
1 0.431771 0.268519 0.0427083 0.0592593
1 0.703125 0.232407 0.0416667 0.0833333
1 0.498437 0.3 0.046875 0.0703704
1 0.819792 0.303704 0.0583333 0.0703704
1 0.665625 0.330556 0.0625 0.105556
1 0.836979 0.494444 0.103125 0.159259
1 0.0411458 0.662037 0.0822917 0.183333
1 0.348437 0.45 0.071875 0.107407
1 0.398958 0.612963 0.1 0.166667
1 0.714063 0.593518 0.0947917 0.146296
1 0.195833 0.712963 0.141667 0.233333
