0 0.577604 0.208333 0.0177083 0.0722222
1 0.00416667 0.180556 0.00833333 0.0351852
1 0.13125 0.153704 0.0375 0.0666667
1 0.823438 0.127778 0.059375 0.062963
0 0.723437 0.255556 0.0177083 0.0962963
0 0.544271 0.196296 0.015625 0.0777778
0 0.594271 0.211111 0.0177083 0.0703704
1 0.783333 0.127778 0.05625 0.0666667
0 0.492188 0.181481 0.015625 0.062963
1 0.9375 0.137037 0.05 0.0740741
1 0.558854 0.162963 0.053125 0.0518519
1 0.0364583 0.162037 0.03125 0.0425926
1 0.519792 0.15 0.06875 0.0592593
1 0.293229 0.248148 0.0739583 0.0814815
0 0.790625 0.264815 0.0229167 0.0925926
1 0.115104 0.299074 0.0677083 0.116667
0 0.649479 0.233333 0.015625 0.0777778
1 0.713542 0.197222 0.0833333 0.0685185
1 0.0489583 0.264815 0.05625 0.0814815
1 0.950521 0.539815 0.096875 0.135185
1 0.143229 0.533333 0.115625 0.181481
1 0.410417 0.517593 0.158333 0.209259
