1 0.966146 0.0675926 0.0135417 0.0240741
1 0.0411458 0.0731481 0.0822917 0.0796296
1 0.00989583 0.103704 0.0197917 0.0296296
1 0.963542 0.125 0.01875 0.0277778
1 0.078125 0.0981481 0.0895833 0.0407407
1 0.886979 0.0981481 0.0177083 0.0222222
1 0.764583 0.127778 0.0208333 0.0296296
1 0.950521 0.10463 0.015625 0.0277778
1 0.905729 0.108333 0.0177083 0.0277778
1 0.739062 0.126852 0.021875 0.0277778
1 0.645833 0.17963 0.0395833 0.0481481
1 0.674479 0.190741 0.034375 0.0407407
1 0.875 0.162963 0.025 0.0407407
1 0.561979 0.259259 0.0510417 0.0592593
1 0.659375 0.375926 0.0708333 0.0962963
1 0.522396 0.331481 0.0802083 0.107407
1 0.469792 0.266667 0.0625 0.0703704
1 0.0697917 0.723148 0.139583 0.242593
1 0.280729 0.396296 0.101042 0.0925926
