0 0.873958 0.206481 0.0166667 0.0648148
1 0.501042 0.0796296 0.0229167 0.037037
1 0.269271 0.175926 0.0447917 0.0407407
0 0.191146 0.358333 0.0177083 0.0425926
1 0.853646 0.146296 0.059375 0.0592593
1 0.529688 0.0472222 0.0197917 0.0314815
0 0.0458333 0.502778 0.0166667 0.0796296
1 0.990625 0.247222 0.01875 0.05
1 0.939062 0.196296 0.0614583 0.062963
1 0.294792 0.160185 0.0291667 0.0425926
1 0.628646 0.124074 0.0322917 0.0444444
1 0.0651042 0.353704 0.034375 0.0777778
1 0.571354 0.0712963 0.0197917 0.0314815
1 0.951042 0.151852 0.0729167 0.062963
1 0.608333 0.0842593 0.0229167 0.0351852
1 0.202604 0.225 0.053125 0.0574074
1 0.971875 0.216667 0.05625 0.0703704
1 0.633333 0.166667 0.0375 0.0703704
0 0.192188 0.383333 0.0197917 0.0962963
1 0.501562 0.113889 0.0239583 0.0462963
0 0.0598958 0.536111 0.0302083 0.138889
1 0.158333 0.212963 0.05 0.062963
0 0.0791667 0.47963 0.0270833 0.133333
1 0.126042 0.287963 0.0541667 0.0722222
1 0.09375 0.318519 0.0645833 0.0851852
1 0.622917 0.215741 0.0458333 0.0648148
1 0.445833 0.228704 0.0458333 0.0722222
1 0.508333 0.248148 0.0458333 0.0740741
1 0.316146 0.715741 0.148958 0.253704
