1 0.758854 0.150926 0.021875 0.0314815
1 0.869271 0.137963 0.015625 0.0240741
1 0.71875 0.155556 0.0229167 0.0296296
1 0.00885417 0.115741 0.0177083 0.0314815
1 0.66875 0.187963 0.03125 0.0388889
1 0.0791667 0.110185 0.0791667 0.0351852
1 0.889063 0.157407 0.021875 0.037037
1 0.574479 0.212037 0.040625 0.0425926
1 0.965104 0.122222 0.015625 0.0296296
1 0.678646 0.207407 0.034375 0.0407407
1 0.598437 0.237037 0.059375 0.0740741
1 0.603646 0.277778 0.0614583 0.0814815
1 0.844792 0.217593 0.03125 0.0462963
1 0.926042 0.155556 0.0229167 0.0333333
1 0.130729 0.486111 0.101042 0.0981481
1 0.895312 0.323148 0.0489583 0.0759259
1 0.7125 0.508333 0.0791667 0.127778
1 0.757812 0.291667 0.046875 0.0611111
1 0.171354 0.669444 0.192708 0.205556
1 0.598958 0.511111 0.102083 0.122222
