0 0.117708 0.369444 0.0354167 0.0981481
1 0.660417 0.0787037 0.0291667 0.0277778
1 0.786979 0.0777778 0.0427083 0.0518519
0 0.182812 0.27037 0.021875 0.103704
1 0.479688 0.125926 0.046875 0.118519
1 0.214583 0.122222 0.0458333 0.0851852
1 0.334375 0.0453704 0.03125 0.0425926
0 0.220833 0.237963 0.0125 0.0462963
1 0.266667 0.0962963 0.06875 0.0666667
1 0.379687 0.0546296 0.0364583 0.0537037
0 0.133854 0.350926 0.0239583 0.12037
0 0.111458 0.37963 0.01875 0.0888889
1 0.296875 0.0611111 0.0479167 0.0555556
0 0.0489583 0.447222 0.025 0.112963
1 0.425521 0.121296 0.0385417 0.0574074
