0 0.878646 0.226852 0.0302083 0.0759259
0 0.986979 0.287963 0.015625 0.0425926
1 0.476042 0.0740741 0.0229167 0.0333333
1 0.854688 0.132407 0.028125 0.0314815
1 0.00885417 0.225 0.0177083 0.0240741
0 0.0046875 0.292593 0.009375 0.107407
1 0.878646 0.22963 0.0322917 0.0740741
0 0.0671875 0.271296 0.0260417 0.0685185
1 0.551042 0.0398148 0.0208333 0.0388889
1 0.419271 0.122222 0.028125 0.0518519
1 0.467708 0.183333 0.0604167 0.114815
1 0.826042 0.132407 0.0270833 0.0388889
1 0.0473958 0.207407 0.0364583 0.0666667
1 0.798437 0.114815 0.0364583 0.0481481
0 0.846354 0.234259 0.0177083 0.0759259
1 0.980208 0.242593 0.0395833 0.0777778
1 0.500521 0.110185 0.0302083 0.05
0 0.828646 0.22963 0.0177083 0.0851852
1 0.885417 0.176852 0.0583333 0.087037
1 0.309375 0.221296 0.0479167 0.0722222
1 0.465625 0.298148 0.0666667 0.12963
1 0.961458 0.197222 0.0770833 0.0648148
1 0.194271 0.27037 0.101042 0.0888889
1 0.330208 0.887963 0.16875 0.22037
1 0.388542 0.416667 0.0895833 0.133333
1 0.248958 0.611111 0.11875 0.203704
