1 0.755729 0.106481 0.034375 0.0425926
0 0.065625 0.535185 0.0354167 0.12963
0 0.163542 0.281481 0.0145833 0.0407407
1 0.802083 0.222222 0.05625 0.0703704
1 0.0625 0.387963 0.0375 0.105556
1 0.285937 0.178704 0.0302083 0.0462963
1 0.584896 0.0722222 0.0197917 0.0296296
1 0.835938 0.151852 0.0385417 0.0481481
1 0.152604 0.231481 0.046875 0.0592593
1 0.989062 0.250926 0.021875 0.0685185
1 0.943229 0.165741 0.071875 0.0685185
1 0.234375 0.219444 0.0416667 0.0537037
0 0.961458 0.364815 0.0291667 0.118519
0 0.892708 0.212037 0.0125 0.0648148
1 0.984375 0.151852 0.03125 0.0555556
1 0.121354 0.300926 0.053125 0.0648148
1 0.264583 0.203704 0.0416667 0.0518519
1 0.615104 0.0768519 0.0177083 0.0277778
1 0.936458 0.211111 0.0583333 0.0703704
0 0.0739583 0.494444 0.0291667 0.133333
0 0.874479 0.22963 0.015625 0.0518519
1 0.854688 0.164815 0.0510417 0.0555556
0 0.9875 0.380556 0.025 0.131481
0 0.0510417 0.552778 0.03125 0.142593
1 0.201562 0.239815 0.0572917 0.0574074
1 0.360938 0.234259 0.071875 0.0648148
1 0.0848958 0.337037 0.078125 0.0888889
1 0.96875 0.231481 0.0604167 0.062963
0 0.120833 0.440741 0.0270833 0.114815
1 0.328646 0.312037 0.053125 0.0833333
1 0.156771 0.350926 0.0739583 0.0944444
1 0.470833 0.29537 0.0541667 0.0833333
