1 0.0395833 0.124074 0.0145833 0.0185185
1 0.891667 0.227778 0.1 0.0740741
1 0.377083 0.146296 0.0375 0.0333333
1 0.871354 0.135185 0.065625 0.0555556
1 0.315625 0.135185 0.0354167 0.037037
0 0.478646 0.194444 0.0114583 0.0592593
0 0.588542 0.232407 0.0145833 0.0648148
1 0.823958 0.136111 0.0541667 0.0574074
1 0.418229 0.150926 0.0489583 0.0388889
1 0.743229 0.142593 0.0385417 0.0555556
1 0.513542 0.0925926 0.0604167 0.0444444
1 0.218229 0.146296 0.0302083 0.0407407
0 0.655208 0.237963 0.0145833 0.0759259
0 0.49375 0.196296 0.0166667 0.0777778
1 0.0963542 0.135185 0.021875 0.0296296
1 0.00677083 0.14537 0.0135417 0.0388889
0 0.666146 0.240741 0.015625 0.0740741
1 0.55625 0.168519 0.06875 0.0592593
1 0.596354 0.181481 0.046875 0.0555556
0 0.63125 0.226852 0.01875 0.0759259
1 0.0276042 0.186111 0.0239583 0.0351852
1 0.979167 0.136111 0.0416667 0.0833333
1 0.190104 0.2 0.040625 0.0444444
1 0.0864583 0.305556 0.0625 0.0703704
1 0.120312 0.247222 0.0427083 0.0537037
