0 0.781771 0.455556 0.015625 0.0555556
0 0.936979 0.428704 0.0135417 0.0425926
0 0.890625 0.44537 0.0125 0.0425926
0 0.0442708 0.513889 0.015625 0.0722222
0 0.0260417 0.512037 0.0166667 0.0722222
0 0.658333 0.469444 0.0125 0.0574074
0 0.697396 0.485185 0.0135417 0.062963
0 0.746354 0.45463 0.0114583 0.0574074
0 0.0713542 0.522222 0.015625 0.0666667
1 0.544271 0.973148 0.115625 0.0537037
0 0.684896 0.477778 0.0135417 0.0703704
1 0.0697917 0.962963 0.139583 0.0703704
1 0.250521 0.500926 0.101042 0.0722222
1 0.916146 0.661111 0.0927083 0.1
1 0.283333 0.610185 0.114583 0.0907407
1 0.71875 0.622222 0.104167 0.107407
1 0.279687 0.893519 0.190625 0.161111
