1 0.488542 0.117593 0.0229167 0.0314815
1 0.665104 0.118519 0.028125 0.0407407
1 0.374479 0.159259 0.034375 0.0703704
1 0.745833 0.158333 0.0291667 0.05
1 0.4625 0.180556 0.0291667 0.0425926
1 0.695833 0.171296 0.03125 0.0425926
1 0.447396 0.14537 0.0239583 0.0351852
1 0.346354 0.184259 0.040625 0.0796296
1 0.604167 0.150926 0.025 0.0388889
1 0.73125 0.20463 0.0354167 0.0537037
1 0.421875 0.134259 0.0229167 0.0351852
1 0.665625 0.187037 0.03125 0.0518519
1 0.60625 0.185185 0.0291667 0.0407407
1 0.830729 0.247222 0.046875 0.0574074
1 0.764583 0.248148 0.0458333 0.062963
1 0.692187 0.263889 0.0447917 0.0611111
1 0.629167 0.260185 0.0416667 0.0648148
1 0.721875 0.705556 0.108333 0.185185
1 0.653125 0.371296 0.0645833 0.109259
1 0.983333 0.635185 0.0333333 0.103704
1 0.241146 0.410185 0.071875 0.101852
1 0.933854 0.809259 0.132292 0.207407
1 0.290625 0.500926 0.0833333 0.124074
