1 0.831771 0.275926 0.0697917 0.0444444
1 0.408854 0.222222 0.053125 0.0555556
1 0.936979 0.281481 0.065625 0.0518519
1 0.0848958 0.838889 0.169792 0.311111
1 0.872396 0.964815 0.151042 0.0703704
1 0.229687 0.266667 0.046875 0.0703704
1 0.172396 0.281481 0.0364583 0.062963
1 0.720312 0.464815 0.146875 0.133333
1 0.545833 0.27963 0.0770833 0.0703704
1 0.271875 0.360185 0.0625 0.0907407
1 0.520833 0.362963 0.1 0.0962963
1 0.701563 0.517593 0.151042 0.175926
1 0.930729 0.407407 0.138542 0.144444
1 0.723958 0.332407 0.1125 0.105556
1 0.165104 0.336111 0.0552083 0.0759259
1 0.91875 0.560185 0.1625 0.17963
1 0.918229 0.726852 0.163542 0.231481
1 0.415625 0.453704 0.127083 0.114815
1 0.803646 0.764815 0.276042 0.344444
1 0.570312 0.596296 0.161458 0.174074
1 0.404687 0.601852 0.134375 0.196296
