1 0.323958 0.236111 0.09375 0.0611111
1 0.653125 0.101852 0.0583333 0.0444444
1 0.978646 0.139815 0.0427083 0.0462963
1 0.163542 0.189815 0.08125 0.0648148
1 0.469271 0.102778 0.0510417 0.0574074
1 0.882292 0.15 0.0541667 0.0481481
1 0.583333 0.177778 0.0854167 0.0777778
0 0.655208 0.233333 0.0166667 0.0851852
1 0.929167 0.144444 0.0583333 0.0518519
0 0.639583 0.234259 0.01875 0.0907407
0 0.685938 0.225926 0.0239583 0.0888889
1 0.199479 0.243519 0.134375 0.101852
1 0.05625 0.267593 0.1125 0.105556
1 0.892708 0.367593 0.1625 0.131481
