0 0.115625 0.215741 0.0166667 0.0685185
0 0.283333 0.197222 0.0125 0.0537037
1 0.850521 0.148148 0.0614583 0.0592593
1 0.0635417 0.27963 0.0479167 0.0666667
0 0.270833 0.19537 0.0166667 0.0574074
1 0.570833 0.062037 0.01875 0.0351852
1 0.938542 0.2 0.0625 0.0666667
0 0.122396 0.336111 0.0197917 0.087037
1 0.620313 0.114815 0.028125 0.0444444
1 0.949479 0.152778 0.0739583 0.0611111
1 0.293229 0.165741 0.0302083 0.0388889
1 0.970833 0.222222 0.0583333 0.0703704
1 0.632292 0.0824074 0.0208333 0.0314815
1 0.0635417 0.356481 0.0354167 0.0796296
0 0.0776042 0.474074 0.028125 0.151852
1 0.240104 0.205556 0.0489583 0.0518519
1 0.156771 0.217593 0.0489583 0.0611111
1 0.0875 0.325926 0.0645833 0.0888889
1 0.125521 0.288889 0.0552083 0.0703704
0 0.686458 0.784259 0.0604167 0.216667
1 0.594792 0.174074 0.0375 0.0592593
1 0.639063 0.146296 0.0302083 0.0481481
1 0.203125 0.225 0.0583333 0.0611111
0 0.0546875 0.541667 0.0322917 0.138889
1 0.682292 0.226852 0.0458333 0.0759259
1 0.345313 0.425926 0.0989583 0.177778
1 0.789583 0.515741 0.1125 0.161111
