1 0.373437 0.107407 0.040625 0.0592593
1 0.257292 0.146296 0.05 0.0555556
0 0.160938 0.443519 0.034375 0.12037
1 0.316667 0.156481 0.0604167 0.0611111
0 0.241667 0.846296 0.0375 0.192593
1 0.952083 0.0444444 0.0395833 0.0444444
0 0.0770833 0.572222 0.0333333 0.166667
1 0.979167 0.0574074 0.0416667 0.0518519
1 0.345313 0.140741 0.040625 0.0592593
1 0.719792 0.0259259 0.03125 0.0481481
0 0.154687 0.888889 0.0489583 0.181481
0 0.305208 0.563889 0.04375 0.201852
0 0.207292 0.406481 0.0291667 0.0944444
0 0.0177083 0.758333 0.0354167 0.209259
1 0.255208 0.227778 0.0520833 0.0814815
1 0.8 0.0898148 0.0416667 0.0574074
1 0.545833 0.130556 0.04375 0.0611111
0 0.0661458 0.782407 0.0510417 0.216667
1 0.505729 0.212963 0.0552083 0.0555556
0 0.204688 0.868519 0.0447917 0.248148
1 0.465104 0.188889 0.0552083 0.0888889
0 0.367188 0.368519 0.034375 0.137037
1 0.529688 0.187963 0.059375 0.0722222
1 0.235417 0.265741 0.0729167 0.0944444
1 0.0442708 0.493519 0.0885417 0.172222
1 0.193229 0.310185 0.0802083 0.109259
1 0.0927083 0.413889 0.0895833 0.112963
1 0.142188 0.361111 0.0885417 0.118519
1 0.695312 0.525926 0.113542 0.207407
