1 0.959896 0.311111 0.0802083 0.0814815
0 0.034375 0.416667 0.0270833 0.111111
0 0.885417 0.272222 0.0270833 0.0703704
0 0.623958 0.22963 0.0166667 0.0444444
1 0.0609375 0.012037 0.015625 0.0240741
1 0.8625 0.161111 0.0395833 0.0444444
1 0.298438 0.0462963 0.028125 0.0296296
1 0.804688 0.15 0.046875 0.0407407
0 0.697396 0.242593 0.0197917 0.0851852
1 0.108854 0.0731481 0.0260417 0.0314815
1 0.273958 0.117593 0.04375 0.05
1 0.785417 0.221296 0.0708333 0.0722222
1 0.390625 0.22963 0.0770833 0.0851852
1 0.49375 0.75463 0.229167 0.35
