0 0.235938 0.841667 0.0364583 0.161111
1 0.35625 0.180556 0.0458333 0.0611111
1 0.238021 0.22037 0.040625 0.0703704
0 0.259896 0.805556 0.034375 0.174074
1 0.330729 0.206481 0.0447917 0.0574074
0 0.168229 0.813889 0.0239583 0.0648148
1 0.345833 0.191667 0.0416667 0.0537037
1 0.580208 0.123148 0.03125 0.0574074
1 0.296354 0.225926 0.059375 0.062963
1 0.238021 0.298148 0.0510417 0.0851852
0 0.171875 0.919444 0.0416667 0.157407
1 0.579167 0.0768519 0.025 0.0314815
0 0.275521 0.6 0.0322917 0.118519
0 0.241146 0.385185 0.0260417 0.103704
0 0.16875 0.451852 0.0333333 0.114815
1 0.0338542 0.559259 0.0677083 0.174074
1 0.65 0.177778 0.0375 0.062963
1 0.526042 0.183333 0.0375 0.0666667
0 0.203125 0.902778 0.0375 0.194444
0 0.146354 0.967593 0.046875 0.0648148
0 0.0661458 0.930556 0.053125 0.124074
0 0.316146 0.622222 0.0322917 0.177778
1 0.214062 0.330556 0.0635417 0.0944444
1 0.885938 0.2 0.0510417 0.0703704
1 0.0723958 0.487037 0.090625 0.122222
1 0.585417 0.190741 0.0395833 0.0740741
1 0.122396 0.426852 0.090625 0.124074
0 0.348437 0.515741 0.0260417 0.142593
1 0.173438 0.375 0.084375 0.109259
1 0.677604 0.299074 0.059375 0.0944444
1 0.65625 0.690741 0.125 0.244444
1 0.723958 0.480556 0.102083 0.157407
