1 0.709896 0.0768519 0.0260417 0.0388889
0 0.255729 0.353704 0.0177083 0.0740741
0 0.222917 0.897222 0.0333333 0.198148
1 0.366146 0.147222 0.0364583 0.0537037
1 0.240104 0.201852 0.0447917 0.062963
1 0.584896 0.0333333 0.0197917 0.0296296
1 0.351042 0.169444 0.0375 0.0537037
1 0.741146 0.0833333 0.0302083 0.0592593
1 0.565625 0.102778 0.03125 0.0388889
1 0.413021 0.157407 0.0239583 0.0592593
1 0.603125 0.05 0.01875 0.0296296
1 0.332812 0.188889 0.0364583 0.0592593
1 0.299479 0.207407 0.0572917 0.062963
1 0.240104 0.281481 0.0510417 0.0888889
0 0.282813 0.732407 0.034375 0.190741
0 0.2875 0.594444 0.0291667 0.148148
1 0.564583 0.0583333 0.0208333 0.0351852
0 0.198958 0.90463 0.0416667 0.190741
1 0.760938 0.112963 0.034375 0.0555556
1 0.80625 0.137037 0.0458333 0.0703704
0 0.305208 0.573148 0.0229167 0.175926
1 0.848958 0.196296 0.0479167 0.0666667
0 0.166146 0.915741 0.0510417 0.164815
1 0.217708 0.313889 0.06875 0.0944444
1 0.564062 0.137037 0.034375 0.0555556
1 0.98125 0.333333 0.0375 0.0925926
1 0.0765625 0.474074 0.090625 0.133333
1 0.828646 0.235185 0.065625 0.0962963
1 0.126042 0.412037 0.0895833 0.124074
0 0.0770833 0.866667 0.0458333 0.222222
1 0.0364583 0.546296 0.0729167 0.177778
1 0.177604 0.359259 0.0802083 0.111111
1 0.579687 0.309259 0.0614583 0.103704
1 0.948958 0.440741 0.102083 0.148148
1 0.697396 0.274074 0.0572917 0.0925926
