1 0.122917 0.293519 0.06875 0.135185
1 0.480729 0.0824074 0.028125 0.0388889
1 0.152083 0.181481 0.05 0.062963
1 0.855208 0.119444 0.05 0.0574074
1 0.686979 0.114815 0.034375 0.0481481
1 0.202083 0.189815 0.0625 0.0611111
1 0.521354 0.0675926 0.0260417 0.0425926
1 0.356771 0.182407 0.0739583 0.0574074
1 0.936458 0.166667 0.0625 0.0666667
1 0.651042 0.162963 0.04375 0.0740741
1 0.596875 0.190741 0.0479167 0.0814815
0 0.984896 0.333333 0.021875 0.114815
1 0.509375 0.173148 0.0416667 0.0759259
0 0.957812 0.306481 0.028125 0.124074
1 0.324479 0.227778 0.0510417 0.0740741
1 0.445312 0.180556 0.040625 0.0648148
1 0.105729 0.326852 0.065625 0.116667
1 0.968229 0.187037 0.0635417 0.0666667
1 0.731771 0.191667 0.0510417 0.0759259
1 0.336458 0.412037 0.0895833 0.183333
0 0.0786458 0.44537 0.0260417 0.135185
0 0.053125 0.501852 0.0395833 0.140741
1 0.497917 0.312963 0.0625 0.107407
1 0.711979 0.268519 0.0635417 0.0925926
1 0.611979 0.27037 0.0552083 0.0888889
1 0.896354 0.400926 0.107292 0.142593
1 0.754687 0.714815 0.151042 0.233333
1 0.0869792 0.735185 0.173958 0.255556
1 0.382812 0.919444 0.165625 0.157407
1 0.768229 0.411111 0.101042 0.151852
