1 0.642187 0.0981481 0.046875 0.0407407
1 0.957292 0.140741 0.0333333 0.0296296
1 0.329167 0.234259 0.139583 0.0685185
0 0.640104 0.228704 0.0177083 0.0944444
1 0.164583 0.187037 0.108333 0.0666667
1 0.870833 0.14537 0.0541667 0.0537037
1 0.980208 0.133333 0.0395833 0.0518519
1 0.919792 0.141667 0.0541667 0.0462963
1 0.45625 0.100926 0.0520833 0.0574074
0 0.692187 0.216667 0.015625 0.0851852
0 0.664583 0.225926 0.01875 0.0888889
0 0.631771 0.230556 0.0197917 0.0981481
1 0.573958 0.172222 0.08125 0.0814815
1 0.0494792 0.263889 0.0989583 0.0944444
1 0.1875 0.240741 0.1375 0.103704
1 0.4 0.453704 0.225 0.181481
