1 0.299479 0.112037 0.0322917 0.0388889
1 0.0572917 0.10463 0.01875 0.0240741
0 0.617188 0.213889 0.0177083 0.0759259
1 0.503646 0.075 0.0697917 0.0425926
1 0.814062 0.12963 0.065625 0.0666667
0 0.56875 0.198148 0.0166667 0.0740741
0 0.609896 0.213889 0.0197917 0.0759259
0 0.516146 0.180556 0.015625 0.0611111
1 0.54375 0.150926 0.0666667 0.0574074
1 0.970312 0.12963 0.059375 0.0962963
1 0.121354 0.117593 0.0260417 0.0277778
0 0.747917 0.257407 0.01875 0.0962963
0 0.635938 0.224074 0.0197917 0.0814815
1 0.0239583 0.123148 0.0208333 0.0277778
1 0.583854 0.163889 0.0489583 0.0537037
1 0.1625 0.138889 0.03125 0.0407407
1 0.0364583 0.180556 0.0333333 0.05
1 0.740104 0.197222 0.090625 0.0722222
1 0.275 0.227778 0.0625 0.0703704
1 0.101562 0.265741 0.053125 0.0722222
1 0.509896 0.287963 0.109375 0.0981481
1 0.595312 0.662037 0.230208 0.268519
