1 0.590625 0.0842593 0.0604167 0.0425926
1 0.284375 0.182407 0.04375 0.0611111
1 0.383333 0.142593 0.03125 0.0407407
0 0.0864583 0.777778 0.0541667 0.196296
1 0.642187 0.0546296 0.0239583 0.0425926
1 0.982813 0.087037 0.034375 0.0481481
1 0.567187 0.0925926 0.034375 0.0444444
0 0.244792 0.49537 0.0291667 0.138889
1 0.969271 0.0703704 0.0385417 0.0481481
1 0.645833 0.0981481 0.0333333 0.0407407
1 0.0791667 0.412037 0.08125 0.0796296
1 0.575 0.0435185 0.01875 0.0388889
0 0.0447917 0.818519 0.04375 0.214815
1 0.334896 0.184259 0.0447917 0.0574074
1 0.172917 0.331481 0.0375 0.0925926
0 0.254167 0.439815 0.0270833 0.127778
0 0.0197917 0.867593 0.0395833 0.242593
1 0.03125 0.473148 0.0625 0.0981481
1 0.260938 0.250926 0.0552083 0.0685185
0 0.230208 0.546296 0.03125 0.144444
0 0.120312 0.722222 0.034375 0.188889
1 0.608854 0.0824074 0.0302083 0.0425926
1 0.586458 0.136111 0.0395833 0.0833333
1 0.401563 0.171296 0.0427083 0.0537037
0 0.194271 0.562963 0.034375 0.155556
0 0.295312 0.423148 0.0302083 0.116667
1 0.646354 0.149074 0.040625 0.0759259
1 0.134896 0.371296 0.0822917 0.0981481
1 0.572917 0.189815 0.0479167 0.0722222
1 0.844271 0.237963 0.0697917 0.0907407
1 0.511458 0.27963 0.0645833 0.0962963
1 0.480729 0.452778 0.103125 0.168519
1 0.332292 0.905556 0.1875 0.185185
