1 0.658854 0.262037 0.065625 0.0425926
1 0.672917 0.253704 0.0416667 0.0407407
1 0.642708 0.266667 0.0354167 0.0407407
0 0.0255208 0.377778 0.0260417 0.103704
1 0.608854 0.27963 0.040625 0.0444444
1 0.411979 0.348148 0.071875 0.0703704
1 0.571354 0.296296 0.046875 0.0481481
1 0.917708 0.317593 0.05 0.0759259
1 0.529688 0.309259 0.0489583 0.0481481
1 0.350521 0.385185 0.0822917 0.0777778
1 0.172917 0.40463 0.0604167 0.0611111
1 0.265625 0.42037 0.0979167 0.0740741
1 0.829167 0.42037 0.06875 0.0851852
1 0.786458 0.562037 0.114583 0.142593
