0 0.269271 0.494444 0.0989583 0.0740741
0 0.0119792 0.52037 0.0197917 0.037037
0 0.305729 0.503704 0.0239583 0.0666667
0 0.764063 0.449074 0.015625 0.0537037
0 0.316146 0.502778 0.015625 0.0685185
0 0.444792 0.487963 0.01875 0.0648148
0 0.272396 0.500926 0.015625 0.0796296
0 0.501562 0.486111 0.0197917 0.0648148
0 0.0755208 0.508333 0.0135417 0.0759259
1 0.266667 0.491667 0.1 0.0685185
1 0.0546875 0.764815 0.109375 0.174074
1 0.704167 0.627778 0.0979167 0.1
1 0.885938 0.496296 0.065625 0.062963
1 0.177604 0.919444 0.201042 0.157407
