1 0.939062 0.100926 0.0385417 0.0425926
1 0.56875 0.075 0.0479167 0.0425926
1 0.621354 0.0703704 0.0447917 0.0407407
1 0.990104 0.1 0.0197917 0.0296296
1 0.895312 0.108333 0.053125 0.05
1 0.961979 0.100926 0.059375 0.0462963
1 0.849479 0.116667 0.0635417 0.0481481
1 0.552083 0.150926 0.0791667 0.0833333
1 0.434375 0.0805556 0.0541667 0.0611111
0 0.386458 0.224074 0.0333333 0.1
0 0.610937 0.197222 0.0177083 0.0981481
0 0.646354 0.199074 0.015625 0.0907407
1 0.0375 0.255556 0.075 0.0962963
1 0.164062 0.226852 0.134375 0.105556
