1 0.176042 0.0240741 0.0395833 0.0481481
1 0.0453125 0.0851852 0.046875 0.062963
1 0.021875 0.12037 0.04375 0.0518519
0 0.028125 0.292593 0.025 0.133333
0 0.923437 0.0583333 0.0177083 0.0833333
0 0.160938 0.12963 0.0177083 0.0777778
1 0.40625 0.0305556 0.05 0.0611111
1 0.520833 0.0194444 0.0416667 0.0388889
0 0.991667 0.130556 0.0166667 0.0944444
1 0.690104 0.0333333 0.0552083 0.0666667
1 0.630729 0.0787037 0.0635417 0.0981481
1 0.48125 0.109259 0.0625 0.107407
1 0.946354 0.818519 0.105208 0.348148
1 0.767708 0.193519 0.0958333 0.131481
1 0.180208 0.555556 0.18125 0.292593
