0 0.169792 0.363889 0.0145833 0.05
1 0.327604 0.274074 0.0239583 0.037037
1 0.820312 0.285185 0.0302083 0.0444444
0 0.864062 0.363889 0.021875 0.0574074
0 0.132812 0.412963 0.015625 0.0555556
0 0.293229 0.307407 0.0114583 0.0518519
1 0.921354 0.359259 0.0510417 0.0592593
1 0.0317708 0.448148 0.0614583 0.0962963
1 0.727604 0.921296 0.163542 0.153704
1 0.960417 0.384259 0.0645833 0.0722222
1 0.985417 0.411111 0.0291667 0.0666667
1 0.653125 0.250926 0.0291667 0.0462963
1 0.508333 0.234259 0.0229167 0.0351852
1 0.227604 0.344444 0.0552083 0.062963
1 0.611458 0.25 0.0270833 0.0407407
1 0.502083 0.374074 0.04375 0.0777778
1 0.380208 0.351852 0.0458333 0.0703704
1 0.267708 0.786111 0.14375 0.246296
1 0.457292 0.537037 0.0770833 0.133333
