1 0.259375 0.193519 0.025 0.05
1 0.311458 0.148148 0.0229167 0.0407407
1 0.990625 0.246296 0.01875 0.0518519
1 0.0578125 0.275926 0.059375 0.0666667
1 0.940104 0.197222 0.0614583 0.0648148
1 0.854688 0.14537 0.059375 0.0611111
0 0.0473958 0.502778 0.0197917 0.0796296
0 0.580729 0.0916667 0.009375 0.0351852
1 0.608854 0.0833333 0.0197917 0.0333333
0 0.128646 0.333333 0.021875 0.0851852
1 0.952604 0.149074 0.078125 0.0648148
1 0.284375 0.168519 0.0291667 0.0444444
1 0.270312 0.17963 0.040625 0.0518519
1 0.196354 0.218519 0.0427083 0.0777778
0 0.109896 0.227778 0.015625 0.0555556
1 0.971354 0.213889 0.0572917 0.0722222
1 0.29375 0.161111 0.0270833 0.0444444
1 0.0651042 0.35463 0.034375 0.0796296
1 0.2375 0.206481 0.0479167 0.0611111
1 0.679167 0.12963 0.0333333 0.0444444
1 0.595312 0.190741 0.0385417 0.0592593
0 0.0614583 0.538889 0.0270833 0.12963
0 0.166667 0.390741 0.01875 0.0962963
0 0.0791667 0.47963 0.0270833 0.133333
1 0.157292 0.214815 0.0479167 0.0555556
1 0.126042 0.283333 0.0541667 0.062963
1 0.0932292 0.317593 0.065625 0.0833333
1 0.617188 0.250926 0.0489583 0.0759259
1 0.704167 0.303704 0.0645833 0.1
1 0.678125 0.535185 0.108333 0.162963
