1 0.563021 0.0675926 0.0260417 0.0574074
1 0.258333 0.225926 0.0604167 0.0814815
1 0.625521 0.0981481 0.0427083 0.0666667
1 0.632812 0.037037 0.028125 0.037037
1 0.258333 0.152778 0.05 0.0537037
1 0.798437 0.0759259 0.0364583 0.0518519
1 0.599479 0.0462963 0.028125 0.0407407
0 0.34375 0.489815 0.0333333 0.142593
0 0.366146 0.377778 0.0322917 0.133333
0 0.245833 0.372222 0.0291667 0.0888889
1 0.753125 0.0481481 0.0375 0.0592593
0 0.254167 0.703704 0.0541667 0.207407
0 0.301562 0.575 0.0427083 0.187037
1 0.554167 0.110185 0.0354167 0.0574074
0 0.359896 0.637037 0.034375 0.207407
0 0.15625 0.485185 0.03125 0.0814815
1 0.594792 0.200926 0.05 0.0907407
0 0.172917 0.899074 0.05 0.201852
0 0.329167 0.67037 0.0375 0.2
1 0.845833 0.143519 0.0520833 0.0685185
0 0.203646 0.860185 0.0510417 0.272222
0 0.255208 0.868519 0.0583333 0.233333
1 0.50625 0.163889 0.05625 0.0722222
1 0.0921875 0.430556 0.090625 0.135185
1 0.231771 0.272222 0.071875 0.0962963
1 0.141146 0.371296 0.090625 0.12037
1 0.616146 0.259259 0.0697917 0.144444
1 0.190625 0.318519 0.08125 0.111111
1 0.746875 0.289815 0.0875 0.135185
1 0.0161458 0.737037 0.0322917 0.159259
1 0.0432292 0.502778 0.0864583 0.168519
1 0.696875 0.689815 0.1375 0.253704
1 0.628125 0.431481 0.1 0.151852
