1 0.569271 0.175926 0.0177083 0.0296296
1 0.605729 0.163889 0.0177083 0.0240741
1 0.863021 0.315741 0.0385417 0.0574074
1 0.989062 0.412037 0.021875 0.0611111
1 0.826042 0.284259 0.03125 0.05
0 0.176563 0.362963 0.0135417 0.0518519
1 0.633333 0.166667 0.0145833 0.0259259
0 0.140625 0.40463 0.0166667 0.0685185
0 0.198958 0.421296 0.0229167 0.0833333
1 0.892708 0.337037 0.0479167 0.0518519
1 0.33125 0.274074 0.0291667 0.037037
1 0.009375 0.884259 0.01875 0.135185
1 0.509896 0.188889 0.015625 0.0222222
1 0.967708 0.387037 0.0645833 0.0740741
1 0.651042 0.226852 0.025 0.0314815
1 0.234375 0.343519 0.0541667 0.0611111
1 0.925 0.360185 0.0583333 0.0611111
