1 0.88125 0.336111 0.0395833 0.0537037
0 0.832812 0.326852 0.015625 0.05
1 0.328646 0.272222 0.028125 0.0407407
0 0.169792 0.352778 0.0166667 0.0648148
1 0.984896 0.411111 0.0302083 0.0666667
0 0.133854 0.411111 0.0135417 0.062963
0 0.284896 0.318519 0.0114583 0.0481481
1 0.641146 0.235185 0.0302083 0.037037
1 0.665625 0.24537 0.025 0.0388889
1 0.960938 0.383333 0.065625 0.0666667
1 0.601562 0.225 0.021875 0.0314815
1 0.918229 0.356481 0.059375 0.0611111
1 0.510417 0.277778 0.03125 0.0518519
1 0.227604 0.342593 0.0552083 0.062963
1 0.640625 0.510185 0.0645833 0.127778
1 0.415104 0.890741 0.138542 0.214815
1 0.296354 0.477778 0.0760417 0.103704
