1 0.0338542 0.301852 0.0572917 0.0518519
1 0.205208 0.262037 0.0541667 0.0796296
1 0.427604 0.151852 0.053125 0.0666667
1 0.573958 0.0694444 0.0520833 0.0574074
1 0.6125 0.0472222 0.0458333 0.0462963
1 0.23125 0.257407 0.10625 0.0888889
1 0.471875 0.123148 0.0645833 0.0685185
1 0.524479 0.0944444 0.0572917 0.0666667
1 0.23125 0.534259 0.202083 0.209259
1 0.125 0.317593 0.116667 0.109259
1 0.0375 0.374074 0.075 0.107407
1 0.726562 0.0712963 0.0572917 0.0685185
1 0.305729 0.384259 0.155208 0.124074
