0 0.390625 0.177778 0.01875 0.062963
1 0.243229 0.237963 0.0614583 0.0981481
0 0.236458 0.846296 0.04375 0.203704
1 0.648438 0.0861111 0.0322917 0.0759259
1 0.816667 0.10463 0.0395833 0.0648148
1 0.204167 0.287963 0.1 0.105556
1 0.610937 0.0583333 0.0302083 0.05
0 0.4375 0.10463 0.0125 0.0462963
1 0.584375 0.0212963 0.0229167 0.0351852
0 0.335938 0.34537 0.0177083 0.12037
0 0.288021 0.67963 0.034375 0.2
0 0.3 0.569444 0.0458333 0.183333
1 0.532812 0.128704 0.0385417 0.0685185
0 0.516667 0.67037 0.05 0.0851852
1 0.603646 0.133333 0.0427083 0.0851852
1 0.570833 0.0935185 0.0395833 0.0648148
1 0.663542 0.12963 0.0479167 0.0814815
1 0.223958 0.27037 0.0666667 0.0962963
0 0.307292 0.844444 0.0645833 0.218519
0 0.0890625 0.826852 0.046875 0.198148
0 0.205208 0.862963 0.0583333 0.266667
0 0.159896 0.893519 0.0635417 0.198148
1 0.185937 0.316667 0.0802083 0.111111
1 0.0859375 0.418519 0.090625 0.107407
1 0.866146 0.173148 0.065625 0.087037
1 0.950521 0.172222 0.0677083 0.0777778
1 0.134375 0.368519 0.0916667 0.122222
1 0.970312 0.319444 0.059375 0.112963
1 0.0401042 0.491667 0.0802083 0.153704
1 0.546875 0.17963 0.0479167 0.0777778
1 0.695312 0.198148 0.059375 0.0925926
1 0.0494792 0.686111 0.096875 0.238889
1 0.611458 0.198148 0.0520833 0.0888889
1 0.782812 0.442593 0.113542 0.177778
1 0.624479 0.357407 0.084375 0.137037
