1 0.375 0.112037 0.0479167 0.05
1 0.180729 0.287037 0.040625 0.0925926
0 0.245312 0.424074 0.0302083 0.0851852
0 0.105729 0.583333 0.0197917 0.103704
1 0.254687 0.228704 0.0364583 0.0648148
1 0.979688 0.0287037 0.040625 0.05
0 0.250521 0.465741 0.028125 0.131481
1 0.698958 0.0138889 0.0270833 0.0277778
1 0.0333333 0.437963 0.0666667 0.109259
1 0.419271 0.712963 0.196875 0.47037
1 0.336979 0.142593 0.0572917 0.062963
1 0.269271 0.207407 0.0489583 0.0703704
1 0.798958 0.0203704 0.0291667 0.0407407
1 0.457812 0.173148 0.078125 0.0685185
1 0.75625 0.0407407 0.0333333 0.0444444
0 0.158333 0.624074 0.03125 0.17037
0 0.0916667 0.727778 0.0479167 0.185185
0 0.0270833 0.82037 0.0520833 0.22963
0 0.259375 0.39537 0.0291667 0.124074
0 0.0614583 0.762963 0.0416667 0.222222
0 0.126563 0.675926 0.034375 0.185185
0 0.19375 0.512963 0.0333333 0.166667
1 0.479167 0.196296 0.0625 0.0851852
0 0.303646 0.383333 0.0239583 0.118519
1 0.5875 0.14537 0.0458333 0.087037
1 0.0833333 0.376852 0.08125 0.0944444
0 0.236458 0.498148 0.0291667 0.155556
1 0.655208 0.118519 0.0416667 0.0666667
1 0.139062 0.330556 0.084375 0.105556
1 0.970833 0.373148 0.0583333 0.157407
1 0.642708 0.20463 0.05625 0.0944444
1 0.500521 0.444444 0.103125 0.166667
