1 0.719271 0.130556 0.0197917 0.0277778
1 0.682813 0.187037 0.0322917 0.0481481
1 0.964583 0.125926 0.01875 0.0296296
1 0.700521 0.147222 0.0239583 0.0351852
1 0.855208 0.147222 0.0208333 0.0277778
1 0.0104167 0.10463 0.0208333 0.0277778
1 0.884375 0.149074 0.0270833 0.0314815
1 0.0791667 0.100926 0.0895833 0.0388889
1 0.924479 0.160185 0.021875 0.0351852
1 0.914062 0.230556 0.034375 0.05
1 0.855208 0.212037 0.03125 0.0537037
1 0.975 0.161111 0.025 0.0407407
1 0.568229 0.202778 0.0385417 0.0462963
1 0.600521 0.238889 0.0489583 0.0481481
1 0.976562 0.266667 0.0385417 0.062963
1 0.513542 0.613889 0.129167 0.161111
1 0.558854 0.323148 0.0697917 0.0759259
1 0.764583 0.386111 0.0666667 0.0907407
