0 0.367188 0.375926 0.0322917 0.118519
1 0.35 0.149074 0.0458333 0.0685185
1 0.561979 0.0268519 0.0239583 0.0425926
1 0.801562 0.062963 0.034375 0.0518519
0 0.208333 0.748148 0.0375 0.118519
0 0.239063 0.839815 0.040625 0.212963
0 0.256771 0.326852 0.021875 0.105556
1 0.746875 0.0416667 0.0354167 0.0574074
1 0.603646 0.0564815 0.028125 0.0462963
0 0.423438 0.127778 0.015625 0.0555556
0 0.102083 0.82037 0.0333333 0.225926
0 0.132292 0.528704 0.03125 0.0796296
0 0.243229 0.384259 0.028125 0.0759259
1 0.639583 0.0537037 0.0291667 0.0444444
0 0.364062 0.637963 0.028125 0.205556
1 0.829167 0.124074 0.0479167 0.062963
0 0.166146 0.900926 0.0510417 0.194444
1 0.553646 0.122222 0.040625 0.062963
0 0.304688 0.573148 0.0385417 0.190741
1 0.598437 0.22963 0.0510417 0.0962963
1 0.631771 0.117593 0.046875 0.0759259
0 0.259375 0.69537 0.04375 0.205556
1 0.49375 0.175926 0.0625 0.0740741
0 0.204688 0.869444 0.0510417 0.253704
1 0.233333 0.27037 0.0708333 0.0925926
0 0.333854 0.664815 0.040625 0.196296
1 0.0932292 0.433333 0.090625 0.137037
1 0.191667 0.318519 0.0833333 0.111111
1 0.142188 0.37037 0.090625 0.118519
1 0.622917 0.292593 0.0770833 0.159259
1 0.0166667 0.737037 0.0333333 0.162963
1 0.0432292 0.502778 0.0864583 0.172222
1 0.648958 0.502778 0.104167 0.175926
1 0.781771 0.364815 0.105208 0.166667
1 0.720312 0.877778 0.178125 0.237037
