1 0.297396 0.176852 0.0197917 0.0277778
1 0.597917 0.239815 0.0375 0.0351852
1 0.234896 0.210185 0.0322917 0.0351852
0 0.154687 0.309259 0.0135417 0.0481481
1 0.654167 0.249074 0.0541667 0.0462963
1 0.0265625 0.366667 0.0510417 0.0962963
1 0.314583 0.208333 0.0333333 0.0351852
1 0.18125 0.187037 0.0208333 0.0333333
1 0.560417 0.226852 0.0479167 0.0388889
1 0.0473958 0.287037 0.034375 0.0666667
1 0.214062 0.235185 0.0322917 0.0407407
1 0.920313 0.326852 0.0947917 0.0685185
0 0.0166667 0.425926 0.0208333 0.0925926
1 0.7125 0.261111 0.06875 0.0592593
1 0.0359375 0.225926 0.0260417 0.0407407
1 0.8375 0.30463 0.0895833 0.0574074
1 0.845833 0.412963 0.133333 0.103704
1 0.405729 0.35 0.0635417 0.0814815
