1 0.330208 0.235185 0.129167 0.062963
0 0.514583 0.0935185 0.0125 0.0537037
1 0.928646 0.141667 0.040625 0.0462963
0 0.641146 0.233333 0.0197917 0.0888889
1 0.980729 0.135185 0.0385417 0.0518519
1 0.159896 0.190741 0.0947917 0.062963
1 0.457812 0.102778 0.0510417 0.0574074
0 0.633333 0.232407 0.0208333 0.0907407
0 0.665104 0.227778 0.015625 0.0851852
1 0.573958 0.174074 0.08125 0.0814815
0 0.709896 0.219444 0.0177083 0.0796296
1 0.0505208 0.264815 0.0989583 0.0962963
1 0.1875 0.242593 0.1375 0.103704
1 0.710417 0.366667 0.16875 0.137037
1 0.879167 0.575926 0.222917 0.211111
