1 0.881771 0.266667 0.0885417 0.0703704
1 0.839063 0.165741 0.0989583 0.0574074
1 0.0354167 0.213889 0.03125 0.0425926
1 0.311979 0.149074 0.0385417 0.0351852
1 0.078125 0.269444 0.0458333 0.0611111
1 0.509896 0.111111 0.0760417 0.0407407
1 0.121354 0.242593 0.0427083 0.0555556
1 0.974479 0.166667 0.0510417 0.0851852
1 0.244792 0.213889 0.0458333 0.0462963
0 0.610417 0.243519 0.0166667 0.0796296
0 0.6625 0.265741 0.0145833 0.0722222
1 0.140625 0.347222 0.0625 0.0907407
1 0.233333 0.334259 0.0770833 0.0944444
1 0.746875 0.234259 0.0854167 0.0722222
1 0.209896 0.469444 0.0947917 0.138889
1 0.967188 0.55463 0.065625 0.138889
1 0.796354 0.571296 0.230208 0.190741
1 0.405729 0.314815 0.0927083 0.0851852
