1 0.880208 0.12037 0.01875 0.0222222
1 0.763021 0.139815 0.021875 0.0277778
1 0.89375 0.144444 0.01875 0.0259259
1 0.713542 0.169444 0.03125 0.0462963
1 0.0119792 0.110185 0.0239583 0.0314815
1 0.858854 0.165741 0.0239583 0.0462963
1 0.676042 0.233333 0.0416667 0.0481481
1 0.0744792 0.10463 0.096875 0.0425926
1 0.685938 0.163889 0.0260417 0.0314815
1 0.961458 0.178704 0.025 0.0388889
1 0.9125 0.203704 0.0270833 0.0555556
1 0.531771 0.274074 0.059375 0.0925926
1 0.770833 0.261111 0.04375 0.0592593
1 0.03125 0.582407 0.0625 0.116667
1 0.835417 0.275 0.04375 0.0611111
1 0.0572917 0.734259 0.114583 0.164815
1 0.850521 0.512037 0.0677083 0.124074
1 0.498437 0.631481 0.142708 0.17037
