1 0.939062 0.17963 0.0135417 0.0222222
0 0.0260417 0.374074 0.0229167 0.0925926
1 0.673437 0.251852 0.0385417 0.0407407
0 0.316146 0.351852 0.015625 0.0518519
1 0.413542 0.348148 0.0708333 0.0666667
1 0.642708 0.264815 0.0333333 0.0407407
1 0.95625 0.266667 0.0333333 0.037037
1 0.957292 0.297222 0.0354167 0.0648148
1 0.610417 0.277778 0.0395833 0.0407407
1 0.9875 0.237963 0.025 0.0462963
1 0.572917 0.292593 0.0458333 0.0444444
1 0.351042 0.381481 0.075 0.0777778
1 0.531771 0.307407 0.0510417 0.0444444
1 0.847917 0.458333 0.0791667 0.087037
1 0.173438 0.400926 0.059375 0.0648148
1 0.266667 0.416667 0.0979167 0.0777778
