1 0.582812 0.062037 0.0302083 0.0685185
0 0.245833 0.689815 0.0333333 0.138889
1 0.664583 0.0787037 0.0375 0.0574074
0 0.51875 0.803704 0.0625 0.114815
0 0.129167 0.509259 0.0229167 0.0777778
0 0.150521 0.490741 0.0177083 0.0481481
0 0.245833 0.842593 0.03125 0.225926
1 0.891667 0.122222 0.05 0.0703704
1 0.825521 0.140741 0.0552083 0.0814815
1 0.60625 0.0518519 0.03125 0.0481481
0 0.296354 0.648148 0.034375 0.225926
0 0.0802083 0.833333 0.0604167 0.192593
1 0.0166667 0.70463 0.0333333 0.135185
1 0.607292 0.117593 0.04375 0.0722222
1 0.626042 0.198148 0.0645833 0.0962963
1 0.234375 0.255556 0.06875 0.0962963
0 0.166667 0.880556 0.0583333 0.22037
0 0.221354 0.85 0.046875 0.262963
1 0.708333 0.182407 0.0645833 0.0833333
1 0.938021 0.191667 0.0760417 0.0907407
1 0.589063 0.274074 0.0677083 0.111111
1 0.19375 0.301852 0.08125 0.111111
1 0.0942708 0.409259 0.090625 0.122222
1 0.816667 0.417593 0.110417 0.231481
0 0.352604 0.397222 0.0302083 0.142593
1 0.0442708 0.483333 0.0885417 0.17037
1 0.733854 0.24537 0.0677083 0.116667
1 0.143229 0.35463 0.090625 0.124074
1 0.655729 0.330556 0.084375 0.17963
1 0.673437 0.538889 0.119792 0.203704
1 0.745313 0.857407 0.198958 0.277778
