1 0.505729 0.523148 0.113542 0.175926
1 0.681771 0.166667 0.040625 0.0481481
1 0.917188 0.0805556 0.0177083 0.0203704
1 0.948438 0.0740741 0.0197917 0.0296296
1 0.875521 0.0935185 0.0197917 0.0351852
1 0.553125 0.184259 0.0395833 0.05
1 0.8625 0.119444 0.0229167 0.0351852
1 0.949479 0.130556 0.0260417 0.0351852
1 0.773958 0.185185 0.0416667 0.0555556
1 0.905208 0.114815 0.0229167 0.0407407
1 0.832292 0.192593 0.0375 0.0518519
1 0.482812 0.315741 0.0697917 0.116667
1 0.450521 0.285185 0.065625 0.0740741
1 0.0916667 0.711111 0.183333 0.248148
1 0.193229 0.466667 0.159375 0.192593
1 0.283854 0.34537 0.084375 0.109259
1 0.717708 0.942593 0.13125 0.114815
1 0.771354 0.330556 0.065625 0.087037
1 0.967188 0.512963 0.065625 0.12963
1 0.06875 0.45 0.1375 0.155556
1 0.458333 0.911111 0.2 0.17037
