1 0.638021 0.0796296 0.0427083 0.0407407
0 0.639063 0.210185 0.015625 0.0907407
1 0.861458 0.126852 0.05625 0.05
1 0.909375 0.122222 0.0604167 0.0518519
1 0.970312 0.113889 0.059375 0.0537037
0 0.625521 0.215741 0.0197917 0.0944444
1 0.563542 0.159259 0.0854167 0.0814815
1 0.450521 0.087963 0.0552083 0.0611111
0 0.659896 0.209259 0.015625 0.0888889
1 0.0463542 0.258333 0.090625 0.0944444
1 0.180208 0.230556 0.135417 0.105556
1 0.803646 0.290741 0.140625 0.122222
1 0.873438 0.55 0.205208 0.225926
1 0.359896 0.464815 0.246875 0.233333
