1 0.201042 0.15 0.04375 0.0555556
1 0.05625 0.186111 0.025 0.0314815
1 0.838542 0.159259 0.09375 0.0592593
0 0.65 0.256481 0.0145833 0.0759259
1 0.5125 0.109259 0.06875 0.0444444
1 0.895312 0.266667 0.111458 0.0851852
1 0.259896 0.185185 0.0385417 0.0481481
0 0.623958 0.246296 0.01875 0.0740741
0 0.660937 0.263889 0.015625 0.0796296
1 0.974479 0.162963 0.0489583 0.0814815
1 0.235417 0.234259 0.0479167 0.0537037
1 0.591667 0.199074 0.0479167 0.0537037
1 0.071875 0.25463 0.0395833 0.0574074
1 0.134375 0.25 0.0458333 0.0592593
1 0.748958 0.230556 0.0875 0.0759259
1 0.383333 0.238889 0.0645833 0.0703704
1 0.130729 0.299074 0.053125 0.0759259
1 0.66875 0.391667 0.16875 0.127778
1 0.360938 0.706481 0.176042 0.268519
1 0.209896 0.42037 0.0822917 0.122222
