1 0.202083 0.281481 0.0833333 0.1
1 0.401563 0.0842593 0.034375 0.0425926
0 0.245833 0.419444 0.0291667 0.0796296
0 0.161979 0.532407 0.0302083 0.0981481
1 0.376042 0.105556 0.0541667 0.0518519
1 0.416667 0.0731481 0.025 0.0462963
1 0.253646 0.233333 0.0364583 0.0814815
1 0.179167 0.284259 0.0395833 0.0944444
1 0.98125 0.0277778 0.0375 0.0518519
1 0.216667 0.237963 0.104167 0.101852
1 0.288542 0.133333 0.04375 0.0703704
1 0.388542 0.0972222 0.0333333 0.05
0 0.252083 0.453704 0.0270833 0.122222
0 0.154167 0.633333 0.0354167 0.17037
0 0.0625 0.77037 0.04375 0.207407
1 0.761458 0.0259259 0.0333333 0.0444444
0 0.0260417 0.825 0.05 0.216667
1 0.893229 0.427778 0.138542 0.240741
0 0.090625 0.725 0.0541667 0.190741
1 0.366667 0.117593 0.0416667 0.0537037
0 0.122917 0.675 0.0333333 0.183333
0 0.258333 0.389815 0.0291667 0.127778
1 0.0328125 0.435185 0.065625 0.111111
1 0.133854 0.328704 0.0739583 0.105556
1 0.760417 0.0666667 0.0354167 0.0555556
1 0.336458 0.137963 0.05625 0.0611111
0 0.303125 0.378704 0.025 0.116667
0 0.192708 0.511111 0.0333333 0.166667
1 0.26875 0.202778 0.05 0.0722222
0 0.236458 0.494444 0.0291667 0.151852
1 0.0828125 0.373148 0.0802083 0.0981481
1 0.473437 0.192593 0.0572917 0.0851852
1 0.534375 0.323148 0.0729167 0.127778
