1 0.575 0.121296 0.0583333 0.05
1 0.0583333 0.244444 0.0375 0.0592593
0 0.607292 0.249074 0.0145833 0.0796296
1 0.854167 0.17037 0.0625 0.0555556
1 0.11875 0.243519 0.04375 0.0648148
1 0.804688 0.17037 0.0739583 0.0666667
1 0.896875 0.280556 0.114583 0.0796296
1 0.509375 0.117593 0.06875 0.0462963
0 0.151562 0.512037 0.028125 0.0574074
1 0.970833 0.175926 0.0520833 0.0703704
1 0.258854 0.225926 0.0510417 0.0592593
0 0.635417 0.259259 0.0125 0.0703704
1 0.153125 0.311111 0.0583333 0.0777778
1 0.309375 0.280556 0.0708333 0.0722222
1 0.742708 0.239815 0.0854167 0.0759259
1 0.704167 0.430556 0.158333 0.138889
1 0.409375 0.496296 0.14375 0.177778
1 0.3125 0.598148 0.1375 0.207407
