1 0.472917 0.0722222 0.13125 0.0925926
1 0.0463542 0.100926 0.0427083 0.0648148
1 0.432813 0.0314815 0.059375 0.062963
1 0.270833 0.0157407 0.0520833 0.0314815
1 0.315104 0.012963 0.0239583 0.0259259
1 0.0213542 0.134259 0.0427083 0.0537037
0 0.113021 0.115741 0.0197917 0.0722222
0 0.235417 0.0388889 0.0166667 0.0666667
0 0.0182292 0.350926 0.034375 0.168519
1 0.346354 0.110185 0.0635417 0.101852
1 0.510417 0.0731481 0.0604167 0.105556
1 0.758333 0.215741 0.1125 0.17963
1 0.4375 0.0731481 0.0604167 0.0907407
1 0.419792 0.237963 0.0833333 0.142593
