1 0.323958 0.125 0.0375 0.0314815
1 0.870313 0.121296 0.0760417 0.0611111
0 0.538542 0.190741 0.0145833 0.0518519
0 0.493229 0.185185 0.0177083 0.0666667
0 0.5875 0.20463 0.0145833 0.0722222
1 0.385417 0.130556 0.0395833 0.0388889
1 0.833854 0.123148 0.059375 0.0685185
1 0.605208 0.161111 0.05 0.0444444
1 0.424479 0.137037 0.046875 0.0407407
1 0.518229 0.0777778 0.0552083 0.0407407
0 0.5 0.189815 0.0125 0.0648148
1 0.917708 0.22963 0.1125 0.0851852
1 0.0197917 0.15 0.0208333 0.0333333
0 0.0265625 0.675 0.0364583 0.116667
0 0.60625 0.206481 0.0166667 0.0833333
1 0.984375 0.122222 0.03125 0.0777778
1 0.0338542 0.172222 0.028125 0.037037
1 0.0755208 0.206481 0.034375 0.0462963
0 0.675 0.232407 0.0145833 0.0722222
0 0.641667 0.224074 0.01875 0.0851852
1 0.0510417 0.247222 0.0375 0.0648148
1 0.7625 0.196296 0.0875 0.0740741
1 0.2625 0.19537 0.0479167 0.0537037
1 0.792188 0.496296 0.236458 0.196296
1 0.229687 0.45 0.096875 0.144444
