0 0.289583 0.373148 0.0166667 0.0574074
0 0.00885417 0.660185 0.0177083 0.124074
0 0.204688 0.476852 0.021875 0.0685185
1 0.973958 0.281481 0.0520833 0.0407407
0 0.143229 0.577778 0.0239583 0.107407
1 0.689062 0.264815 0.028125 0.0333333
1 0.481771 0.211111 0.015625 0.0222222
1 0.251563 0.332407 0.0489583 0.0648148
1 0.863021 0.333333 0.0635417 0.0666667
0 0.107292 0.606481 0.03125 0.105556
0 0.25625 0.425926 0.0145833 0.0740741
0 0.0375 0.7 0.0270833 0.118519
0 0.898438 0.47037 0.0197917 0.1
0 0.06875 0.636111 0.0229167 0.131481
1 0.835417 0.336111 0.0854167 0.0722222
0 0.165625 0.539815 0.0229167 0.109259
1 0.466146 0.240741 0.0260417 0.037037
0 0.916667 0.491667 0.0208333 0.0907407
0 0.93125 0.512963 0.01875 0.107407
1 0.283854 0.288889 0.0385417 0.062963
1 0.336979 0.256481 0.0427083 0.05
0 0.241667 0.427778 0.0166667 0.0814815
0 0.129167 0.583333 0.025 0.118519
1 0.45625 0.301852 0.0354167 0.0555556
1 0.500521 0.325 0.0385417 0.0574074
1 0.391146 0.340741 0.0489583 0.062963
1 0.413021 0.465741 0.0635417 0.109259
1 0.0817708 0.875926 0.163542 0.240741
