1 0.540625 0.117593 0.0208333 0.0277778
1 0.664062 0.14537 0.028125 0.0351852
1 0.411979 0.139815 0.0197917 0.0351852
1 0.470313 0.123148 0.021875 0.0314815
1 0.0489583 0.0333333 0.0479167 0.0407407
1 0.445833 0.147222 0.025 0.0388889
1 0.61875 0.180556 0.0291667 0.0425926
1 0.428646 0.114815 0.021875 0.0333333
1 0.995833 0.6 0.00833333 0.103704
1 0.753646 0.216667 0.0385417 0.0555556
1 0.684375 0.192593 0.0375 0.062963
1 0.634375 0.224074 0.0375 0.0592593
1 0.433854 0.271296 0.0427083 0.0685185
1 0.736458 0.275 0.0458333 0.0648148
1 0.829167 0.297222 0.0583333 0.0833333
1 0.776042 0.363889 0.0604167 0.0907407
1 0.676562 0.300926 0.046875 0.0759259
1 0.247917 0.424074 0.0875 0.140741
1 0.663542 0.405556 0.0666667 0.0962963
1 0.965104 0.874074 0.0697917 0.222222
1 0.413542 0.524074 0.08125 0.140741
1 0.148958 0.436111 0.0895833 0.109259
1 0.756771 0.755556 0.126042 0.207407
