1 0.519792 0.213889 0.0375 0.0351852
1 0.147917 0.153704 0.0270833 0.037037
1 0.242188 0.188889 0.034375 0.0407407
1 0.479688 0.201852 0.046875 0.037037
0 0.0729167 0.412037 0.0208333 0.0907407
1 0.947917 0.319444 0.1 0.0685185
1 0.833854 0.290741 0.0927083 0.0666667
1 0.0890625 0.140741 0.0197917 0.0259259
1 0.571875 0.221296 0.0541667 0.05
0 0.138021 0.449074 0.021875 0.0907407
1 0.632292 0.231481 0.0708333 0.0592593
0 0.0229167 0.42037 0.0229167 0.1
1 0.75 0.269444 0.0791667 0.0574074
0 0.127083 0.700926 0.0458333 0.172222
1 0.797917 0.396296 0.14375 0.1
