1 0.695833 0.187037 0.0354167 0.0444444
1 0.015625 0.782407 0.03125 0.109259
1 0.0104167 0.113889 0.0208333 0.0351852
1 0.928125 0.189815 0.025 0.0388889
1 0.970833 0.183333 0.0270833 0.0407407
1 0.08125 0.107407 0.0854167 0.0407407
1 0.792188 0.236111 0.040625 0.05
1 0.848437 0.248148 0.0364583 0.0518519
1 0.596354 0.214815 0.040625 0.0518519
1 0.633333 0.230556 0.0395833 0.0462963
1 0.433854 0.284259 0.065625 0.0685185
1 0.967708 0.419444 0.0604167 0.0981481
1 0.83125 0.585185 0.0895833 0.151852
1 0.664583 0.418519 0.0833333 0.0962963
