1 0.0432292 0.22037 0.0302083 0.0444444
1 0.311979 0.15 0.0385417 0.037037
1 0.0953125 0.217593 0.0302083 0.0462963
0 0.471354 0.207407 0.0135417 0.0518519
1 0.813021 0.160185 0.0614583 0.0611111
1 0.230208 0.209259 0.0458333 0.0481481
0 0.749479 0.0796296 0.0135417 0.0666667
1 0.0973958 0.286111 0.0489583 0.0833333
0 0.452083 0.208333 0.0145833 0.0611111
1 0.5125 0.112037 0.0708333 0.0425926
1 0.973958 0.162037 0.05 0.087037
1 0.129688 0.250926 0.0447917 0.0574074
1 0.326562 0.291667 0.0760417 0.0722222
1 0.210417 0.455556 0.0916667 0.137037
1 0.829687 0.47963 0.213542 0.162963
1 0.425 0.593518 0.166667 0.22037
