1 0.219271 0.224074 0.053125 0.0925926
1 0.394792 0.263889 0.189583 0.216667
1 0.110417 0.175926 0.0458333 0.111111
1 0.246354 0.271296 0.0427083 0.0722222
0 0.00833333 0.485185 0.0166667 0.0851852
1 0.518229 0.284259 0.0822917 0.101852
1 0.298438 0.302778 0.071875 0.105556
1 0.730208 0.251852 0.120833 0.114815
1 0.9125 0.325926 0.15 0.133333
1 0.950521 0.510185 0.0989583 0.168519
1 0.805208 0.416667 0.164583 0.118519
1 0.628646 0.347222 0.123958 0.116667
1 0.964063 0.666667 0.0697917 0.155556
1 0.833854 0.52963 0.180208 0.218519
1 0.359375 0.356481 0.075 0.105556
1 0.647917 0.452778 0.166667 0.146296
1 0.434375 0.418519 0.1125 0.133333
1 0.591146 0.533333 0.159375 0.177778
1 0.826042 0.702778 0.277083 0.338889
