1 0.563542 0.037037 0.0229167 0.0444444
0 0.241146 0.827778 0.034375 0.2
1 0.711979 0.062037 0.0322917 0.0537037
0 0.104687 0.562963 0.0364583 0.0740741
1 0.346354 0.141667 0.0364583 0.0574074
0 0.233854 0.314815 0.0322917 0.118519
1 0.964063 0.0861111 0.040625 0.0574074
0 0.247917 0.708333 0.0354167 0.190741
1 0.68125 0.212037 0.120833 0.0833333
1 0.257812 0.151852 0.053125 0.0592593
1 0.577604 0.0851852 0.0302083 0.0518519
1 0.773438 0.0648148 0.0322917 0.0481481
1 0.315625 0.160185 0.0520833 0.0611111
1 0.597917 0.0203704 0.025 0.037037
0 0.270312 0.347222 0.0239583 0.0685185
0 0.297917 0.565741 0.04375 0.175926
0 0.364583 0.393519 0.0333333 0.142593
1 0.533854 0.107407 0.034375 0.0555556
1 0.251563 0.232407 0.0572917 0.087037
1 0.652083 0.0768519 0.0354167 0.0611111
1 0.601042 0.113889 0.0416667 0.0833333
0 0.214062 0.862963 0.0489583 0.266667
0 0.160938 0.889815 0.0614583 0.205556
1 0.825521 0.112963 0.053125 0.0814815
0 0.0927083 0.811111 0.05 0.233333
1 0.232812 0.261111 0.0635417 0.0777778
0 0.360938 0.646296 0.034375 0.196296
1 0.713542 0.211111 0.0583333 0.0888889
1 0.186458 0.314815 0.06875 0.111111
1 0.0911458 0.425926 0.090625 0.133333
1 0.632812 0.213889 0.0572917 0.0833333
1 0.894271 0.187963 0.071875 0.0833333
1 0.534896 0.239815 0.0614583 0.0944444
1 0.04375 0.5 0.0875 0.17037
1 0.635938 0.321296 0.071875 0.146296
0 0.321875 0.692593 0.0520833 0.207407
1 0.141667 0.365741 0.0895833 0.12037
1 0.0161458 0.731481 0.0322917 0.159259
1 0.659896 0.55463 0.119792 0.205556
