1 0.915104 0.0935185 0.0260417 0.0425926
1 0.872396 0.075 0.021875 0.0314815
1 0.895833 0.0231481 0.0208333 0.0351852
1 0.966146 0.188889 0.0385417 0.0555556
1 0.663021 0.159259 0.0427083 0.0481481
1 0.235938 0.386111 0.113542 0.112963
1 0.742708 0.211111 0.0479167 0.0592593
1 0.865104 0.297222 0.0572917 0.087037
1 0.354688 0.260185 0.0572917 0.0796296
1 0.903125 0.614815 0.0979167 0.2
1 0.968229 0.339815 0.0552083 0.0981481
1 0.479688 0.233333 0.0697917 0.0666667
1 0.745833 0.342593 0.0666667 0.111111
1 0.440104 0.343519 0.0885417 0.109259
1 0.242188 0.438889 0.123958 0.12963
1 0.164062 0.367593 0.111458 0.116667
