1 0.879687 0.108333 0.0572917 0.0648148
1 0.334375 0.157407 0.0645833 0.0518519
0 0.148438 0.674074 0.0322917 0.166667
1 0.580208 0.0259259 0.025 0.0481481
0 0.101042 0.735185 0.0333333 0.181481
1 0.600521 0.0805556 0.028125 0.05
1 0.639583 0.0777778 0.0291667 0.0481481
1 0.238021 0.262037 0.0635417 0.087037
0 0.242708 0.487037 0.0333333 0.148148
0 0.0838542 0.756481 0.046875 0.194444
1 0.297917 0.189815 0.0666667 0.0574074
1 0.176042 0.313889 0.0375 0.0981481
0 0.0541667 0.79537 0.0541667 0.201852
0 0.0229167 0.842593 0.0458333 0.240741
1 0.08125 0.402778 0.0833333 0.0907407
0 0.125 0.698148 0.0333333 0.185185
1 0.265104 0.232407 0.0510417 0.0759259
1 0.0317708 0.458333 0.0635417 0.105556
0 0.232292 0.524074 0.03125 0.148148
1 0.413542 0.152778 0.03125 0.0611111
1 0.583333 0.161111 0.0458333 0.0814815
0 0.258854 0.42037 0.028125 0.125926
1 0.642708 0.181481 0.0520833 0.103704
1 0.843229 0.143519 0.0614583 0.0722222
0 0.295312 0.40463 0.0260417 0.112963
1 0.135937 0.353704 0.0864583 0.1
0 0.194271 0.542593 0.0302083 0.162963
1 0.935417 0.206481 0.0770833 0.0944444
1 0.471875 0.223148 0.0541667 0.0833333
1 0.660417 0.286111 0.0666667 0.109259
1 0.852083 0.375 0.0958333 0.135185
1 0.90625 0.302778 0.0895833 0.12037
1 0.555729 0.257407 0.0614583 0.1
1 0.506771 0.448148 0.0989583 0.166667
