1 0.488542 0.162963 0.0229167 0.0407407
1 0.455208 0.155556 0.0208333 0.037037
1 0.418229 0.192593 0.0322917 0.0555556
1 0.0208333 0.0490741 0.0416667 0.0425926
1 0.654688 0.134259 0.0239583 0.0351852
1 0.73125 0.182407 0.0291667 0.0425926
1 0.686979 0.193519 0.028125 0.0462963
1 0.810417 0.212037 0.0416667 0.0574074
1 0.455208 0.228704 0.0333333 0.05
1 0.628646 0.192593 0.0322917 0.0481481
0 0.958333 0.503704 0.0333333 0.0851852
1 0.514583 0.241667 0.0395833 0.0611111
1 0.661979 0.299074 0.0489583 0.0759259
1 0.728646 0.287037 0.053125 0.1
1 0.690625 0.430556 0.0770833 0.142593
1 0.402604 0.347222 0.053125 0.0833333
1 0.872396 0.382407 0.0739583 0.087037
1 0.303646 0.940741 0.142708 0.114815
1 0.318229 0.483333 0.084375 0.140741
1 0.454167 0.421296 0.06875 0.105556
1 0.945312 0.780556 0.109375 0.272222
1 0.791146 0.905556 0.159375 0.185185
1 0.183333 0.482407 0.0958333 0.124074
