1 0.569792 0.012037 0.0208333 0.0240741
1 0.73125 0.0861111 0.03125 0.0574074
1 0.8125 0.176852 0.0479167 0.0611111
0 0.219271 0.894444 0.0385417 0.207407
1 0.402604 0.175926 0.028125 0.062963
1 0.236979 0.211111 0.0510417 0.0666667
1 0.753646 0.112963 0.0322917 0.0518519
1 0.364062 0.15 0.0385417 0.0481481
0 0.3 0.581481 0.025 0.177778
1 0.346354 0.177778 0.0385417 0.0555556
0 0.239063 0.361111 0.021875 0.1
1 0.330208 0.192593 0.0395833 0.0555556
0 0.283333 0.599074 0.0291667 0.142593
1 0.560938 0.116667 0.028125 0.037037
1 0.294792 0.217593 0.0604167 0.0611111
1 0.580208 0.0462963 0.01875 0.0296296
1 0.792708 0.131481 0.0416667 0.0666667
0 0.221354 0.749074 0.040625 0.190741
0 0.19375 0.903704 0.04375 0.192593
1 0.601042 0.0675926 0.0229167 0.0351852
1 0.235417 0.287963 0.05 0.0833333
1 0.808854 0.214815 0.059375 0.0888889
1 0.559375 0.0740741 0.0208333 0.0296296
0 0.272917 0.712963 0.04375 0.237037
0 0.158333 0.914815 0.05625 0.17037
1 0.211979 0.321296 0.065625 0.0907407
0 0.0729167 0.866667 0.05 0.233333
1 0.558333 0.158333 0.0354167 0.0574074
1 0.0713542 0.482407 0.0927083 0.135185
1 0.172917 0.369444 0.08125 0.112963
1 0.0333333 0.555556 0.0666667 0.17037
1 0.954687 0.305556 0.0802083 0.0962963
1 0.883333 0.365741 0.09375 0.131481
1 0.716667 0.336111 0.06875 0.109259
1 0.121875 0.422222 0.0895833 0.122222
1 0.582292 0.39537 0.0791667 0.127778
