1 0.828125 0.378704 0.0416667 0.0574074
1 0.316146 0.291667 0.034375 0.0425926
0 0.988021 0.555556 0.0239583 0.0740741
1 0.0567708 0.386111 0.046875 0.0388889
1 0.502604 0.214815 0.0114583 0.0148148
1 0.9875 0.55463 0.025 0.0759259
1 0.0802083 0.544444 0.0541667 0.0888889
1 0.770833 0.338889 0.0395833 0.0407407
0 0.179167 0.35 0.0125 0.0518519
1 0.93125 0.953704 0.1375 0.0888889
1 0.296875 0.310185 0.0354167 0.0425926
1 0.855729 0.403704 0.0572917 0.0518519
1 0.272396 0.327778 0.0364583 0.0444444
1 0.902604 0.426852 0.0802083 0.0833333
1 0.939062 0.472222 0.0739583 0.0814815
1 0.595833 0.263889 0.01875 0.0277778
1 0.536979 0.252778 0.015625 0.0240741
1 0.685417 0.489815 0.06875 0.0907407
1 0.977083 0.508333 0.0458333 0.0685185
1 0.115104 0.435185 0.0864583 0.0888889
1 0.246354 0.346296 0.040625 0.0518519
1 0.45 0.321296 0.0291667 0.05
1 0.547396 0.350926 0.0322917 0.0537037
1 0.0140625 0.535185 0.028125 0.0814815
1 0.605208 0.344444 0.0375 0.0555556
1 0.215625 0.366667 0.0479167 0.0555556
