0 0.0760417 0.326852 0.0208333 0.101852
0 0.4875 0.452778 0.0354167 0.0648148
1 0.344792 0.144444 0.0333333 0.0518519
1 0.233854 0.178704 0.0447917 0.0685185
1 0.718229 0.0722222 0.0239583 0.0407407
1 0.235417 0.25463 0.0520833 0.0833333
1 0.294271 0.181481 0.0614583 0.062963
0 0.195833 0.880556 0.0416667 0.194444
0 0.028125 0.365741 0.025 0.112963
0 0.211458 0.94537 0.05625 0.105556
1 0.678125 0.0185185 0.0291667 0.037037
1 0.326562 0.162963 0.0385417 0.0592593
1 0.860937 0.19537 0.0614583 0.0833333
1 0.7 0.0416667 0.0291667 0.0425926
1 0.738021 0.0861111 0.0322917 0.0648148
1 0.854167 0.144444 0.0520833 0.0666667
0 0.11875 0.900926 0.05625 0.157407
0 0.319792 0.769444 0.0395833 0.201852
1 0.213542 0.288889 0.06875 0.0962963
0 0.266667 0.711111 0.0333333 0.17037
0 0.225 0.732407 0.0416667 0.227778
1 0.0723958 0.450926 0.0927083 0.135185
1 0.788021 0.207407 0.0614583 0.0851852
1 0.034375 0.52037 0.06875 0.174074
1 0.122396 0.386111 0.090625 0.124074
1 0.172917 0.335185 0.08125 0.111111
1 0.680729 0.663889 0.134375 0.242593
