1 0.920833 0.177778 0.116667 0.0777778
1 0.0078125 0.236111 0.015625 0.0574074
0 0.00416667 0.294444 0.00833333 0.133333
0 0.971875 0.561111 0.0104167 0.0555556
1 0.0078125 0.224074 0.015625 0.0259259
1 0.509896 0.0361111 0.0177083 0.0277778
1 0.234375 0.181481 0.0458333 0.0592593
0 0.842708 0.22963 0.0166667 0.0814815
1 0.822917 0.128704 0.03125 0.0425926
1 0.478125 0.0407407 0.01875 0.0333333
1 0.449479 0.144444 0.0364583 0.0518519
1 0.425521 0.0861111 0.0239583 0.0425926
1 0.863021 0.153704 0.0302083 0.0592593
1 0.136458 0.209259 0.05625 0.0592593
1 0.798958 0.112963 0.0395833 0.0518519
1 0.0197917 0.930556 0.0395833 0.124074
0 0.0828125 0.271296 0.015625 0.0796296
1 0.427604 0.184259 0.046875 0.0685185
1 0.980208 0.25463 0.0395833 0.109259
1 0.201562 0.218519 0.0572917 0.0666667
1 0.0484375 0.207407 0.040625 0.0666667
0 0.830208 0.225926 0.0166667 0.0851852
1 0.410937 0.240741 0.0572917 0.0925926
1 0.310417 0.224074 0.0520833 0.0703704
1 0.889063 0.175 0.0489583 0.0796296
1 0.263021 0.293519 0.0885417 0.0944444
1 0.959896 0.193519 0.078125 0.0648148
1 0.394271 0.328704 0.0760417 0.105556
1 0.418229 0.425 0.0885417 0.142593
