1 0.0609375 0.276852 0.046875 0.0648148
1 0.284896 0.168519 0.0260417 0.0444444
1 0.353125 0.113889 0.025 0.0314815
0 0.186458 0.321296 0.01875 0.0537037
0 0.310937 0.19537 0.0135417 0.0537037
1 0.856771 0.148148 0.0489583 0.0555556
1 0.578646 0.0324074 0.0135417 0.0277778
1 0.295312 0.160185 0.0302083 0.0425926
0 0.182812 0.269444 0.0177083 0.0796296
1 0.276042 0.172222 0.0291667 0.0444444
1 0.948438 0.150926 0.078125 0.0648148
1 0.989583 0.238889 0.0208333 0.0555556
1 0.257812 0.188889 0.028125 0.0481481
0 0.982292 0.367593 0.0229167 0.124074
1 0.0604167 0.352778 0.0354167 0.0759259
1 0.966667 0.216667 0.0645833 0.0703704
1 0.647396 0.139815 0.0302083 0.0462963
0 0.959896 0.346296 0.0260417 0.114815
1 0.200521 0.219444 0.0572917 0.0685185
1 0.235417 0.20463 0.04375 0.05
1 0.621875 0.113889 0.0270833 0.0388889
1 0.153646 0.215741 0.0489583 0.0611111
1 0.478646 0.0740741 0.0197917 0.0296296
1 0.898438 0.227778 0.0614583 0.0666667
1 0.0875 0.322222 0.0708333 0.0851852
0 0.0739583 0.482407 0.0291667 0.138889
0 0.0520833 0.541667 0.0333333 0.138889
1 0.771875 0.452778 0.110417 0.183333
1 0.121875 0.290741 0.05625 0.0740741
1 0.706771 0.300926 0.065625 0.101852
1 0.276563 0.537963 0.0947917 0.161111
