1 0.734375 0.0277778 0.025 0.0333333
1 0.985417 0.0111111 0.0208333 0.0222222
0 0.993229 0.116667 0.0135417 0.0518519
1 0.816667 0.194444 0.0604167 0.1
1 0.90625 0.0305556 0.025 0.0425926
1 0.610937 0.103704 0.0447917 0.0481481
1 0.990104 0.0453704 0.0197917 0.0388889
1 0.510417 0.172222 0.0541667 0.0666667
1 0.910417 0.169444 0.0479167 0.0722222
1 0.774479 0.160185 0.0489583 0.0611111
1 0.438021 0.183333 0.065625 0.062963
1 0.938021 0.0638889 0.0302083 0.0462963
1 0.532292 0.196296 0.0645833 0.0703704
1 0.538542 0.244444 0.0666667 0.0851852
1 0.0520833 0.426852 0.104167 0.138889
1 0.232812 0.349074 0.113542 0.105556
1 0.338542 0.414815 0.10625 0.133333
