1 0.040625 0.0722222 0.08125 0.0777778
1 0.920313 0.0675926 0.0177083 0.0314815
1 0.784896 0.103704 0.0197917 0.0259259
1 0.0104167 0.102778 0.0208333 0.0314815
1 0.848958 0.142593 0.0208333 0.0333333
1 0.0791667 0.0972222 0.0854167 0.0388889
1 0.702083 0.125 0.025 0.0277778
1 0.777604 0.227778 0.0447917 0.0703704
1 0.894271 0.138889 0.021875 0.0333333
1 0.546354 0.206481 0.0385417 0.05
1 0.647396 0.203704 0.0427083 0.0481481
1 0.421875 0.908333 0.233333 0.175926
1 0.895833 0.243519 0.0375 0.0648148
1 0.979167 0.305556 0.0416667 0.0703704
1 0.426562 0.414815 0.107292 0.111111
1 0.755208 0.9 0.158333 0.196296
1 0.430729 0.306481 0.0677083 0.0685185
