1 0.0541667 0.386111 0.0479167 0.0462963
0 0.177604 0.350926 0.0114583 0.05
1 0.334375 0.285185 0.03125 0.0407407
0 0.554167 0.242593 0.00625 0.0222222
1 0.310417 0.292593 0.025 0.0407407
1 0.295312 0.308333 0.034375 0.0388889
1 0.790104 0.35463 0.0302083 0.0462963
1 0.820833 0.374074 0.0479167 0.0555556
1 0.76875 0.339815 0.0354167 0.0388889
1 0.270833 0.327778 0.0375 0.0444444
1 0.854167 0.400926 0.0541667 0.05
1 0.481771 0.230556 0.0135417 0.0203704
1 0.113542 0.435185 0.0833333 0.0888889
1 0.592708 0.27963 0.0208333 0.0333333
1 0.986458 0.556481 0.0270833 0.0833333
1 0.900521 0.426852 0.0822917 0.0833333
1 0.976562 0.50463 0.046875 0.0685185
1 0.944271 0.471296 0.090625 0.0833333
1 0.244792 0.346296 0.0416667 0.0518519
1 0.0130208 0.536111 0.0260417 0.0833333
1 0.573958 0.451852 0.0479167 0.0814815
1 0.213542 0.366667 0.0479167 0.0555556
