1 0.820833 0.159259 0.0354167 0.0444444
1 0.00885417 0.251852 0.0177083 0.0296296
1 0.55 0.0768519 0.0229167 0.0425926
1 0.363542 0.281481 0.125 0.0777778
1 0.925 0.212037 0.135417 0.0722222
1 0.428646 0.29537 0.109375 0.087037
1 0.441146 0.0925926 0.021875 0.037037
0 0.840104 0.259259 0.015625 0.0740741
1 0.403125 0.228704 0.0458333 0.0722222
1 0.507292 0.0777778 0.0208333 0.037037
1 0.460938 0.121296 0.0260417 0.0537037
1 0.861979 0.182407 0.034375 0.0611111
1 0.795313 0.141667 0.0364583 0.0462963
0 0.919792 0.267593 0.01875 0.0722222
0 0.980208 0.343519 0.03125 0.0907407
1 0.409896 0.137037 0.028125 0.0555556
1 0.979688 0.275 0.040625 0.0907407
1 0.425521 0.177778 0.0364583 0.0592593
0 0.983854 0.444444 0.0322917 0.159259
1 0.0453125 0.235185 0.040625 0.062963
0 0.823958 0.25463 0.01875 0.0833333
1 0.399479 0.280556 0.053125 0.0833333
1 0.483854 0.209259 0.0447917 0.0666667
0 0.0234375 0.397222 0.0239583 0.101852
1 0.647917 0.283333 0.0541667 0.0814815
1 0.958854 0.223148 0.0822917 0.0648148
1 0.330208 0.282407 0.0583333 0.087037
1 0.886458 0.206481 0.05 0.0759259
1 0.455729 0.30463 0.059375 0.0944444
1 0.366146 0.380556 0.0760417 0.12037
1 0.378646 0.566667 0.115625 0.181481
1 0.117188 0.858333 0.196875 0.275926
