1 0.985937 0.137963 0.028125 0.0537037
1 0.579687 0.0361111 0.0135417 0.0240741
0 0.968229 0.252778 0.0177083 0.0833333
1 0.839583 0.140741 0.0416667 0.0481481
0 0.992708 0.372222 0.0145833 0.122222
1 0.0630208 0.27963 0.046875 0.0666667
1 0.990104 0.246296 0.0197917 0.0444444
0 0.0557292 0.389815 0.0177083 0.087037
1 0.635417 0.111111 0.025 0.0481481
1 0.961979 0.205556 0.0760417 0.062963
0 0.892708 0.181481 0.0125 0.0592593
1 0.28125 0.175 0.0291667 0.0425926
1 0.857813 0.15 0.0510417 0.0555556
0 0.927604 0.247222 0.0177083 0.0796296
0 0.876562 0.219444 0.015625 0.05
1 0.290625 0.168519 0.0291667 0.0444444
1 0.156771 0.223148 0.0489583 0.0537037
1 0.592188 0.0574074 0.015625 0.0222222
1 0.938542 0.197222 0.0645833 0.0611111
1 0.239583 0.205556 0.0458333 0.0518519
1 0.614062 0.0916667 0.021875 0.0314815
1 0.261979 0.189815 0.0322917 0.05
1 0.948958 0.15463 0.0729167 0.0648148
0 0.0776042 0.485185 0.028125 0.12963
1 0.582292 0.122222 0.0270833 0.0444444
0 0.979167 0.367593 0.0208333 0.124074
1 0.204167 0.225 0.05625 0.0611111
1 0.0869792 0.325 0.0760417 0.087037
1 0.14375 0.260185 0.06875 0.0574074
1 0.450521 0.135185 0.0260417 0.0407407
0 0.0541667 0.540741 0.0333333 0.140741
0 0.169792 0.341667 0.025 0.0685185
1 0.638021 0.157407 0.0322917 0.0518519
1 0.721354 0.165741 0.059375 0.05
1 0.122917 0.292593 0.0583333 0.0740741
1 0.802083 0.343519 0.0791667 0.105556
