0 0.452083 0.206481 0.0145833 0.0611111
1 0.408854 0.164815 0.040625 0.037037
1 0.818229 0.156481 0.0572917 0.0648148
1 0.101042 0.153704 0.0208333 0.0259259
0 0.486979 0.216667 0.015625 0.0666667
1 0.200521 0.186111 0.0385417 0.0388889
0 0.648958 0.251852 0.0125 0.0703704
0 0.628125 0.244444 0.0166667 0.0740741
1 0.510938 0.108333 0.0677083 0.0425926
0 0.530208 0.224074 0.0166667 0.0703704
1 0.974479 0.158333 0.0510417 0.0907407
1 0.0338542 0.194444 0.0260417 0.0407407
1 0.892708 0.255556 0.102083 0.0777778
1 0.0109375 0.206481 0.021875 0.0648148
1 0.0505208 0.230556 0.0302083 0.0462963
1 0.245312 0.202778 0.0427083 0.0537037
0 0.661458 0.261111 0.0145833 0.0777778
1 0.590625 0.197222 0.0479167 0.0574074
1 0.115104 0.233333 0.034375 0.0592593
1 0.223958 0.236111 0.0458333 0.05
1 0.747917 0.225926 0.0875 0.0740741
1 0.924479 0.462963 0.151042 0.155556
1 0.0708333 0.262037 0.0375 0.0574074
1 0.226562 0.326852 0.0635417 0.0796296
1 0.657812 0.47037 0.184375 0.122222
1 0.4 0.273148 0.0833333 0.0833333
1 0.183854 0.4 0.0760417 0.111111
