1 0.570312 0.111111 0.028125 0.0444444
1 0.364062 0.192593 0.0364583 0.0592593
0 0.243229 0.37037 0.0177083 0.1
0 0.0786458 0.912963 0.028125 0.17037
1 0.345833 0.214815 0.0354167 0.0555556
0 0.169792 0.911111 0.0395833 0.174074
1 0.745313 0.117593 0.021875 0.0314815
1 0.23125 0.250926 0.0395833 0.0648148
1 0.705729 0.127778 0.0239583 0.037037
1 0.574479 0.162037 0.0260417 0.0425926
1 0.761458 0.138889 0.0291667 0.0444444
1 0.140104 0.280556 0.053125 0.101852
1 0.232812 0.319444 0.0510417 0.0722222
1 0.727083 0.143519 0.0291667 0.0462963
0 0.03125 0.940741 0.0625 0.114815
1 0.677604 0.89537 0.148958 0.201852
1 0.580729 0.188889 0.0364583 0.062963
0 0.202083 0.910185 0.0395833 0.17963
1 0.209896 0.361111 0.0614583 0.1
0 0.313542 0.650926 0.0333333 0.172222
1 0.531771 0.230556 0.0385417 0.0685185
1 0.0703125 0.515741 0.090625 0.131481
0 0.348437 0.54537 0.028125 0.138889
1 0.803125 0.237037 0.05625 0.0740741
1 0.120312 0.456481 0.090625 0.12037
1 0.356771 0.296296 0.0552083 0.0777778
1 0.171354 0.406481 0.0802083 0.112963
1 0.597917 0.266667 0.05 0.0777778
1 0.0333333 0.591667 0.0666667 0.175926
1 0.972917 0.363889 0.0541667 0.101852
1 0.597396 0.352778 0.0614583 0.101852
1 0.771875 0.512963 0.1 0.159259
