0 0.456771 0.0861111 0.0135417 0.0537037
1 0.366667 0.118519 0.0416667 0.0592593
0 0.509375 0.515741 0.0354167 0.0796296
0 0.183333 0.401852 0.025 0.0851852
1 0.255729 0.147222 0.053125 0.0611111
1 0.252604 0.22963 0.0552083 0.0888889
1 0.78125 0.087037 0.0395833 0.0592593
0 0.200521 0.414815 0.0322917 0.0703704
0 0.35625 0.17963 0.0166667 0.0777778
1 0.553125 0.0777778 0.0354167 0.0518519
0 0.15 0.887037 0.0479167 0.2
0 0.138542 0.492593 0.0375 0.1
1 0.563542 0.149074 0.0416667 0.0722222
0 0.304167 0.566667 0.0395833 0.181481
0 0.3625 0.637963 0.0333333 0.17963
0 0.242708 0.826852 0.04375 0.238889
0 0.203125 0.861111 0.0479167 0.266667
1 0.464063 0.187963 0.059375 0.087037
1 0.233333 0.266667 0.0708333 0.0925926
0 0.366146 0.37037 0.034375 0.140741
1 0.659896 0.174074 0.0510417 0.0814815
1 0.0901042 0.425 0.0885417 0.131481
1 0.191667 0.310185 0.0791667 0.109259
1 0.139583 0.362963 0.0895833 0.122222
1 0.04375 0.494444 0.0875 0.17037
1 0.533854 0.198148 0.0635417 0.0814815
1 0.0161458 0.72963 0.0322917 0.162963
1 0.96875 0.303704 0.0625 0.107407
1 0.69375 0.875926 0.195833 0.240741
1 0.702083 0.266667 0.0708333 0.111111
1 0.805208 0.472222 0.135417 0.211111
1 0.663542 0.575926 0.125 0.211111
