1 0.279687 0.213889 0.130208 0.087037
1 0.635938 0.0814815 0.0364583 0.0407407
1 0.8625 0.126852 0.0583333 0.0462963
1 0.973437 0.113889 0.053125 0.0537037
1 0.908333 0.12037 0.0583333 0.0518519
0 0.638021 0.212963 0.015625 0.0888889
1 0.564583 0.161111 0.0833333 0.0814815
0 0.623958 0.219444 0.01875 0.0944444
1 0.448958 0.0898148 0.0541667 0.0611111
0 0.659896 0.210185 0.0197917 0.0907407
1 0.179167 0.234259 0.1375 0.105556
1 0.0458333 0.260185 0.0916667 0.0944444
1 0.955208 0.237963 0.0895833 0.0907407
1 0.575 0.442593 0.225 0.181481
1 0.494792 0.355556 0.160417 0.140741
1 0.820833 0.836111 0.320833 0.312963
