1 0.838542 0.135185 0.0395833 0.0444444
0 0.04375 0.502778 0.0166667 0.0685185
0 0.264062 0.198148 0.0260417 0.0703704
1 0.604688 0.0361111 0.0177083 0.0240741
1 0.295312 0.160185 0.028125 0.0425926
1 0.276563 0.172222 0.0322917 0.0444444
1 0.857292 0.149074 0.0520833 0.0537037
1 0.0630208 0.351852 0.034375 0.0740741
1 0.949479 0.15 0.0739583 0.062963
0 0.603646 0.255556 0.021875 0.0740741
1 0.939062 0.197222 0.0614583 0.0648148
1 0.234896 0.20463 0.0385417 0.0537037
1 0.970833 0.217593 0.0583333 0.0648148
1 0.633854 0.062963 0.0197917 0.0296296
1 0.600521 0.0759259 0.021875 0.0296296
1 0.156771 0.215741 0.0510417 0.0611111
1 0.576563 0.100926 0.0239583 0.0388889
1 0.61875 0.0972222 0.0208333 0.0314815
1 0.0911458 0.322222 0.0677083 0.0888889
0 0.0776042 0.481481 0.028125 0.137037
1 0.202604 0.224074 0.0572917 0.062963
0 0.0546875 0.538889 0.0302083 0.133333
1 0.125521 0.290741 0.053125 0.0740741
1 0.648958 0.12963 0.0291667 0.0481481
1 0.660937 0.217593 0.0447917 0.0685185
0 0.145313 0.409259 0.0197917 0.107407
1 0.729688 0.360185 0.071875 0.105556
