1 0.417188 0.143519 0.0239583 0.0462963
1 0.720833 0.163889 0.0354167 0.05
1 0.667708 0.147222 0.0270833 0.0388889
1 0.473437 0.12037 0.0197917 0.0296296
1 0.631771 0.175926 0.028125 0.0444444
1 0.505208 0.125 0.0208333 0.0314815
1 0.533333 0.15463 0.0229167 0.0462963
1 0.819792 0.968518 0.133333 0.0592593
1 0.689583 0.17963 0.0270833 0.0555556
1 0.827604 0.262963 0.0489583 0.0703704
1 0.469271 0.189815 0.028125 0.0611111
1 0.648438 0.253704 0.0385417 0.0592593
1 0.438542 0.262963 0.0416667 0.062963
1 0.492708 0.280556 0.0395833 0.0944444
1 0.727604 0.271296 0.0447917 0.0796296
1 0.685938 0.365741 0.059375 0.087037
1 0.907292 0.425 0.0770833 0.0981481
1 0.827083 0.466667 0.0833333 0.111111
1 0.7125 0.577778 0.0958333 0.144444
1 0.315104 0.335185 0.053125 0.0777778
1 0.220313 0.633333 0.113542 0.17037
