1 0.165104 0.17037 0.111458 0.0740741
1 0.646354 0.0787037 0.0385417 0.0425926
1 0.9875 0.112963 0.025 0.0518519
0 0.833854 0.163889 0.0177083 0.0944444
0 0.644271 0.211111 0.015625 0.0777778
1 0.871354 0.127778 0.0572917 0.0481481
1 0.973958 0.116667 0.05 0.0481481
1 0.919271 0.122222 0.059375 0.0518519
1 0.457812 0.0861111 0.053125 0.0611111
0 0.666146 0.20463 0.015625 0.0796296
0 0.632812 0.212963 0.0177083 0.0851852
1 0.575 0.156481 0.0833333 0.0796296
1 0.685417 0.317593 0.195833 0.187037
1 0.188021 0.225926 0.134375 0.103704
1 0.0505208 0.251852 0.0989583 0.0962963
