0 0.228646 0.748148 0.034375 0.185185
1 0.898438 0.0509259 0.021875 0.0462963
1 0.641667 0.0101852 0.0208333 0.0203704
1 0.970312 0.0833333 0.0364583 0.0481481
0 0.291146 0.57037 0.0364583 0.17037
1 0.958333 0.0768519 0.0395833 0.0462963
1 0.933854 0.0685185 0.0260417 0.0407407
1 0.351562 0.139815 0.0364583 0.0611111
1 0.238021 0.175926 0.040625 0.0666667
1 0.371354 0.115741 0.040625 0.0537037
0 0.407813 0.193519 0.015625 0.0314815
1 0.341146 0.150926 0.0427083 0.0574074
1 0.330208 0.161111 0.0416667 0.0592593
0 0.601562 0.138889 0.0177083 0.0555556
0 0.190104 0.400926 0.0322917 0.112963
0 0.205729 0.880556 0.059375 0.235185
1 0.297917 0.180556 0.0583333 0.0648148
0 0.264062 0.762963 0.0364583 0.196296
0 0.0765625 0.530556 0.034375 0.142593
1 0.8 0.0842593 0.0354167 0.0574074
0 0.154167 0.906482 0.0625 0.17963
1 0.239583 0.252778 0.0520833 0.0833333
0 0.0833333 0.85 0.0375 0.188889
0 0.302083 0.812963 0.0479167 0.225926
1 0.216667 0.284259 0.0645833 0.0981481
1 0.176563 0.323148 0.084375 0.0907407
1 0.0338542 0.518519 0.0677083 0.17037
1 0.078125 0.435185 0.0916667 0.111111
1 0.736979 0.12037 0.0427083 0.0555556
1 0.126042 0.384259 0.0916667 0.127778
1 0.822396 0.236111 0.065625 0.0833333
