0 0.530208 0.225 0.01875 0.0685185
1 0.578125 0.114815 0.05 0.0518519
1 0.373958 0.157407 0.0395833 0.0407407
1 0.141146 0.153704 0.021875 0.0296296
0 0.648958 0.250926 0.0125 0.0685185
1 0.0828125 0.15 0.0197917 0.0259259
0 0.629167 0.24537 0.0166667 0.0759259
1 0.0302083 0.190741 0.0270833 0.0481481
1 0.974479 0.156481 0.0489583 0.0833333
1 0.102604 0.155556 0.021875 0.0259259
1 0.410937 0.164815 0.0447917 0.037037
1 0.00989583 0.206481 0.0197917 0.0648148
1 0.5125 0.107407 0.0708333 0.0407407
1 0.894271 0.256481 0.107292 0.0759259
1 0.205208 0.188889 0.0395833 0.0444444
1 0.590625 0.197222 0.0479167 0.0574074
0 0.661458 0.260185 0.0145833 0.0759259
1 0.109375 0.22963 0.0354167 0.0555556
1 0.255208 0.205556 0.0458333 0.0518519
1 0.0489583 0.227778 0.0291667 0.0481481
1 0.748438 0.225926 0.0885417 0.0740741
1 0.234375 0.241667 0.0458333 0.0537037
1 0.209896 0.314815 0.059375 0.0777778
1 0.0677083 0.258333 0.0354167 0.0537037
1 0.963542 0.484259 0.0729167 0.0981481
1 0.724479 0.505556 0.209375 0.133333
1 0.429167 0.284259 0.0895833 0.087037
1 0.171354 0.383333 0.0739583 0.103704
