0 0.580729 0.192593 0.015625 0.0777778
0 0.620313 0.206481 0.0135417 0.0685185
1 0.207292 0.0768519 0.0270833 0.0314815
1 0.6 0.0787037 0.0583333 0.0388889
1 0.292708 0.0694444 0.0520833 0.0462963
1 0.241146 0.0990741 0.034375 0.0425926
1 0.964583 0.297222 0.06875 0.0611111
0 0.639583 0.218519 0.0166667 0.0740741
1 0.154687 0.114815 0.0364583 0.0444444
1 0.873958 0.166667 0.0416667 0.0444444
0 0.709375 0.25463 0.01875 0.0833333
1 0.816667 0.157407 0.0458333 0.0444444
0 0.0666667 0.371296 0.025 0.101852
1 0.0703125 0.121296 0.0552083 0.112963
1 0.966667 0.568519 0.0666667 0.118519
1 0.183333 0.218519 0.0520833 0.0814815
1 0.33125 0.15463 0.0541667 0.0611111
1 0.796354 0.225926 0.0739583 0.0740741
1 0.645833 0.428704 0.152083 0.142593
