1 0.816667 0.109259 0.0375 0.0481481
1 0.327083 0.0898148 0.0458333 0.0574074
1 0.245312 0.167593 0.046875 0.0759259
0 0.235938 0.222222 0.0302083 0.107407
1 0.381771 0.17037 0.0489583 0.0740741
1 0.390104 0.231481 0.053125 0.0703704
1 0.276563 0.126852 0.0385417 0.0574074
1 0.569792 0.0240741 0.01875 0.0333333
1 0.384896 0.117593 0.0510417 0.0462963
0 0.830208 0.250926 0.0208333 0.0796296
1 0.446875 0.174074 0.04375 0.107407
1 0.460938 0.0833333 0.028125 0.0296296
1 0.398958 0.310185 0.0708333 0.135185
0 0.892187 0.288889 0.0239583 0.0925926
