1 0.897917 0.0527778 0.0229167 0.0425926
0 0.3 0.534259 0.0270833 0.146296
1 0.930208 0.0685185 0.0291667 0.0407407
0 0.276042 0.608333 0.0291667 0.109259
0 0.465104 0.460185 0.0385417 0.0796296
1 0.343229 0.149074 0.0385417 0.0574074
1 0.960938 0.0805556 0.046875 0.0462963
0 0.318229 0.757407 0.040625 0.233333
0 0.485938 0.676852 0.0510417 0.0907407
1 0.297917 0.180556 0.05625 0.0611111
1 0.236979 0.178704 0.0447917 0.0685185
0 0.179688 0.956481 0.0447917 0.087037
1 0.328646 0.161111 0.040625 0.0592593
1 0.646354 0.0157407 0.0177083 0.0314815
0 0.297917 0.753704 0.0333333 0.233333
0 0.183854 0.793519 0.0385417 0.164815
1 0.70625 0.0268519 0.025 0.05
1 0.238542 0.252778 0.05 0.0833333
0 0.268229 0.70463 0.034375 0.172222
0 0.0536458 0.34537 0.0260417 0.087037
0 0.209896 0.424074 0.0260417 0.0555556
1 0.664583 0.037037 0.0270833 0.0333333
0 0.227083 0.739815 0.0354167 0.212963
1 0.724479 0.0638889 0.0302083 0.0462963
0 0.126563 0.905556 0.0552083 0.166667
1 0.215625 0.286111 0.0645833 0.0981481
1 0.821354 0.212037 0.065625 0.112963
1 0.764583 0.103704 0.04375 0.062963
0 0.203646 0.881481 0.0447917 0.237037
1 0.848958 0.186111 0.0479167 0.0796296
1 0.545833 0.296296 0.0395833 0.107407
1 0.075 0.448148 0.0916667 0.137037
1 0.0354167 0.517593 0.0708333 0.175926
1 0.124479 0.385185 0.090625 0.125926
1 0.174479 0.332407 0.0822917 0.112963
