1 0.395833 0.265741 0.189583 0.235185
1 0.224479 0.217593 0.0572917 0.101852
1 0.517708 0.274074 0.08125 0.111111
1 0.744271 0.247222 0.123958 0.112963
0 0.0130208 0.536111 0.0260417 0.0907407
1 0.301562 0.29537 0.0760417 0.105556
1 0.916146 0.316667 0.153125 0.137037
1 0.952604 0.496296 0.0947917 0.174074
1 0.807813 0.411111 0.163542 0.122222
1 0.361979 0.350926 0.078125 0.105556
1 0.632292 0.337963 0.133333 0.112963
1 0.835417 0.521296 0.179167 0.216667
1 0.965625 0.660185 0.06875 0.157407
1 0.65 0.447222 0.166667 0.146296
1 0.436458 0.412963 0.114583 0.12963
1 0.828125 0.698148 0.277083 0.340741
1 0.59375 0.52963 0.160417 0.174074
