1 0.629167 0.0777778 0.0229167 0.0296296
0 0.120312 0.736111 0.0302083 0.175926
1 0.250521 0.298148 0.059375 0.0703704
1 0.5875 0.169444 0.0625 0.0462963
1 0.341667 0.22963 0.0416667 0.0481481
1 0.355208 0.222222 0.0354167 0.0481481
1 0.696354 0.0796296 0.015625 0.0296296
1 0.238021 0.325 0.0385417 0.0685185
1 0.0244792 0.510185 0.0489583 0.0833333
1 0.377604 0.20463 0.034375 0.05
1 0.959896 0.159259 0.0364583 0.0481481
1 0.163542 0.381481 0.0354167 0.0925926
1 0.567708 0.121296 0.0208333 0.0314815
1 0.296354 0.263889 0.059375 0.0537037
0 0.0234375 0.862037 0.0427083 0.235185
1 0.589063 0.175926 0.0302083 0.0407407
0 0.103125 0.764815 0.03125 0.177778
0 0.242708 0.493519 0.025 0.131481
0 0.215625 0.597222 0.03125 0.142593
1 0.605729 0.155556 0.040625 0.0555556
0 0.0651042 0.818519 0.0447917 0.203704
1 0.323438 0.239815 0.059375 0.0537037
1 0.978125 0.172222 0.04375 0.0518519
0 0.229167 0.549074 0.0375 0.138889
1 0.566146 0.172222 0.0260417 0.0481481
1 0.0651042 0.460185 0.0822917 0.0944444
0 0.283333 0.475926 0.025 0.114815
1 0.590104 0.223148 0.040625 0.0574074
0 0.179167 0.609259 0.0354167 0.155556
1 0.647396 0.206481 0.034375 0.0574074
1 0.121354 0.419444 0.084375 0.105556
1 0.485417 0.314815 0.0604167 0.0851852
1 0.583333 0.292593 0.05 0.0814815
1 0.541667 0.416667 0.075 0.125926
