1 0.365104 0.125 0.0364583 0.05
1 0.968229 0.0898148 0.0364583 0.0462963
1 0.238021 0.184259 0.0364583 0.0648148
1 0.897396 0.0592593 0.0239583 0.0444444
0 0.231771 0.840741 0.0364583 0.2
0 0.335417 0.464815 0.0354167 0.103704
1 0.301562 0.188889 0.059375 0.0592593
0 0.33125 0.54537 0.0291667 0.146296
0 0.253125 0.79537 0.0354167 0.209259
1 0.322396 0.180556 0.0489583 0.0574074
0 0.276563 0.714815 0.040625 0.185185
0 0.0546875 0.912037 0.0489583 0.15
1 0.350521 0.148148 0.0385417 0.0555556
0 0.307292 0.617593 0.0375 0.175926
0 0.147917 0.94537 0.05 0.105556
0 0.169792 0.4 0.0270833 0.12963
0 0.0864583 0.861111 0.0291667 0.196296
0 0.182292 0.923148 0.0458333 0.153704
1 0.525 0.103704 0.0333333 0.062963
1 0.702604 0.0981481 0.0385417 0.0592593
1 0.238542 0.263889 0.05 0.0833333
1 0.119271 0.397222 0.084375 0.124074
1 0.952604 0.116667 0.053125 0.0555556
1 0.217187 0.297222 0.0677083 0.0981481
1 0.772917 0.124074 0.04375 0.0555556
1 0.175 0.337963 0.0833333 0.101852
1 0.0739583 0.462037 0.0895833 0.131481
1 0.0354167 0.532407 0.0708333 0.17963
1 0.626042 0.428704 0.0895833 0.146296
