0 0.135937 0.411111 0.0135417 0.0592593
1 0.551562 0.140741 0.0260417 0.0333333
1 0.44375 0.269444 0.01875 0.0314815
0 0.172396 0.364815 0.015625 0.0555556
1 0.825 0.284259 0.0291667 0.0462963
1 0.986458 0.409259 0.0270833 0.062963
1 0.00729167 0.868519 0.0145833 0.0962963
1 0.278646 0.297222 0.015625 0.0240741
1 0.858854 0.313889 0.040625 0.0574074
1 0.0328125 0.444444 0.065625 0.1
1 0.675 0.194444 0.0270833 0.0259259
1 0.329688 0.271296 0.0239583 0.0388889
1 0.645312 0.230556 0.0197917 0.0240741
1 0.573438 0.183333 0.0239583 0.0333333
1 0.615104 0.189815 0.021875 0.0351852
1 0.888542 0.336111 0.0479167 0.0537037
1 0.672396 0.246296 0.0322917 0.037037
1 0.964583 0.386111 0.06875 0.0722222
1 0.920313 0.357407 0.0552083 0.062963
1 0.586458 0.264815 0.025 0.0407407
1 0.230729 0.343519 0.0572917 0.0611111
1 0.511458 0.319444 0.0395833 0.0611111
1 0.63125 0.282407 0.0354167 0.0537037
