1 0.259896 0.227778 0.0572917 0.0555556
1 0.333854 0.175 0.0385417 0.0648148
1 0.643229 0.0805556 0.0302083 0.0462963
1 0.282292 0.17037 0.0416667 0.0592593
1 0.244792 0.272222 0.0458333 0.0851852
0 0.304688 0.235185 0.015625 0.0777778
1 0.604688 0.126852 0.0385417 0.0611111
0 0.0208333 0.849074 0.0416667 0.238889
1 0.657292 0.133333 0.0395833 0.062963
0 0.0463542 0.806481 0.0385417 0.209259
1 0.173958 0.317593 0.0375 0.0981481
0 0.0859375 0.761111 0.0510417 0.196296
1 0.794792 0.136111 0.0479167 0.0685185
0 0.244271 0.483333 0.0302083 0.140741
1 0.484896 0.275 0.0739583 0.142593
0 0.254167 0.425926 0.0270833 0.133333
1 0.0317708 0.462963 0.0635417 0.107407
0 0.230208 0.530556 0.03125 0.15
1 0.552604 0.160185 0.0552083 0.0685185
0 0.122396 0.709259 0.0322917 0.181481
0 0.297396 0.409259 0.0239583 0.118519
1 0.365625 0.178704 0.06875 0.0648148
0 0.194271 0.548148 0.0322917 0.159259
1 0.134375 0.363889 0.0854167 0.105556
1 0.76875 0.20463 0.0625 0.0944444
1 0.0770833 0.405556 0.0791667 0.0925926
1 0.64375 0.293519 0.0625 0.12037
1 0.428125 0.501852 0.104167 0.17037
1 0.675521 0.605556 0.134375 0.322222
1 0.883854 0.413889 0.107292 0.142593
