1 0.734896 0.0685185 0.028125 0.0333333
1 0.770833 0.0583333 0.0229167 0.0351852
1 0.683333 0.0648148 0.0229167 0.0296296
1 0.915625 0.0481481 0.0208333 0.0296296
1 0.913021 0.0611111 0.0239583 0.0555556
1 0.670833 0.0925926 0.03125 0.037037
1 0.398438 0.272222 0.078125 0.0666667
1 0.838542 0.130556 0.0458333 0.0759259
1 0.910937 0.0824074 0.0239583 0.0425926
1 0.949479 0.0388889 0.0197917 0.0333333
1 0.388542 0.332407 0.0916667 0.0981481
1 0.581771 0.128704 0.0364583 0.0388889
1 0.546875 0.173148 0.04375 0.05
1 0.729688 0.217593 0.046875 0.0611111
1 0.584375 0.223148 0.0583333 0.0722222
1 0.851042 0.363889 0.0645833 0.105556
1 0.158854 0.387963 0.117708 0.105556
1 0.573958 0.738889 0.166667 0.255556
