0 0.904688 0.124074 0.0197917 0.0481481
1 0.941667 0.107407 0.0291667 0.0333333
0 0.108854 0.306481 0.0552083 0.0833333
1 0.859375 0.119444 0.0645833 0.0462963
1 0.973437 0.102778 0.0489583 0.0462963
0 0.110937 0.287963 0.0302083 0.0907407
0 0.81875 0.159259 0.0166667 0.0851852
0 0.652604 0.201852 0.0135417 0.0888889
1 0.441667 0.0833333 0.0541667 0.0592593
1 0.559896 0.153704 0.078125 0.0814815
0 0.61875 0.203704 0.01875 0.0925926
1 0.169792 0.228704 0.1375 0.105556
1 0.0421875 0.259259 0.084375 0.0962963
