1 0.575521 0.0907407 0.021875 0.0407407
1 0.235938 0.231481 0.0427083 0.0666667
0 0.130729 0.475926 0.0302083 0.12963
0 0.175 0.928704 0.0416667 0.138889
1 0.238021 0.305556 0.0489583 0.0740741
1 0.959896 0.14537 0.046875 0.05
0 0.317708 0.631481 0.0354167 0.177778
0 0.205208 0.905556 0.0395833 0.188889
0 0.151042 0.97037 0.0416667 0.0592593
1 0.532292 0.133333 0.0291667 0.0518519
1 0.735937 0.148148 0.034375 0.0518519
1 0.622396 0.125926 0.028125 0.0444444
0 0.0453125 0.925926 0.0447917 0.125926
1 0.792708 0.148148 0.03125 0.0481481
1 0.217187 0.335185 0.0677083 0.0851852
1 0.576563 0.137963 0.028125 0.05
1 0.245312 0.421296 0.040625 0.0907407
1 0.123958 0.42963 0.0916667 0.1
0 0.35 0.528704 0.025 0.135185
1 0.0661458 0.506481 0.0739583 0.124074
1 0.628646 0.184259 0.040625 0.0574074
1 0.914062 0.237037 0.0614583 0.0740741
1 0.48125 0.927778 0.170833 0.137037
1 0.173958 0.384259 0.08125 0.109259
1 0.6125 0.350926 0.0625 0.109259
1 0.606771 0.274074 0.0552083 0.0814815
1 0.034375 0.57037 0.06875 0.177778
1 0.580208 0.60463 0.108333 0.201852
