1 0.279167 0.301852 0.0208333 0.0222222
1 0.56875 0.178704 0.0166667 0.0277778
1 0.633333 0.171296 0.0166667 0.0240741
1 0.603646 0.167593 0.0177083 0.0240741
1 0.69375 0.238889 0.0229167 0.0296296
1 0.0848958 0.635185 0.0947917 0.111111
0 0.140104 0.402778 0.0177083 0.0648148
0 0.176042 0.363889 0.0145833 0.0537037
1 0.825521 0.288889 0.0302083 0.0444444
1 0.860937 0.312037 0.0364583 0.0648148
0 0.220313 0.407407 0.0197917 0.0666667
1 0.00833333 0.883333 0.0166667 0.12963
1 0.034375 0.446296 0.0666667 0.0962963
1 0.332292 0.275926 0.0229167 0.037037
1 0.509896 0.188889 0.0135417 0.0222222
1 0.891667 0.337037 0.0520833 0.0592593
1 0.967708 0.388889 0.0645833 0.0703704
1 0.65 0.22963 0.0229167 0.0296296
1 0.926042 0.360185 0.0625 0.0611111
1 0.229687 0.34537 0.0635417 0.0648148
