1 0.184896 0.166667 0.0364583 0.0407407
1 0.995313 0.123148 0.009375 0.0648148
1 0.207813 0.158333 0.071875 0.0537037
1 0.366667 0.10463 0.03125 0.0351852
1 0.268229 0.136111 0.0572917 0.0462963
1 0.414062 0.0851852 0.040625 0.037037
1 0.5875 0.363889 0.129167 0.109259
1 0.34375 0.110185 0.03125 0.0388889
1 0.0307292 0.236111 0.0614583 0.0574074
1 0.0338542 0.205556 0.0614583 0.0407407
1 0.686979 0.137037 0.0697917 0.0555556
1 0.517708 0.219444 0.0541667 0.0611111
1 0.263542 0.356481 0.0833333 0.0722222
1 0.284896 0.427778 0.0989583 0.0962963
1 0.889063 0.211111 0.0947917 0.0888889
1 0.104167 0.905556 0.20625 0.185185
1 0.63125 0.44537 0.145833 0.153704
1 0.75 0.491667 0.141667 0.15
