0 0.988021 0.0444444 0.0114583 0.0333333
1 0.745833 0.0444444 0.0270833 0.0296296
1 0.760938 0.0157407 0.0239583 0.0277778
1 0.723437 0.0407407 0.0239583 0.0296296
1 0.795833 0.0101852 0.01875 0.0203704
1 0.946354 0.012963 0.021875 0.0259259
1 0.851562 0.0527778 0.0260417 0.0388889
1 0.0322917 0.508333 0.0645833 0.116667
1 0.889583 0.05 0.0270833 0.0481481
1 0.651563 0.0805556 0.0364583 0.0425926
1 0.934896 0.0546296 0.028125 0.0425926
1 0.590104 0.149074 0.0489583 0.0648148
1 0.714063 0.087037 0.040625 0.062963
1 0.576563 0.214815 0.0697917 0.0814815
1 0.896875 0.235185 0.0520833 0.0851852
1 0.357292 0.272222 0.0916667 0.0925926
1 0.0817708 0.563889 0.161458 0.175926
