1 0.364062 0.121296 0.0385417 0.0537037
1 0.354167 0.132407 0.04375 0.0611111
0 0.0328125 0.359259 0.0260417 0.111111
1 0.343229 0.149074 0.0385417 0.0537037
1 0.234375 0.177778 0.04375 0.0703704
1 0.238021 0.252778 0.0489583 0.0796296
1 0.295833 0.181481 0.0604167 0.062963
0 0.196875 0.860185 0.0416667 0.157407
1 0.328646 0.162963 0.0385417 0.0592593
1 0.716146 0.0675926 0.028125 0.0425926
1 0.673437 0.0157407 0.0239583 0.0314815
0 0.326042 0.755556 0.0333333 0.22963
0 0.291146 0.577778 0.0364583 0.185185
1 0.846354 0.132407 0.0510417 0.0611111
1 0.7 0.037037 0.0291667 0.0407407
0 0.210417 0.944444 0.05625 0.107407
0 0.226042 0.733333 0.0416667 0.222222
1 0.734896 0.0796296 0.0322917 0.0592593
1 0.215625 0.285185 0.0645833 0.0962963
0 0.114583 0.894444 0.0520833 0.155556
0 0.268229 0.710185 0.0364583 0.175926
1 0.844271 0.17963 0.0572917 0.0777778
1 0.075 0.45 0.0916667 0.133333
1 0.775 0.187963 0.05625 0.0796296
1 0.979688 0.342593 0.040625 0.114815
1 0.0348958 0.518519 0.0697917 0.174074
1 0.123958 0.386111 0.0895833 0.124074
1 0.174479 0.333333 0.0822917 0.111111
1 0.695833 0.75463 0.15 0.283333
