0 0.124479 0.108333 0.0302083 0.0944444
1 0.0447917 0.105556 0.0458333 0.062963
0 0.028125 0.291667 0.0270833 0.0944444
1 0.021875 0.137963 0.04375 0.05
1 0.269792 0.0166667 0.0666667 0.0333333
1 0.344792 0.0166667 0.0520833 0.0333333
0 0.015625 0.368519 0.0291667 0.144444
1 0.418229 0.0231481 0.0385417 0.0462963
0 0.0260417 0.356481 0.0291667 0.138889
1 0.521354 0.0351852 0.0489583 0.0703704
1 0.345833 0.112963 0.0645833 0.1
1 0.452604 0.0398148 0.0552083 0.0796296
1 0.840104 0.405556 0.165625 0.266667
1 0.431771 0.135185 0.0635417 0.103704
