1 0.859375 0.0574074 0.01875 0.0296296
1 0.915104 0.0481481 0.0177083 0.0259259
1 0.845833 0.0851852 0.01875 0.0222222
1 0.752604 0.0777778 0.0197917 0.0259259
1 0.728125 0.0740741 0.0208333 0.0259259
1 0.946875 0.0490741 0.01875 0.0314815
1 0.811458 0.12037 0.0270833 0.037037
1 0.545313 0.162963 0.040625 0.0444444
1 0.651042 0.14537 0.0375 0.0425926
1 0.947917 0.127778 0.0291667 0.0407407
1 0.902083 0.0935185 0.0229167 0.0351852
1 0.85625 0.124074 0.025 0.037037
1 0.513021 0.2 0.0489583 0.0555556
1 0.740625 0.219444 0.0479167 0.0611111
1 0.818229 0.199074 0.0427083 0.0685185
1 0.277604 0.394444 0.126042 0.17037
1 0.4875 0.322222 0.0833333 0.0888889
1 0.647396 0.572222 0.113542 0.17037
1 0.946354 0.469444 0.0739583 0.131481
1 0.44375 0.250926 0.0875 0.105556
1 0.144792 0.632407 0.183333 0.198148
