1 0.710938 0.0731481 0.0322917 0.05
1 0.301562 0.199074 0.0572917 0.0611111
1 0.373437 0.130556 0.046875 0.0462963
0 0.346875 0.234259 0.0125 0.0537037
0 0.23125 0.744444 0.0395833 0.192593
1 0.572917 0.0388889 0.0270833 0.0333333
0 0.227604 0.889815 0.0322917 0.212963
1 0.568229 0.0555556 0.0239583 0.0333333
0 0.308333 0.537037 0.0208333 0.114815
1 0.739062 0.0787037 0.028125 0.0425926
0 0.202604 0.898148 0.0427083 0.203704
1 0.7125 0.0981481 0.0354167 0.0592593
1 0.780729 0.102778 0.0364583 0.0685185
0 0.283333 0.700926 0.0416667 0.231481
1 0.219792 0.30463 0.0666667 0.0907407
0 0.294271 0.583333 0.034375 0.155556
1 0.618229 0.0611111 0.0239583 0.0407407
1 0.24375 0.274074 0.05 0.0851852
0 0.165104 0.914815 0.0572917 0.17037
0 0.059375 0.916667 0.0625 0.155556
1 0.586979 0.128704 0.0322917 0.0537037
1 0.792708 0.150926 0.0479167 0.0648148
1 0.0802083 0.468519 0.0895833 0.133333
1 0.129167 0.402778 0.0916667 0.124074
1 0.179688 0.350926 0.0802083 0.109259
1 0.970312 0.468519 0.059375 0.188889
1 0.0369792 0.537037 0.0739583 0.177778
1 0.599479 0.286111 0.059375 0.0981481
1 0.207292 0.442593 0.0979167 0.122222
1 0.954687 0.316667 0.090625 0.107407
1 0.640104 0.814815 0.155208 0.311111
