0 0.204167 0.761111 0.0416667 0.133333
1 0.258333 0.150926 0.0520833 0.0574074
1 0.368229 0.119444 0.046875 0.0611111
1 0.704687 0.012037 0.0239583 0.0240741
0 0.157813 0.469444 0.034375 0.0944444
1 0.208854 0.289815 0.111458 0.101852
0 0.356771 0.190741 0.015625 0.0814815
1 0.252083 0.22963 0.05625 0.0925926
0 0.304688 0.569444 0.0385417 0.190741
0 0.330208 0.514815 0.03125 0.155556
0 0.103125 0.549074 0.0395833 0.087037
0 0.146875 0.885185 0.0479167 0.166667
0 0.461458 0.0842593 0.0125 0.0537037
1 0.755208 0.0231481 0.025 0.0425926
1 0.758854 0.0675926 0.0385417 0.0537037
1 0.553125 0.0972222 0.0375 0.0537037
0 0.364583 0.373148 0.03125 0.135185
1 0.461458 0.194444 0.05 0.0851852
0 0.241146 0.833333 0.0427083 0.233333
1 0.510938 0.207407 0.071875 0.0703704
0 0.205729 0.865741 0.0489583 0.257407
1 0.559896 0.172222 0.046875 0.0740741
1 0.233333 0.269444 0.0729167 0.0944444
1 0.0911458 0.427778 0.0885417 0.133333
1 0.191667 0.315741 0.0791667 0.109259
1 0.0432292 0.5 0.0864583 0.17037
1 0.141667 0.359259 0.0875 0.103704
1 0.894271 0.206481 0.0677083 0.0833333
1 0.0161458 0.730556 0.0322917 0.164815
1 0.671875 0.240741 0.0625 0.1
1 0.676042 0.843518 0.164583 0.309259
1 0.742708 0.411111 0.0979167 0.159259
1 0.920833 0.837037 0.15625 0.314815
