0 0.708333 0.146296 0.0125 0.0518519
1 0.0109375 0.037037 0.021875 0.0333333
0 0.0765625 0.341667 0.0239583 0.0722222
0 0.926562 0.225 0.0197917 0.0759259
1 0.156771 0.177778 0.053125 0.0703704
1 0.18125 0.142593 0.0479167 0.0555556
1 0.294271 0.132407 0.0614583 0.0537037
1 0.0677083 0.0981481 0.0458333 0.0481481
1 0.189583 0.223148 0.0708333 0.0981481
1 0.573958 0.152778 0.0854167 0.0648148
1 0.284375 0.284259 0.0895833 0.109259
1 0.44375 0.312037 0.125 0.127778
1 0.677604 0.634259 0.242708 0.27963
1 0.869792 0.637963 0.260417 0.294444
