1 0.009375 0.10463 0.01875 0.0314815
1 0.914062 0.0787037 0.0177083 0.0240741
1 0.79375 0.0777778 0.0166667 0.0296296
1 0.675 0.144444 0.0395833 0.037037
1 0.934896 0.0814815 0.0177083 0.0222222
1 0.846875 0.137963 0.0229167 0.0277778
1 0.715625 0.151852 0.0333333 0.037037
1 0.8625 0.115741 0.0208333 0.0314815
1 0.954167 0.0962963 0.0145833 0.0259259
1 0.731771 0.115741 0.0239583 0.0314815
1 0.892708 0.12037 0.0208333 0.0296296
1 0.639063 0.199074 0.0427083 0.0462963
1 0.804167 0.2 0.0333333 0.0407407
1 0.633333 0.246296 0.0479167 0.0555556
1 0.922396 0.186111 0.028125 0.05
1 0.825 0.259259 0.0479167 0.0740741
1 0.5375 0.27963 0.0583333 0.0666667
1 0.523438 0.234259 0.0614583 0.0796296
1 0.344271 0.313889 0.0760417 0.0611111
1 0.445312 0.39537 0.096875 0.101852
1 0.311979 0.381481 0.0927083 0.0888889
1 0.0614583 0.642593 0.122917 0.166667
