1 0.509896 0.237037 0.0489583 0.0407407
1 0.558854 0.243519 0.053125 0.05
1 0.059375 0.207407 0.0270833 0.0296296
1 0.930729 0.338889 0.107292 0.0740741
1 0.739583 0.292593 0.0875 0.0555556
1 0.616146 0.252778 0.0677083 0.0574074
1 0.0692708 0.163889 0.0260417 0.0314815
1 0.467187 0.226852 0.0510417 0.0388889
1 0.34375 0.248148 0.0791667 0.0518519
1 0.821354 0.311111 0.0885417 0.0703704
1 0.203646 0.293519 0.053125 0.0722222
1 0.721875 0.434259 0.141667 0.101852
1 0.3375 0.37037 0.09375 0.107407
1 0.621354 0.347222 0.107292 0.0907407
1 0.8125 0.665741 0.23125 0.22037
