1 0.295833 0.0462963 0.0291667 0.0333333
0 0.674479 0.226852 0.0135417 0.0722222
0 0.621875 0.232407 0.0166667 0.0425926
0 0.034375 0.427778 0.03125 0.125926
1 0.859375 0.162037 0.0416667 0.0425926
1 0.802083 0.151852 0.0458333 0.0407407
0 0.694792 0.246296 0.01875 0.0888889
0 0.835417 0.262963 0.0208333 0.0851852
1 0.09375 0.0601852 0.0229167 0.0351852
1 0.780729 0.221296 0.071875 0.0759259
1 0.314583 0.14537 0.0520833 0.0574074
1 0.501042 0.313889 0.108333 0.112963
1 0.311979 0.459259 0.128125 0.177778
