1 0.796875 0.197222 0.0375 0.05
1 0.01875 0.0490741 0.0375 0.0462963
1 0.679688 0.178704 0.028125 0.0388889
1 0.409896 0.200926 0.034375 0.0611111
1 0.723437 0.171296 0.0302083 0.0425926
1 0.484896 0.169444 0.0239583 0.0462963
1 0.451042 0.157407 0.0229167 0.0407407
0 0.917188 0.443519 0.028125 0.0722222
1 0.508854 0.262037 0.040625 0.0611111
1 0.625 0.17963 0.0291667 0.0444444
1 0.447396 0.240741 0.034375 0.0592593
1 0.656771 0.275 0.046875 0.0685185
1 0.71875 0.262037 0.05 0.0944444
1 0.678125 0.381481 0.0708333 0.12963
1 0.847917 0.346296 0.06875 0.0777778
1 0.384375 0.381481 0.0625 0.0925926
1 0.436979 0.480556 0.078125 0.127778
1 0.751562 0.762037 0.123958 0.194444
1 0.127083 0.539815 0.110417 0.138889
1 0.909375 0.637037 0.139583 0.214815
1 0.279687 0.553704 0.101042 0.162963
