1 0.642708 0.0814815 0.0395833 0.0407407
1 0.976562 0.113889 0.0447917 0.05
1 0.959375 0.118519 0.0416667 0.0444444
1 0.989062 0.110185 0.021875 0.0462963
0 0.83125 0.166667 0.0166667 0.0888889
1 0.868229 0.127778 0.0552083 0.0481481
1 0.164583 0.175 0.114583 0.0759259
1 0.916146 0.122222 0.0614583 0.0518519
0 0.629167 0.216667 0.0145833 0.1
1 0.45625 0.0898148 0.0541667 0.0574074
0 0.641146 0.214815 0.015625 0.0925926
1 0.569271 0.159259 0.0822917 0.0814815
0 0.665625 0.207407 0.01875 0.0851852
1 0.957292 0.237963 0.0854167 0.127778
1 0.185417 0.231481 0.133333 0.107407
1 0.0494792 0.259259 0.0989583 0.0925926
