1 0.990104 0.511111 0.0197917 0.0481481
1 0.15 0.532407 0.110417 0.116667
1 0.598437 0.343519 0.151042 0.138889
1 0.804688 0.135185 0.0552083 0.0592593
1 0.0151042 0.240741 0.0302083 0.0444444
1 0.394792 0.0712963 0.05625 0.0574074
1 0.372917 0.0981481 0.0416667 0.0333333
1 0.733333 0.0416667 0.0458333 0.05
1 0.116146 0.177778 0.0677083 0.0518519
1 0.965625 0.330556 0.06875 0.12037
1 0.1625 0.447222 0.108333 0.12037
1 0.855729 0.317593 0.105208 0.112963
1 0.692708 0.541667 0.1625 0.168519
1 0.373958 0.687037 0.204167 0.2
