1 0.992708 0.0703704 0.0145833 0.0333333
1 0.655208 0.0990741 0.0583333 0.0425926
0 0.526042 0.0898148 0.0125 0.0537037
0 0.654688 0.228704 0.015625 0.087037
1 0.470313 0.100926 0.0489583 0.0574074
1 0.977604 0.140741 0.0447917 0.0444444
1 0.5875 0.175 0.0791667 0.0796296
0 0.678646 0.225926 0.015625 0.0888889
1 0.88125 0.149074 0.0541667 0.05
1 0.929167 0.144444 0.0604167 0.0518519
0 0.689062 0.224074 0.0197917 0.0888889
0 0.640625 0.231481 0.01875 0.0888889
1 0.2 0.235185 0.135417 0.103704
1 0.05625 0.259259 0.1125 0.0962963
1 0.765104 0.401852 0.192708 0.148148
