1 0.105208 0.0398148 0.0416667 0.0759259
0 0.902083 0.0287037 0.0208333 0.0574074
0 0.0505208 0.212963 0.0239583 0.103704
0 0.0114583 0.283333 0.0229167 0.111111
0 0.923958 0.0564815 0.01875 0.0981481
0 0.0078125 0.346296 0.015625 0.133333
0 0.957292 0.0537037 0.0166667 0.1
0 0.979688 0.0805556 0.0260417 0.116667
0 0.0296875 0.244444 0.0364583 0.140741
0 0.105208 0.162963 0.0208333 0.1
0 0.940625 0.062037 0.0208333 0.109259
1 0.484375 0.0148148 0.0520833 0.0296296
1 0.245833 0.178704 0.075 0.135185
1 0.766146 0.473148 0.144792 0.246296
