1 0.989062 0.210185 0.021875 0.0685185
1 0.608854 0.0583333 0.0260417 0.0425926
1 0.444792 0.112963 0.0291667 0.0481481
1 0.0578125 0.325 0.0302083 0.0796296
1 0.628125 0.0972222 0.0270833 0.05
1 0.945833 0.126852 0.0729167 0.0648148
0 0.953646 0.313889 0.0239583 0.112963
1 0.152083 0.183333 0.05 0.0666667
1 0.969271 0.19537 0.0614583 0.0759259
1 0.198958 0.191667 0.0583333 0.0611111
1 0.856771 0.123148 0.053125 0.0611111
1 0.265625 0.153704 0.04375 0.0518519
0 0.0817708 0.324074 0.0197917 0.0962963
1 0.423958 0.147222 0.03125 0.0537037
0 0.0510417 0.487037 0.0354167 0.1
1 0.9375 0.172222 0.0625 0.062963
1 0.0880208 0.284259 0.0697917 0.0722222
1 0.514583 0.160185 0.0395833 0.0796296
1 0.120833 0.259259 0.05625 0.0740741
0 0.278646 0.242593 0.015625 0.0740741
0 0.192708 0.233333 0.0145833 0.0666667
1 0.747917 0.163889 0.05625 0.0648148
0 0.0734375 0.450926 0.028125 0.135185
1 0.617708 0.294444 0.0666667 0.133333
1 0.50625 0.216667 0.0458333 0.0740741
1 0.453125 0.17963 0.0416667 0.0666667
1 0.384375 0.310185 0.0666667 0.105556
1 0.721875 0.294444 0.0708333 0.0925926
1 0.494792 0.458333 0.0895833 0.153704
1 0.370833 0.437963 0.0895833 0.138889
1 0.772396 0.87037 0.192708 0.255556
1 0.785937 0.431481 0.111458 0.162963
1 0.226042 0.759259 0.170833 0.274074
