0 0.58125 0.228704 0.01875 0.0833333
0 0.466146 0.184259 0.015625 0.0759259
1 0.581771 0.0972222 0.0572917 0.05
1 0.867708 0.137037 0.075 0.0555556
1 0.898958 0.238889 0.10625 0.0740741
1 0.378646 0.146296 0.0364583 0.037037
1 0.0838542 0.131481 0.015625 0.0259259
1 0.219271 0.149074 0.028125 0.0388889
0 0.492188 0.2 0.015625 0.0740741
1 0.316667 0.136111 0.0354167 0.0388889
0 0.654688 0.239815 0.0135417 0.0722222
1 0.41875 0.150926 0.05 0.0388889
1 0.140104 0.178704 0.0302083 0.0314815
1 0.514583 0.0925926 0.0645833 0.0444444
1 0.556771 0.169444 0.0697917 0.0574074
0 0.633333 0.228704 0.01875 0.0759259
0 0.666667 0.244444 0.0145833 0.0740741
1 0.0114583 0.156481 0.0208333 0.0314815
1 0.978646 0.139815 0.0427083 0.0796296
1 0.0416667 0.20463 0.03125 0.0425926
1 0.754687 0.212963 0.0864583 0.0740741
1 0.204167 0.300926 0.0625 0.0796296
1 0.123958 0.328704 0.0645833 0.0796296
