1 0.329688 0.269444 0.0239583 0.0351852
1 0.280729 0.292593 0.021875 0.0259259
0 0.135937 0.403704 0.0135417 0.0666667
1 0.509896 0.205556 0.015625 0.0222222
1 0.985417 0.405556 0.0291667 0.0703704
1 0.855729 0.298148 0.0385417 0.062963
1 0.538542 0.205556 0.01875 0.0259259
1 0.603125 0.212963 0.01875 0.0296296
1 0.883854 0.32963 0.0427083 0.0518519
1 0.788021 0.290741 0.040625 0.0444444
1 0.576042 0.227778 0.0208333 0.0333333
1 0.961458 0.383333 0.0666667 0.0666667
1 0.593229 0.296296 0.0322917 0.0518519
1 0.229687 0.339815 0.0447917 0.0611111
1 0.920313 0.353704 0.0572917 0.062963
