1 0.165625 0.202778 0.0354167 0.0425926
1 0.238021 0.175926 0.034375 0.0481481
1 0.839583 0.158333 0.09375 0.0611111
1 0.05 0.185185 0.0229167 0.0296296
0 0.649479 0.257407 0.0135417 0.0703704
1 0.5125 0.108333 0.0708333 0.0425926
1 0.896354 0.262037 0.107292 0.0796296
1 0.04375 0.317593 0.0875 0.183333
1 0.301562 0.207407 0.0489583 0.0555556
0 0.660937 0.263889 0.015625 0.0759259
1 0.591146 0.198148 0.0489583 0.0555556
0 0.813542 0.282407 0.025 0.0944444
1 0.974479 0.159259 0.0489583 0.0851852
1 0.196875 0.302778 0.0625 0.0796296
1 0.749479 0.230556 0.0885417 0.0722222
1 0.101562 0.3 0.0552083 0.0740741
1 0.676042 0.481481 0.170833 0.140741
1 0.185937 0.377778 0.0739583 0.1
1 0.442708 0.290741 0.0979167 0.0851852
1 0.371875 0.655556 0.1625 0.237037
