1 0.395833 0.252778 0.1875 0.224074
1 0.248437 0.256481 0.0427083 0.0722222
1 0.223438 0.212037 0.0552083 0.0981481
1 0.622396 0.210185 0.0947917 0.0796296
1 0.519792 0.266667 0.0833333 0.103704
1 0.302083 0.287963 0.0791667 0.105556
1 0.841667 0.271296 0.145833 0.127778
1 0.809896 0.398148 0.167708 0.114815
1 0.632812 0.327778 0.132292 0.111111
1 0.834896 0.513889 0.180208 0.216667
1 0.952083 0.485185 0.0958333 0.177778
1 0.361979 0.339815 0.0760417 0.101852
1 0.966146 0.649074 0.0677083 0.157407
1 0.650521 0.437963 0.167708 0.146296
1 0.4375 0.403704 0.1125 0.12963
1 0.594271 0.517593 0.159375 0.175926
1 0.829687 0.687963 0.278125 0.342593
