1 0.761458 0.0555556 0.0354167 0.062963
0 0.413021 0.138889 0.015625 0.0592593
1 0.553646 0.0981481 0.034375 0.0518519
0 0.251042 0.710185 0.0395833 0.201852
0 0.241667 0.362963 0.0270833 0.1
0 0.303125 0.57963 0.0416667 0.185185
1 0.797396 0.0898148 0.040625 0.0574074
1 0.593229 0.175 0.0447917 0.0759259
1 0.617188 0.0768519 0.0364583 0.0574074
0 0.175521 0.443519 0.0302083 0.087037
0 0.168229 0.9 0.0510417 0.196296
0 0.330729 0.678704 0.040625 0.190741
0 0.204688 0.87037 0.0510417 0.248148
0 0.365625 0.377778 0.0333333 0.133333
1 0.51875 0.152778 0.0479167 0.0685185
1 0.0911458 0.431481 0.090625 0.137037
1 0.715625 0.219444 0.0666667 0.105556
1 0.874479 0.17037 0.0614583 0.0814815
1 0.233854 0.269444 0.0739583 0.0907407
1 0.141146 0.37037 0.090625 0.122222
0 0.2625 0.871296 0.05 0.231481
1 0.190625 0.318519 0.08125 0.111111
1 0.611458 0.226852 0.0645833 0.127778
1 0.0432292 0.501852 0.0864583 0.17037
1 0.015625 0.737963 0.03125 0.161111
1 0.676042 0.506481 0.102083 0.183333
1 0.592708 0.37037 0.0916667 0.133333
