1 0.230729 0.207407 0.0739583 0.111111
1 0.515104 0.216667 0.0822917 0.0962963
1 0.121875 0.800926 0.21875 0.372222
1 0.397396 0.233333 0.190625 0.214815
0 0.096875 0.273148 0.0166667 0.0685185
1 0.609896 0.196296 0.090625 0.0814815
0 0.0942708 0.24537 0.015625 0.0537037
1 0.517708 0.255556 0.0833333 0.107407
1 0.725 0.228704 0.116667 0.0944444
1 0.301042 0.275 0.075 0.105556
1 0.920833 0.291667 0.158333 0.146296
1 0.835938 0.500926 0.180208 0.22037
1 0.952604 0.475 0.0947917 0.175926
1 0.632292 0.318519 0.13125 0.114815
1 0.361458 0.330556 0.0770833 0.105556
1 0.965625 0.639815 0.06875 0.157407
1 0.808333 0.387963 0.164583 0.116667
1 0.651042 0.425926 0.166667 0.148148
1 0.436458 0.392593 0.114583 0.12963
1 0.594271 0.507407 0.159375 0.174074
1 0.825521 0.675 0.278125 0.338889
