1 0.465625 0.15 0.0208333 0.037037
1 0.617708 0.15463 0.025 0.0425926
1 0.995313 0.957407 0.009375 0.0777778
1 0.692708 0.138889 0.0208333 0.0259259
1 0.438542 0.137963 0.0208333 0.0314815
1 0.854688 0.262037 0.046875 0.0611111
1 0.539062 0.175 0.028125 0.0425926
1 0.645833 0.216667 0.03125 0.0518519
1 0.469792 0.233333 0.0375 0.062963
1 0.340104 0.249074 0.040625 0.0537037
1 0.503646 0.15463 0.0260417 0.0351852
1 0.703646 0.226852 0.040625 0.05
1 0.450521 0.361111 0.0635417 0.122222
1 0.946875 0.334259 0.0708333 0.0907407
1 0.8625 0.367593 0.0666667 0.0796296
1 0.675521 0.383333 0.0552083 0.1
1 0.186979 0.728704 0.126042 0.25
1 0.761458 0.35 0.0604167 0.0777778
1 0.392188 0.675 0.101042 0.175926
1 0.802604 0.828704 0.144792 0.227778
1 0.117708 0.47963 0.0958333 0.114815
1 0.892708 0.638889 0.116667 0.148148
