0 0.266667 0.184259 0.0270833 0.0537037
1 0.611979 0.116667 0.028125 0.0481481
1 0.528646 0.0935185 0.021875 0.0537037
1 0.059375 0.265741 0.0583333 0.0685185
1 0.971875 0.207407 0.05625 0.0666667
1 0.630729 0.182407 0.0385417 0.0648148
1 0.595833 0.0546296 0.0229167 0.0351852
1 0.292708 0.151852 0.0291667 0.0444444
1 0.488021 0.0694444 0.021875 0.05
1 0.263542 0.181481 0.0333333 0.0555556
1 0.501562 0.0898148 0.0260417 0.0425926
1 0.281771 0.159259 0.0302083 0.0407407
0 0.323958 0.202778 0.0145833 0.0648148
0 0.05 0.487963 0.0229167 0.0685185
1 0.2375 0.192593 0.04375 0.0518519
0 0.078125 0.437037 0.025 0.0703704
0 0.235938 0.321296 0.015625 0.0388889
1 0.0635417 0.341667 0.03125 0.0796296
1 0.461979 0.159259 0.034375 0.0518519
1 0.515625 0.134259 0.03125 0.05
1 0.158854 0.202778 0.053125 0.0611111
1 0.204688 0.211111 0.0572917 0.062963
1 0.125521 0.275 0.0552083 0.0722222
1 0.615625 0.238889 0.0479167 0.0777778
1 0.0921875 0.307407 0.0677083 0.0851852
1 0.381771 0.197222 0.0489583 0.0648148
1 0.752083 0.374074 0.0833333 0.114815
1 0.676562 0.477778 0.101042 0.166667
1 0.75625 0.85 0.1875 0.292593
1 0.910417 0.656482 0.160417 0.227778
