1 0.313542 0.158333 0.0583333 0.0648148
0 0.0182292 0.358333 0.028125 0.12037
0 0.34375 0.211111 0.01875 0.0814815
0 0.507292 0.515741 0.03125 0.0722222
1 0.344271 0.139815 0.0364583 0.0574074
1 0.584375 0.121296 0.0375 0.0648148
0 0.404167 0.140741 0.0166667 0.0592593
1 0.252083 0.228704 0.05625 0.087037
1 0.255729 0.148148 0.053125 0.0592593
1 0.603646 0.0416667 0.0302083 0.0462963
0 0.222396 0.339815 0.0239583 0.12037
1 0.55625 0.0648148 0.03125 0.0481481
0 0.236979 0.837037 0.040625 0.225926
1 0.781771 0.0703704 0.0427083 0.0703704
0 0.364062 0.380556 0.0302083 0.135185
1 0.527604 0.130556 0.0427083 0.0648148
0 0.30625 0.684259 0.04375 0.201852
1 0.559375 0.296296 0.03125 0.111111
1 0.190104 0.303704 0.078125 0.0962963
0 0.191146 0.392593 0.028125 0.122222
0 0.160417 0.89537 0.0625 0.198148
0 0.0927083 0.809259 0.05 0.22963
1 0.826042 0.118519 0.0520833 0.0666667
0 0.334375 0.669444 0.0416667 0.231481
1 0.679167 0.135185 0.05 0.0814815
1 0.604688 0.164815 0.053125 0.107407
1 0.139062 0.364815 0.0927083 0.122222
1 0.233333 0.266667 0.0708333 0.0925926
0 0.203646 0.860185 0.0447917 0.264815
1 0.090625 0.425 0.0916667 0.131481
1 0.0427083 0.5 0.0854167 0.17037
1 0.938021 0.230556 0.0760417 0.0981481
1 0.0161458 0.730556 0.0322917 0.161111
1 0.651042 0.324074 0.0729167 0.122222
1 0.816667 0.461111 0.1125 0.181481
1 0.669271 0.571296 0.113542 0.257407
