0 0.639583 0.217593 0.0166667 0.0759259
1 0.963542 0.293519 0.0708333 0.05
0 0.972396 0.218519 0.0135417 0.0592593
1 0.598958 0.0777778 0.0541667 0.0407407
1 0.132812 0.144444 0.0385417 0.0518519
1 0.278646 0.121296 0.0364583 0.0462963
1 0.0578125 0.0962963 0.046875 0.0851852
1 0.872917 0.167593 0.0395833 0.0425926
1 0.814062 0.156481 0.0489583 0.0462963
0 0.707292 0.249074 0.01875 0.0833333
1 0.343229 0.152778 0.053125 0.0648148
1 0.79375 0.225926 0.0729167 0.0740741
1 0.261458 0.359259 0.0895833 0.133333
1 0.608854 0.327778 0.126042 0.122222
