1 0.989062 0.112037 0.021875 0.0425926
1 0.650521 0.037037 0.028125 0.0407407
1 0.701563 0.0564815 0.0322917 0.0462963
0 0.344792 0.433333 0.0270833 0.177778
1 0.604167 0.0574074 0.0291667 0.0444444
1 0.034375 0.316667 0.06875 0.118519
1 0.983333 0.0490741 0.0333333 0.0462963
1 0.944792 0.0509259 0.04375 0.0462963
1 0.508854 0.175926 0.0447917 0.0555556
1 0.589063 0.0981481 0.040625 0.0666667
1 0.782812 0.10463 0.046875 0.0648148
0 0.294271 0.562037 0.034375 0.198148
1 0.294792 0.175926 0.05 0.0703704
1 0.265625 0.208333 0.05625 0.0796296
0 0.15625 0.391667 0.0270833 0.109259
0 0.889583 0.117593 0.0145833 0.0722222
0 0.323958 0.525926 0.0375 0.17037
1 0.970833 0.0953704 0.05625 0.0574074
0 0.228125 0.362963 0.025 0.0740741
1 0.58125 0.201852 0.05 0.0851852
1 0.146354 0.341667 0.096875 0.12037
0 0.367708 0.375 0.0291667 0.135185
1 0.196354 0.292593 0.065625 0.1
1 0.541667 0.247222 0.0770833 0.138889
1 0.231771 0.246296 0.065625 0.0851852
1 0.0375 0.518519 0.075 0.185185
1 0.943229 0.408333 0.113542 0.168519
1 0.677604 0.237963 0.071875 0.116667
1 0.611458 0.358333 0.0770833 0.138889
