1 0.930729 0.180556 0.134375 0.0722222
1 0.180729 0.209259 0.059375 0.062963
1 0.826042 0.128704 0.0270833 0.0388889
1 0.472917 0.0574074 0.0208333 0.0259259
1 0.507812 0.05 0.0197917 0.0296296
0 0.971354 0.559259 0.0114583 0.0555556
0 0.00416667 0.288889 0.00833333 0.12963
1 0.408333 0.115741 0.0291667 0.0537037
1 0.0479167 0.205556 0.0416667 0.062963
0 0.846354 0.231481 0.0177083 0.0777778
1 0.798437 0.112037 0.0364583 0.05
1 0.863021 0.156481 0.0302083 0.0574074
1 0.158333 0.252778 0.0645833 0.0907407
1 0.304688 0.237963 0.0510417 0.087037
1 0.98125 0.247222 0.0375 0.101852
1 0.377604 0.252778 0.059375 0.0796296
1 0.45625 0.177778 0.04375 0.0666667
0 0.830729 0.225926 0.0197917 0.0888889
1 0.889063 0.174074 0.0510417 0.0777778
1 0.416667 0.216667 0.05 0.0740741
1 0.275521 0.316667 0.0635417 0.107407
1 0.383333 0.328704 0.0770833 0.135185
1 0.959896 0.192593 0.078125 0.0666667
1 0.257812 0.556481 0.121875 0.183333
1 0.357292 0.685185 0.135417 0.237037
