1 0.380208 0.0824074 0.05 0.0722222
0 0.220833 0.213889 0.025 0.127778
0 0.0119792 0.492593 0.021875 0.0851852
0 0.153125 0.364815 0.0208333 0.0925926
0 0.223958 0.260185 0.0229167 0.0685185
1 0.310937 0.075 0.0489583 0.0537037
1 0.358854 0.0990741 0.034375 0.0574074
1 0.441146 0.112963 0.028125 0.0481481
0 0.103125 0.412037 0.0208333 0.0833333
0 0.0208333 0.564815 0.0229167 0.1
0 0.0666667 0.457407 0.0229167 0.114815
1 0.800521 0.497222 0.140625 0.175926
1 0.379167 0.19537 0.0583333 0.0759259
1 0.356771 0.331481 0.0864583 0.133333
