1 0.205729 0.108333 0.144792 0.0685185
0 0.461458 0.108333 0.0166667 0.0907407
1 0.990104 0.184259 0.0197917 0.0425926
0 0.523958 0.118519 0.01875 0.0888889
1 0.469792 0.286111 0.233333 0.209259
0 0.571875 0.106481 0.0145833 0.0796296
0 0.704687 0.087963 0.0135417 0.0648148
1 0.943229 0.463889 0.113542 0.209259
0 0.639063 0.0898148 0.0177083 0.0833333
0 0.506771 0.12037 0.015625 0.0962963
0 0.544792 0.109259 0.01875 0.0888889
1 0.954167 0.146296 0.08125 0.0814815
1 0.0619792 0.113889 0.123958 0.109259
1 0.361458 0.863889 0.4125 0.261111
