1 0.278646 0.172222 0.034375 0.0444444
1 0.268229 0.182407 0.034375 0.0537037
1 0.854167 0.149074 0.0520833 0.0537037
0 0.295833 0.201852 0.0145833 0.0518519
0 0.192188 0.267593 0.0135417 0.0611111
1 0.295312 0.158333 0.034375 0.0388889
1 0.989583 0.239815 0.0208333 0.0574074
1 0.969271 0.216667 0.0614583 0.0703704
1 0.949479 0.151852 0.0802083 0.0666667
1 0.258333 0.189815 0.0291667 0.05
0 0.959896 0.346296 0.028125 0.114815
0 0.983854 0.369444 0.021875 0.124074
1 0.629167 0.128704 0.03125 0.0462963
1 0.0604167 0.353704 0.0354167 0.0777778
1 0.200521 0.223148 0.0572917 0.0574074
1 0.481771 0.0722222 0.0177083 0.0259259
1 0.653125 0.161111 0.0354167 0.0518519
1 0.236458 0.20463 0.0416667 0.05
1 0.153125 0.217593 0.0479167 0.0611111
0 0.0760417 0.484259 0.0291667 0.138889
0 0.178646 0.328704 0.0197917 0.0648148
0 0.0520833 0.540741 0.0333333 0.140741
1 0.857813 0.640741 0.161458 0.262963
1 0.0880208 0.322222 0.0697917 0.0851852
1 0.920313 0.244444 0.065625 0.0777778
1 0.122396 0.291667 0.0552083 0.0759259
1 0.289062 0.483333 0.0864583 0.148148
1 0.746354 0.378704 0.0864583 0.127778
