0 0.05625 0.393519 0.04375 0.0907407
0 0.125 0.227778 0.0104167 0.037037
1 0.617188 0.206481 0.0510417 0.0388889
1 0.726042 0.225926 0.06875 0.062963
1 0.573958 0.193519 0.0479167 0.0388889
1 0.666667 0.213889 0.0520833 0.05
1 0.0625 0.264815 0.0333333 0.0592593
0 0.0713542 0.39537 0.0197917 0.0907407
1 0.0505208 0.199074 0.0239583 0.0462963
0 0.04375 0.393519 0.0208333 0.0944444
1 0.936458 0.288889 0.102083 0.0703704
1 0.227604 0.200926 0.034375 0.0462963
1 0.851562 0.267593 0.084375 0.0574074
1 0.842708 0.519444 0.18125 0.164815
1 0.493229 0.377778 0.105208 0.103704
