0 0.119271 0.387037 0.015625 0.0666667
1 0.566667 0.167593 0.0208333 0.0351852
1 0.860417 0.317593 0.0354167 0.0537037
1 0.332812 0.275926 0.028125 0.037037
0 0.176563 0.362963 0.015625 0.0555556
1 0.827604 0.287963 0.028125 0.0462963
1 0.527604 0.211111 0.0177083 0.0222222
1 0.009375 0.885185 0.01875 0.133333
1 0.892187 0.337963 0.0489583 0.0537037
1 0.98125 0.476852 0.0375 0.0981481
1 0.50625 0.211111 0.0145833 0.0259259
0 0.142188 0.410185 0.015625 0.0685185
1 0.649479 0.228704 0.0239583 0.0314815
1 0.967188 0.387037 0.065625 0.0777778
1 0.925 0.361111 0.0583333 0.062963
1 0.233333 0.346296 0.0583333 0.062963
