0 0.0489583 0.32963 0.01875 0.062963
1 0.855208 0.171296 0.0354167 0.0351852
1 0.501042 0.117593 0.025 0.0314815
0 0.98125 0.437037 0.0229167 0.114815
1 0.386458 0.192593 0.0375 0.0777778
0 0.0911458 0.299074 0.0197917 0.0537037
1 0.857813 0.187963 0.034375 0.0611111
1 0.819792 0.17037 0.03125 0.0444444
0 0.842708 0.268519 0.0166667 0.0814815
1 0.79375 0.152778 0.0354167 0.05
0 0.977083 0.355556 0.0291667 0.0962963
0 0.826042 0.266667 0.01875 0.0814815
0 0.0598958 0.57037 0.034375 0.0740741
1 0.448438 0.173148 0.0322917 0.0574074
1 0.610937 0.190741 0.0364583 0.0592593
1 0.346875 0.235185 0.0645833 0.0740741
0 0.989062 0.456481 0.021875 0.142593
1 0.885938 0.214815 0.046875 0.0777778
1 0.978646 0.27963 0.0427083 0.0851852
1 0.0765625 0.955556 0.151042 0.0851852
1 0.202604 0.30463 0.101042 0.0796296
1 0.386979 0.322222 0.059375 0.0925926
1 0.957812 0.232407 0.0802083 0.0648148
1 0.452604 0.357407 0.0697917 0.103704
1 0.283854 0.369444 0.0760417 0.116667
1 0.241667 0.592593 0.122917 0.177778
1 0.621875 0.45463 0.08125 0.12037
1 0.369271 0.641667 0.119792 0.212963
