1 0.009375 0.10463 0.01875 0.0277778
1 0.761458 0.105556 0.01875 0.0296296
1 0.96875 0.0972222 0.0270833 0.0537037
1 0.610417 0.198148 0.0395833 0.0407407
1 0.0786458 0.0972222 0.0864583 0.0425926
1 0.6625 0.196296 0.0375 0.0444444
1 0.915625 0.175926 0.0333333 0.0481481
1 0.964063 0.181481 0.0302083 0.0444444
1 0.590104 0.184259 0.0364583 0.0462963
1 0.617188 0.262963 0.0572917 0.0740741
1 0.727083 0.298148 0.0458333 0.0703704
1 0.825521 0.252778 0.046875 0.0833333
1 0.894271 0.29537 0.046875 0.0722222
1 0.706771 0.49537 0.096875 0.138889
1 0.453646 0.340741 0.0739583 0.0814815
