0 0.186458 0.411111 0.025 0.0962963
0 0.239583 0.643519 0.0416667 0.153704
1 0.255208 0.147222 0.0520833 0.0574074
1 0.251042 0.22963 0.05625 0.0888889
0 0.355729 0.175926 0.015625 0.0851852
0 0.206771 0.412963 0.0302083 0.0777778
1 0.783333 0.0907407 0.0416667 0.062963
0 0.302083 0.567593 0.0395833 0.17963
0 0.147917 0.881481 0.04375 0.188889
1 0.5625 0.146296 0.0416667 0.0703704
1 0.552604 0.075 0.034375 0.0537037
0 0.144792 0.486111 0.0395833 0.101852
0 0.361458 0.637037 0.0354167 0.177778
1 0.230729 0.268519 0.0677083 0.0925926
1 0.463542 0.187963 0.0583333 0.0833333
0 0.364583 0.371296 0.0354167 0.138889
0 0.202083 0.862037 0.0520833 0.264815
1 0.189583 0.307407 0.0791667 0.103704
0 0.240625 0.827778 0.0416667 0.237037
1 0.536979 0.19537 0.059375 0.0833333
1 0.696354 0.84537 0.238542 0.301852
1 0.0880208 0.425 0.0885417 0.131481
1 0.139062 0.364815 0.090625 0.122222
1 0.655729 0.163889 0.0510417 0.0796296
1 0.0421875 0.498148 0.084375 0.17037
1 0.0151042 0.72963 0.0302083 0.159259
1 0.977604 0.327778 0.0447917 0.114815
1 0.789062 0.435185 0.126042 0.2
1 0.694792 0.250926 0.06875 0.105556
1 0.660417 0.55 0.116667 0.207407
