1 0.944792 0.0351852 0.0333333 0.0481481
1 0.257292 0.139815 0.05 0.0574074
0 0.178646 0.878704 0.101042 0.216667
1 0.517187 0.186111 0.0447917 0.0685185
0 0.319792 0.482407 0.025 0.112963
1 0.708854 0.735185 0.155208 0.151852
1 0.461979 0.0435185 0.0260417 0.0388889
0 0.241667 0.832407 0.0395833 0.224074
1 0.582812 0.0101852 0.021875 0.0203704
1 0.255729 0.219444 0.0510417 0.0907407
0 0.202083 0.746296 0.0395833 0.118519
1 0.460417 0.180556 0.0479167 0.0833333
0 0.106771 0.535185 0.028125 0.0814815
1 0.915625 0.0231481 0.0229167 0.0388889
1 0.479688 0.197222 0.059375 0.0759259
0 0.0276042 0.80463 0.0552083 0.146296
1 0.980729 0.0388889 0.0364583 0.0333333
1 0.0171875 0.70463 0.034375 0.12037
0 0.153125 0.888889 0.0479167 0.192593
1 0.710417 0.0138889 0.0270833 0.0277778
0 0.30625 0.560185 0.0375 0.183333
0 0.138021 0.442593 0.0302083 0.148148
0 0.08125 0.659259 0.0458333 0.185185
1 0.509375 0.207407 0.0583333 0.0592593
0 0.196875 0.394444 0.0270833 0.111111
0 0.505729 0.513889 0.0302083 0.0685185
0 0.206771 0.862963 0.0489583 0.248148
1 0.534896 0.131481 0.0489583 0.062963
0 0.367188 0.363889 0.0322917 0.135185
1 0.232812 0.258333 0.0697917 0.0944444
1 0.04375 0.485185 0.0875 0.162963
1 0.0901042 0.416667 0.084375 0.133333
1 0.777604 0.0574074 0.0364583 0.0518519
1 0.193229 0.301852 0.0822917 0.107407
1 0.140625 0.353704 0.0916667 0.114815
1 0.715104 0.82963 0.165625 0.32963
