1 0.867188 0.0861111 0.0447917 0.0537037
1 0.757292 0.0694444 0.0354167 0.05
0 0.245312 0.687963 0.0364583 0.198148
0 0.307813 0.512037 0.0385417 0.101852
1 0.811458 0.106481 0.0479167 0.0685185
1 0.364062 0.176852 0.0677083 0.0611111
0 0.193229 0.309259 0.0760417 0.103704
1 0.255729 0.225926 0.0510417 0.0851852
1 0.772396 0.132407 0.0510417 0.0722222
0 0.271875 0.677778 0.0333333 0.211111
0 0.319271 0.486111 0.0260417 0.116667
1 0.6 0.062037 0.0333333 0.0425926
1 0.867188 0.141667 0.0572917 0.0722222
0 0.241146 0.833333 0.0447917 0.207407
1 0.647396 0.0583333 0.0302083 0.05
0 0.301042 0.640741 0.0458333 0.211111
0 0.230208 0.371296 0.0291667 0.116667
1 0.972917 0.2 0.0541667 0.0851852
0 0.185417 0.37963 0.0270833 0.137037
1 0.604688 0.102778 0.0364583 0.0574074
0 0.168229 0.891667 0.0677083 0.212963
0 0.35 0.418519 0.0291667 0.151852
1 0.233333 0.262037 0.0708333 0.0981481
1 0.676562 0.153704 0.0489583 0.0740741
0 0.208333 0.860185 0.05 0.272222
1 0.927083 0.276852 0.0833333 0.105556
1 0.604688 0.44537 0.0927083 0.22037
1 0.625 0.22037 0.0583333 0.0962963
1 0.140625 0.360185 0.0916667 0.127778
1 0.192708 0.305556 0.08125 0.107407
1 0.0932292 0.423148 0.090625 0.131481
1 0.04375 0.491667 0.0875 0.172222
1 0.0166667 0.725 0.0333333 0.168519
1 0.796875 0.491667 0.127083 0.194444
1 0.704167 0.839815 0.191667 0.312963
1 0.56875 0.335185 0.08125 0.12963
