0 0.116667 0.536111 0.0354167 0.087037
0 0.319271 0.494444 0.034375 0.148148
1 0.746875 0.012037 0.025 0.0240741
0 0.177083 0.437037 0.0354167 0.0888889
1 0.957292 0.0444444 0.0416667 0.0444444
0 0.0947917 0.518519 0.0333333 0.137037
1 0.982292 0.0462963 0.0354167 0.0333333
1 0.346354 0.134259 0.040625 0.0611111
1 0.256771 0.144444 0.0510417 0.0555556
1 0.25625 0.226852 0.0520833 0.0833333
0 0.223438 0.400926 0.0302083 0.0796296
1 0.73125 0.0333333 0.0291667 0.0407407
0 0.243229 0.834259 0.0385417 0.216667
0 0.305729 0.563889 0.040625 0.194444
0 0.155729 0.885185 0.0552083 0.203704
0 0.0494792 0.684259 0.0447917 0.172222
0 0.0869792 0.723148 0.0489583 0.209259
1 0.551042 0.116667 0.0416667 0.0592593
1 0.915104 0.923148 0.169792 0.146296
0 0.366667 0.366667 0.03125 0.133333
0 0.207292 0.860185 0.0479167 0.261111
1 0.465625 0.187037 0.05625 0.0851852
1 0.508333 0.206481 0.0604167 0.0611111
1 0.233854 0.262037 0.071875 0.0944444
1 0.0161458 0.730556 0.0322917 0.157407
1 0.542708 0.180556 0.0583333 0.0759259
1 0.0432292 0.490741 0.0864583 0.174074
1 0.822396 0.111111 0.046875 0.0666667
1 0.0942708 0.414815 0.090625 0.114815
1 0.193229 0.307407 0.0822917 0.111111
1 0.142188 0.360185 0.090625 0.124074
1 0.6875 0.394444 0.0916667 0.155556
