0 0.613542 0.214815 0.0145833 0.0703704
1 0.00572917 0.132407 0.0114583 0.0277778
0 0.523958 0.181481 0.0145833 0.0592593
1 0.503125 0.0694444 0.0541667 0.0425926
1 0.134896 0.147222 0.034375 0.0388889
1 0.818229 0.12963 0.0552083 0.0703704
1 0.892708 0.235185 0.10625 0.0740741
1 0.552083 0.15 0.0708333 0.0555556
0 0.772917 0.251852 0.01875 0.0925926
0 0.496875 0.175 0.0145833 0.0648148
1 0.214062 0.150926 0.040625 0.0462963
0 0.629687 0.218519 0.0177083 0.0777778
1 0.590104 0.162963 0.0510417 0.0555556
1 0.100521 0.22963 0.0447917 0.0814815
1 0.973958 0.134259 0.05 0.0833333
0 0.661458 0.225 0.0125 0.0722222
1 0.0265625 0.161111 0.0302083 0.0407407
1 0.745833 0.198148 0.0854167 0.0703704
1 0.0213542 0.243519 0.0427083 0.0722222
1 0.339583 0.406481 0.120833 0.146296
1 0.469792 0.283333 0.1 0.0925926
