1 0.00833333 0.178704 0.0166667 0.0648148
0 0.991146 0.363889 0.0177083 0.127778
1 0.208333 0.147222 0.06875 0.0462963
0 0.956771 0.509259 0.0447917 0.137037
1 0.105208 0.157407 0.0583333 0.0333333
1 0.261458 0.176852 0.0479167 0.05
0 0.935417 0.496296 0.0541667 0.148148
0 0.530729 0.264815 0.021875 0.114815
1 0.317708 0.340741 0.0645833 0.137037
0 0.981771 0.365741 0.0260417 0.135185
1 0.193229 0.207407 0.0572917 0.0703704
1 0.0994792 0.243519 0.084375 0.0907407
1 0.577604 0.530556 0.155208 0.17963
1 0.177604 0.298148 0.101042 0.1
