0 0.00416667 0.525 0.00833333 0.0388889
0 0.648958 0.468519 0.025 0.0666667
0 0.747917 0.449074 0.0125 0.0537037
0 0.758333 0.451852 0.0125 0.0555556
0 0.672917 0.491667 0.0145833 0.05
1 0.975 0.442593 0.05 0.0814815
0 0.078125 0.508333 0.01875 0.0722222
0 0.657812 0.475 0.0135417 0.0685185
0 0.0572917 0.506481 0.0145833 0.0685185
0 0.640104 0.466667 0.0114583 0.0592593
1 0.01875 0.477778 0.0375 0.0666667
1 0.0682292 0.956481 0.136458 0.0833333
1 0.250521 0.496296 0.0989583 0.0740741
1 0.880729 0.746296 0.103125 0.125926
1 0.0697917 0.662963 0.139583 0.107407
1 0.278646 0.887963 0.192708 0.161111
1 0.486458 0.712963 0.1375 0.144444
