0 0.171354 0.266667 0.0260417 0.1
1 0.780729 0.0740741 0.040625 0.0481481
0 0.0921875 0.384259 0.0197917 0.087037
0 0.19375 0.248148 0.0208333 0.0814815
0 0.207292 0.228704 0.0145833 0.0462963
1 0.290625 0.151852 0.08125 0.0962963
1 0.247917 0.127778 0.0520833 0.0888889
1 0.289062 0.0574074 0.0489583 0.0518519
0 0.119271 0.360185 0.028125 0.109259
1 0.559896 0.0287037 0.021875 0.0314815
0 0.0401042 0.444444 0.0260417 0.118519
1 0.374479 0.193519 0.0572917 0.087037
1 0.252604 0.622222 0.159375 0.296296
