1 0.0421875 0.0898148 0.046875 0.0685185
0 0.918229 0.0574074 0.0177083 0.0851852
0 0.240104 0.0268519 0.0135417 0.0537037
0 0.184375 0.0435185 0.01875 0.0722222
1 0.0213542 0.121296 0.0427083 0.05
0 0.0317708 0.294444 0.028125 0.133333
1 0.665104 0.0259259 0.0385417 0.0481481
0 0.940625 0.106481 0.01875 0.0796296
0 0.973437 0.108333 0.021875 0.124074
0 0.990625 0.12963 0.01875 0.103704
0 0.0177083 0.337037 0.0333333 0.155556
0 0.291146 0.0962963 0.0197917 0.0851852
1 0.798958 0.29537 0.1125 0.172222
1 0.435937 0.0694444 0.059375 0.0944444
1 0.346875 0.0824074 0.0729167 0.0981481
1 0.320312 0.64537 0.184375 0.372222
