1 0.966146 0.122222 0.0197917 0.0444444
1 0.343229 0.0490741 0.046875 0.0240741
1 0.698958 0.132407 0.03125 0.0425926
1 0.929167 0.135185 0.025 0.0703704
1 0.852083 0.135185 0.0229167 0.0333333
1 0.636979 0.174074 0.034375 0.0407407
1 0.808333 0.182407 0.0375 0.05
1 0.846354 0.22037 0.0364583 0.0518519
1 0.517708 0.212963 0.0479167 0.0555556
1 0.76875 0.243519 0.04375 0.0574074
1 0.589583 0.236111 0.05 0.0537037
1 0.85 0.617593 0.09375 0.175926
1 0.0630208 0.533333 0.126042 0.159259
1 0.51875 0.597222 0.11875 0.15
1 0.258333 0.47963 0.133333 0.12963
