0 0.242708 0.544444 0.03125 0.103704
1 0.382812 0.189815 0.034375 0.05
1 0.592708 0.136111 0.0333333 0.0425926
0 0.028125 0.506481 0.05625 0.0981481
1 0.282813 0.22037 0.046875 0.062963
1 0.0276042 0.505556 0.0552083 0.0925926
1 0.980208 0.144444 0.0395833 0.0481481
0 0.34375 0.288889 0.0166667 0.0777778
0 0.367708 0.262963 0.0145833 0.062963
0 0.0145833 0.890741 0.0291667 0.218519
1 0.244271 0.319444 0.040625 0.0833333
1 0.643229 0.140741 0.0260417 0.0444444
0 0.0838542 0.8 0.0385417 0.203704
1 0.169792 0.366667 0.0354167 0.0962963
0 0.247917 0.477778 0.0270833 0.125926
1 0.260938 0.287963 0.0489583 0.0685185
1 0.327083 0.225926 0.0541667 0.062963
1 0.0729167 0.449074 0.08125 0.087037
0 0.0328125 0.844444 0.0427083 0.225926
1 0.395312 0.942593 0.157292 0.107407
0 0.273958 0.481481 0.025 0.122222
0 0.289583 0.461111 0.0208333 0.114815
0 0.111458 0.753704 0.0354167 0.192593
0 0.225 0.577778 0.03125 0.151852
1 0.573958 0.232407 0.0458333 0.0722222
0 0.188021 0.59537 0.034375 0.157407
1 0.595312 0.17963 0.0364583 0.0592593
1 0.640104 0.234259 0.040625 0.0722222
1 0.4875 0.306481 0.0583333 0.0907407
1 0.128646 0.410185 0.0885417 0.109259
1 0.551562 0.325926 0.0614583 0.1
1 0.946875 0.386111 0.1 0.127778
1 0.655208 0.363889 0.0666667 0.116667
1 0.515104 0.510185 0.096875 0.161111
