0 0.639063 0.216667 0.0447917 0.0925926
1 0.948438 0.115741 0.0364583 0.0388889
1 0.140625 0.185185 0.08125 0.0703704
0 0.822917 0.162037 0.01875 0.0944444
1 0.0161458 0.352778 0.0322917 0.0611111
1 0.635938 0.0814815 0.0364583 0.0407407
1 0.973958 0.111111 0.0520833 0.0518519
0 0.626042 0.218519 0.01875 0.0925926
1 0.908333 0.118519 0.0520833 0.0518519
1 0.861458 0.126852 0.0583333 0.05
1 0.446354 0.0916667 0.0552083 0.0611111
0 0.656771 0.211111 0.015625 0.0888889
1 0.563542 0.162963 0.08125 0.0814815
1 0.182812 0.237037 0.144792 0.107407
1 0.0447917 0.263889 0.0895833 0.0944444
1 0.2125 0.475926 0.247917 0.188889
1 0.533854 0.742593 0.315625 0.3
