1 0.158854 0.200926 0.0552083 0.0648148
1 0.264583 0.171296 0.0354167 0.05
1 0.205208 0.210185 0.0583333 0.0611111
0 0.129167 0.307407 0.01875 0.0814815
1 0.653125 0.0777778 0.025 0.037037
0 0.991146 0.362963 0.0177083 0.125926
1 0.0916667 0.300926 0.0729167 0.0796296
1 0.950521 0.139815 0.0760417 0.0611111
0 0.0442708 0.491667 0.0177083 0.0796296
1 0.859375 0.138889 0.05 0.0555556
1 0.491146 0.113889 0.028125 0.0425926
1 0.990104 0.235185 0.0197917 0.0407407
1 0.640104 0.143519 0.0364583 0.0648148
1 0.940104 0.186111 0.0614583 0.0648148
0 0.288021 0.280556 0.0197917 0.0796296
1 0.404167 0.192593 0.0395833 0.0592593
1 0.520312 0.171296 0.034375 0.0574074
1 0.471354 0.153704 0.034375 0.0518519
0 0.059375 0.523148 0.0270833 0.135185
1 0.739583 0.309259 0.0666667 0.1
0 0.0776042 0.464815 0.028125 0.12963
0 0.960938 0.325926 0.028125 0.122222
1 0.442708 0.22963 0.0479167 0.0740741
1 0.669271 0.184259 0.046875 0.0833333
1 0.970833 0.207407 0.0583333 0.0666667
1 0.359375 0.287037 0.0645833 0.0962963
1 0.169271 0.926852 0.198958 0.142593
1 0.165104 0.592593 0.123958 0.188889
1 0.392188 0.350926 0.0739583 0.112963
1 0.488021 0.437963 0.090625 0.142593
1 0.199479 0.74537 0.171875 0.25
