1 0.317187 0.237963 0.090625 0.0611111
1 0.503646 0.110185 0.0239583 0.0425926
0 0.678125 0.230556 0.0166667 0.087037
1 0.159896 0.188889 0.0760417 0.062963
1 0.979688 0.142593 0.040625 0.0444444
1 0.88125 0.151852 0.0520833 0.0481481
1 0.468229 0.10463 0.0510417 0.0574074
1 0.933333 0.149074 0.0645833 0.0462963
1 0.586458 0.178704 0.0791667 0.0796296
0 0.653646 0.235185 0.015625 0.0851852
0 0.639583 0.236111 0.01875 0.0944444
0 0.686458 0.228704 0.0208333 0.087037
1 0.199479 0.244444 0.134375 0.103704
1 0.0552083 0.267593 0.110417 0.101852
1 0.748438 0.418519 0.192708 0.155556
