0 0.0494792 0.706481 0.0302083 0.0907407
0 0.242188 0.524074 0.0385417 0.118519
1 0.739583 0.0481481 0.01875 0.0259259
1 0.984896 0.107407 0.0302083 0.0481481
1 0.328646 0.202778 0.053125 0.0574074
0 0.303125 0.260185 0.0166667 0.0722222
1 0.385417 0.162037 0.0333333 0.0462963
1 0.358854 0.181481 0.046875 0.0481481
1 0.230729 0.297222 0.0739583 0.0833333
0 0.0947917 0.777778 0.0354167 0.188889
1 0.715625 0.0416667 0.0208333 0.0277778
0 0.230208 0.55463 0.03125 0.15
1 0.971354 0.087037 0.0322917 0.0407407
1 0.642187 0.0462963 0.0197917 0.0407407
0 0.0421875 0.823148 0.040625 0.224074
0 0.254687 0.455556 0.0260417 0.12963
1 0.261979 0.268519 0.0510417 0.0703704
1 0.589583 0.139815 0.0333333 0.0611111
0 0.182292 0.675926 0.0333333 0.159259
0 0.348958 0.263889 0.0166667 0.0722222
1 0.174479 0.346296 0.0364583 0.0962963
0 0.194271 0.575926 0.034375 0.155556
0 0.0197917 0.877778 0.0395833 0.244444
1 0.644792 0.152778 0.0333333 0.0648148
0 0.295833 0.437963 0.03125 0.116667
0 0.120312 0.733333 0.0322917 0.188889
1 0.0307292 0.487963 0.0614583 0.101852
1 0.656771 0.19537 0.040625 0.0648148
1 0.078125 0.433333 0.0791667 0.0888889
1 0.576042 0.177778 0.0395833 0.0666667
1 0.133854 0.390741 0.0864583 0.107407
1 0.538542 0.380556 0.0770833 0.124074
1 0.54375 0.238889 0.0541667 0.0814815
1 0.603646 0.277778 0.0614583 0.0888889
1 0.305208 0.891667 0.195833 0.212963
