1 0.577083 0.116667 0.0479167 0.0518519
1 0.619271 0.121296 0.0572917 0.0462963
1 0.0541667 0.182407 0.0229167 0.0351852
1 0.880729 0.262963 0.0989583 0.0703704
0 0.916146 0.287963 0.021875 0.0648148
1 0.855208 0.244444 0.141667 0.1
1 0.806771 0.165741 0.0677083 0.0648148
1 0.847917 0.166667 0.06875 0.0555556
1 0.0192708 0.188889 0.028125 0.0518519
1 0.114063 0.238889 0.0427083 0.0592593
1 0.084375 0.276852 0.0458333 0.0611111
1 0.505208 0.110185 0.0625 0.0425926
1 0.972396 0.166667 0.053125 0.0851852
0 0.606771 0.244444 0.015625 0.0814815
1 0.245833 0.250926 0.0541667 0.0574074
0 0.659375 0.263889 0.0125 0.0759259
1 0.744271 0.235185 0.084375 0.0740741
1 0.34375 0.251852 0.08125 0.0888889
1 0.190104 0.422222 0.0927083 0.125926
1 0.326562 0.416667 0.109375 0.133333
1 0.755729 0.464815 0.190625 0.159259
1 0.408333 0.719444 0.19375 0.27963
