1 0.965104 0.087037 0.0427083 0.0555556
1 0.36875 0.118519 0.0395833 0.0518519
0 0.184896 0.955556 0.0447917 0.0851852
1 0.766667 0.012037 0.0229167 0.0240741
1 0.329688 0.164815 0.0385417 0.0592593
1 0.349479 0.144444 0.034375 0.0592593
1 0.238021 0.17963 0.0447917 0.0666667
0 0.215104 0.363889 0.028125 0.109259
0 0.2875 0.574074 0.03125 0.148148
1 0.295833 0.180556 0.0625 0.0648148
0 0.125521 0.481481 0.0260417 0.133333
0 0.595833 0.118519 0.0166667 0.0518519
1 0.239583 0.253704 0.0479167 0.0777778
0 0.1375 0.907407 0.05625 0.17037
0 0.258854 0.752778 0.0427083 0.224074
1 0.217708 0.288889 0.0729167 0.0925926
1 0.645833 0.0148148 0.0208333 0.0296296
0 0.20625 0.880556 0.0395833 0.238889
0 0.0817708 0.853704 0.0385417 0.2
1 0.0729167 0.452778 0.0875 0.131481
1 0.811979 0.0962963 0.0364583 0.0592593
0 0.299479 0.821296 0.0489583 0.227778
1 0.0359375 0.524074 0.071875 0.177778
1 0.172396 0.337963 0.078125 0.112963
1 0.759375 0.153704 0.05 0.0666667
1 0.125 0.387963 0.0916667 0.12037
1 0.880729 0.314815 0.084375 0.103704
