1 0.864583 0.141667 0.0354167 0.0648148
1 0.928125 0.164815 0.135417 0.0666667
1 0.801562 0.0981481 0.0427083 0.0555556
1 0.826042 0.113889 0.0270833 0.0425926
1 0.479167 0.0185185 0.025 0.0333333
1 0.451562 0.0722222 0.028125 0.0481481
1 0.617708 0.0675926 0.0291667 0.05
1 0.414583 0.194444 0.0458333 0.0777778
1 0.0473958 0.191667 0.040625 0.0648148
1 0.888542 0.159259 0.0520833 0.0777778
1 0.699479 0.923148 0.190625 0.146296
1 0.980729 0.230556 0.0385417 0.0944444
1 0.0192708 0.283333 0.0385417 0.0925926
1 0.176042 0.233333 0.120833 0.0777778
1 0.0765625 0.939815 0.151042 0.116667
1 0.960938 0.177778 0.078125 0.062963
1 0.469792 0.240741 0.05625 0.0851852
1 0.277083 0.47037 0.09375 0.155556
1 0.440104 0.438889 0.0947917 0.196296
1 0.747917 0.516667 0.1125 0.166667
