1 0.567187 0.0444444 0.0177083 0.037037
0 0.224479 0.907407 0.0364583 0.185185
1 0.815625 0.125 0.0354167 0.05
0 0.304167 0.551852 0.0229167 0.12963
1 0.695833 0.0685185 0.0270833 0.037037
1 0.367188 0.148148 0.034375 0.0518519
1 0.590625 0.0324074 0.01875 0.0277778
1 0.718229 0.087037 0.0302083 0.0407407
1 0.351042 0.169444 0.0375 0.0537037
1 0.332812 0.189815 0.0385417 0.0574074
1 0.755208 0.113889 0.0354167 0.05
1 0.299479 0.210185 0.0572917 0.0611111
0 0.198437 0.905556 0.0427083 0.188889
1 0.839583 0.187037 0.0604167 0.0925926
1 0.239583 0.280556 0.0520833 0.0833333
0 0.153646 0.915741 0.0635417 0.164815
0 0.277083 0.710185 0.0375 0.227778
0 0.290625 0.597222 0.0375 0.15
1 0.0760417 0.475 0.0916667 0.131481
1 0.217708 0.315741 0.0666667 0.0981481
1 0.566667 0.108333 0.0291667 0.0462963
1 0.0359375 0.547222 0.071875 0.175926
1 0.778646 0.147222 0.0427083 0.0648148
1 0.126563 0.414815 0.0885417 0.122222
1 0.569792 0.187037 0.0416667 0.0703704
1 0.655208 0.182407 0.0416667 0.0685185
1 0.177083 0.361111 0.08125 0.111111
0 0.0682292 0.890741 0.0635417 0.211111
1 0.902083 0.362037 0.102083 0.138889
1 0.954167 0.294444 0.08125 0.1
