0 0.230729 0.193519 0.0239583 0.0722222
1 0.475521 0.087037 0.028125 0.0444444
1 0.488542 0.0481481 0.0208333 0.0296296
1 0.8125 0.101852 0.0416667 0.0518519
0 0.804167 0.246296 0.0208333 0.0814815
1 0.476042 0.15463 0.0479167 0.0981481
1 0.354688 0.115741 0.040625 0.0537037
1 0.476562 0.227778 0.0552083 0.0888889
0 0.827604 0.241667 0.0197917 0.0759259
0 0.927083 0.356481 0.01875 0.0981481
1 0.431771 0.100926 0.0302083 0.0388889
1 0.600521 0.0898148 0.034375 0.0425926
1 0.435417 0.169444 0.0395833 0.0611111
1 0.459896 0.334259 0.0614583 0.131481
1 0.660417 0.224074 0.05625 0.0814815
1 0.164583 0.830556 0.241667 0.331481
