0 0.634896 0.217593 0.0177083 0.0685185
1 0.826042 0.126852 0.0541667 0.0648148
1 0.55625 0.156481 0.0666667 0.0574074
1 0.510417 0.0814815 0.0541667 0.0444444
0 0.656771 0.226852 0.015625 0.0759259
0 0.494792 0.187963 0.01875 0.0685185
1 0.877604 0.124074 0.059375 0.0592593
1 0.597396 0.167593 0.053125 0.05
1 0.221875 0.138889 0.03125 0.0333333
1 0.419792 0.138889 0.0583333 0.0407407
1 0.9125 0.237037 0.1 0.0814815
1 0.0833333 0.134259 0.0229167 0.0277778
1 0.188021 0.377778 0.084375 0.12963
1 0.979688 0.128704 0.040625 0.0796296
0 0.668229 0.233333 0.0135417 0.0814815
1 0.1875 0.185185 0.0395833 0.0444444
1 0.0286458 0.268519 0.053125 0.0703704
1 0.75625 0.2 0.0854167 0.0740741
1 0.478646 0.742593 0.223958 0.366667
