0 0.283333 0.574074 0.0375 0.133333
0 0.167187 0.903704 0.123958 0.181481
0 0.266146 0.657407 0.0385417 0.174074
1 0.376563 0.114815 0.040625 0.0518519
1 0.238021 0.182407 0.0489583 0.0685185
0 0.0864583 0.837963 0.03125 0.224074
1 0.363542 0.124074 0.0354167 0.0518519
1 0.330729 0.165741 0.040625 0.0611111
0 0.0833333 0.536111 0.0375 0.131481
1 0.348958 0.147222 0.0333333 0.0574074
0 0.211458 0.840741 0.0520833 0.262963
0 0.615104 0.240741 0.0260417 0.0740741
0 0.129688 0.908333 0.0552083 0.168519
0 0.191667 0.426852 0.03125 0.112963
1 0.238542 0.258333 0.05 0.0796296
0 0.305208 0.794444 0.0395833 0.22963
0 0.357812 0.227778 0.015625 0.0814815
1 0.694792 0.075 0.0291667 0.0462963
1 0.217187 0.293519 0.0697917 0.0944444
1 0.075 0.441667 0.0916667 0.101852
1 0.0348958 0.526852 0.0697917 0.175926
1 0.125 0.392593 0.0916667 0.125926
1 0.738021 0.139815 0.0427083 0.0611111
1 0.175 0.338889 0.0833333 0.107407
1 0.940104 0.35 0.107292 0.125926
1 0.954687 0.262037 0.078125 0.0907407
