0 0.992708 0.275926 0.0125 0.0407407
1 0.139062 0.192593 0.059375 0.0666667
1 0.461458 0.126852 0.0291667 0.0462963
0 0.00625 0.208333 0.0125 0.0574074
1 0.454688 0.0981481 0.0322917 0.0555556
1 0.474479 0.0305556 0.0197917 0.0351852
1 0.0453125 0.190741 0.034375 0.0592593
0 0.848437 0.224074 0.015625 0.062963
1 0.825 0.115741 0.025 0.0425926
0 0.0619792 0.239815 0.0177083 0.0833333
0 0.842708 0.215741 0.0145833 0.0759259
1 0.796875 0.0981481 0.0333333 0.0444444
1 0.8625 0.138889 0.0291667 0.0555556
1 0.980208 0.230556 0.0395833 0.087037
1 0.484375 0.150926 0.0375 0.0759259
0 0.190104 0.277778 0.0177083 0.0888889
1 0.345833 0.199074 0.0541667 0.0722222
0 0.830208 0.212963 0.0166667 0.0851852
1 0.0208333 0.280556 0.0416667 0.087037
1 0.280208 0.327778 0.0645833 0.114815
1 0.653646 0.185185 0.0510417 0.0777778
1 0.888542 0.162037 0.05 0.0759259
1 0.349479 0.362963 0.0885417 0.118519
1 0.960938 0.17963 0.078125 0.062963
1 0.279167 0.477778 0.104167 0.162963
1 0.4375 0.465741 0.0958333 0.161111
1 0.153646 0.816667 0.186458 0.311111
