0 0.641667 0.224074 0.0354167 0.0851852
1 0.634896 0.0953704 0.0385417 0.0425926
1 0.134375 0.187963 0.06875 0.0648148
0 0.630208 0.22963 0.0208333 0.0925926
1 0.909375 0.137963 0.05625 0.0462963
1 0.973958 0.130556 0.0520833 0.05
1 0.859375 0.144444 0.0541667 0.0481481
0 0.806771 0.197222 0.015625 0.0722222
0 0.622396 0.22963 0.0197917 0.0925926
1 0.447917 0.1 0.0541667 0.0592593
1 0.564583 0.173148 0.08125 0.0796296
0 0.656771 0.222222 0.0177083 0.0851852
1 0.602604 0.90463 0.390625 0.183333
1 0.178125 0.240741 0.135417 0.103704
1 0.0453125 0.262963 0.0885417 0.0925926
1 0.892708 0.534259 0.2125 0.216667
