1 0.679688 0.0518519 0.0239583 0.037037
0 0.30625 0.542593 0.01875 0.111111
1 0.305729 0.210185 0.0447917 0.0611111
1 0.365104 0.148148 0.0364583 0.0518519
1 0.2375 0.205556 0.04375 0.062963
0 0.108333 0.322222 0.0166667 0.0777778
1 0.738021 0.106481 0.0322917 0.0462963
1 0.352083 0.172222 0.0416667 0.0592593
0 0.272917 0.664815 0.03125 0.155556
1 0.33125 0.190741 0.0395833 0.0592593
1 0.745833 0.0703704 0.0270833 0.037037
0 0.225 0.759259 0.0395833 0.214815
1 0.705729 0.0796296 0.028125 0.0481481
0 0.15625 0.461111 0.0291667 0.111111
0 0.197396 0.905556 0.040625 0.188889
1 0.565104 0.062963 0.0197917 0.0296296
0 0.281771 0.749074 0.0302083 0.157407
0 0.0822917 0.858333 0.0395833 0.231481
1 0.580208 0.122222 0.0291667 0.0444444
1 0.238542 0.27963 0.0520833 0.0777778
0 0.294271 0.610185 0.0322917 0.168519
1 0.776042 0.134259 0.0395833 0.0537037
1 0.125 0.413889 0.0895833 0.12037
0 0.159896 0.918519 0.0572917 0.159259
1 0.075 0.473148 0.0916667 0.131481
1 0.216667 0.315741 0.0708333 0.0981481
1 0.820833 0.172222 0.05 0.062963
1 0.0354167 0.547222 0.0708333 0.17963
1 0.176563 0.362037 0.0822917 0.112963
1 0.980208 0.402778 0.0395833 0.124074
1 0.882292 0.226852 0.0645833 0.0796296
1 0.814583 0.252778 0.0708333 0.087037
1 0.591667 0.228704 0.05 0.0759259
1 0.367188 0.284259 0.101042 0.087037
1 0.638021 0.892593 0.155208 0.211111
