1 0.329167 0.166667 0.0416667 0.0592593
1 0.644271 0.0722222 0.0302083 0.0481481
1 0.591146 0.0703704 0.028125 0.0518519
0 0.101562 0.722222 0.034375 0.196296
1 0.24375 0.264815 0.0479167 0.0851852
0 0.0875 0.755556 0.0479167 0.196296
1 0.655208 0.115741 0.0375 0.0611111
1 0.258333 0.22037 0.0604167 0.0481481
1 0.283333 0.162963 0.04375 0.0555556
1 0.173438 0.313889 0.0364583 0.0981481
0 0.0458333 0.801852 0.0395833 0.211111
1 0.03125 0.459259 0.0625 0.107407
1 0.605729 0.114815 0.0364583 0.0592593
0 0.0208333 0.847222 0.0416667 0.235185
0 0.244792 0.481481 0.03125 0.137037
0 0.121354 0.7 0.0364583 0.185185
0 0.254167 0.422222 0.0270833 0.12963
0 0.229687 0.526852 0.0322917 0.146296
1 0.804167 0.14537 0.0520833 0.0685185
1 0.921875 0.493519 0.141667 0.17963
1 0.559375 0.149074 0.0583333 0.0685185
0 0.194271 0.544444 0.0322917 0.159259
1 0.497917 0.249074 0.0708333 0.138889
1 0.0744792 0.401852 0.0822917 0.0925926
0 0.299479 0.40463 0.021875 0.116667
1 0.367708 0.172222 0.0666667 0.0666667
1 0.133333 0.361111 0.0854167 0.111111
1 0.78125 0.225926 0.06875 0.107407
1 0.643229 0.25463 0.059375 0.101852
1 0.66875 0.494444 0.114583 0.251852
1 0.445833 0.438889 0.0916667 0.151852
