0 0.927083 0.0583333 0.0208333 0.0907407
1 0.0484375 0.0888889 0.0447917 0.0666667
1 0.0229167 0.124074 0.0458333 0.0518519
0 0.034375 0.296296 0.03125 0.137037
0 0.982292 0.130556 0.01875 0.0981481
1 0.306771 0.943519 0.192708 0.109259
0 0.164583 0.163889 0.0208333 0.087037
1 0.397396 0.0555556 0.0635417 0.0925926
1 0.730208 0.124074 0.0791667 0.111111
1 0.336979 0.27963 0.109375 0.177778
1 0.683333 0.360185 0.108333 0.17963
1 0.868229 0.446296 0.159375 0.225926
1 0.309896 0.491667 0.163542 0.257407
