0 0.0114583 0.519444 0.0208333 0.0351852
1 0.142188 0.500926 0.0677083 0.0462963
0 0.505208 0.487037 0.0291667 0.0666667
0 0.268229 0.496296 0.0802083 0.0740741
0 0.261458 0.507407 0.0229167 0.0666667
0 0.927083 0.426852 0.0125 0.05
0 0.747917 0.455556 0.01875 0.0555556
0 0.302604 0.502778 0.0177083 0.0722222
0 0.453125 0.490741 0.0166667 0.0592593
0 0.0572917 0.508333 0.0125 0.0722222
1 0.2625 0.488889 0.0958333 0.0703704
1 0.0848958 0.944444 0.169792 0.103704
1 0.821354 0.513889 0.0760417 0.0648148
1 0.591146 0.677778 0.115625 0.107407
