1 0.629167 0.118519 0.0291667 0.0481481
1 0.68125 0.112037 0.0333333 0.0388889
1 0.88125 0.0546296 0.01875 0.0240741
1 0.902604 0.0157407 0.0177083 0.0277778
1 0.796354 0.134259 0.034375 0.0462963
1 0.608854 0.171296 0.0447917 0.0462963
1 0.959375 0.136111 0.03125 0.0425926
1 0.888542 0.174074 0.0395833 0.0555556
1 0.730208 0.699074 0.295833 0.575926
1 0.961979 0.223148 0.0427083 0.0685185
1 0.809375 0.209259 0.04375 0.0703704
1 0.898438 0.315741 0.0572917 0.0944444
1 0.0697917 0.432407 0.0979167 0.131481
1 0.70625 0.443519 0.09375 0.135185
1 0.569271 0.240741 0.065625 0.0703704
1 0.324479 0.834259 0.194792 0.316667
1 0.272396 0.364815 0.111458 0.103704
1 0.0869792 0.662037 0.173958 0.224074
