0 0.320833 0.164815 0.0125 0.0666667
1 0.532292 0.075 0.0208333 0.0462963
1 0.856771 0.135185 0.0572917 0.0555556
1 0.950521 0.137963 0.0760417 0.0611111
1 0.598958 0.0611111 0.025 0.0444444
0 0.0453125 0.496296 0.0197917 0.0851852
1 0.941146 0.184259 0.065625 0.0648148
1 0.279687 0.160185 0.0260417 0.0425926
1 0.502083 0.075 0.0229167 0.0351852
1 0.292708 0.151852 0.0270833 0.0444444
1 0.971354 0.207407 0.0572917 0.0703704
1 0.0640625 0.342593 0.0322917 0.0777778
1 0.470313 0.130556 0.0302083 0.05
1 0.235417 0.194444 0.04375 0.0555556
1 0.521354 0.108333 0.0260417 0.0425926
1 0.261979 0.175926 0.0322917 0.0481481
1 0.203125 0.212963 0.0583333 0.0592593
1 0.160938 0.201852 0.0572917 0.0666667
0 0.0786458 0.465741 0.028125 0.135185
1 0.402604 0.175 0.0364583 0.0574074
1 0.125521 0.274074 0.053125 0.0740741
1 0.978646 0.898148 0.0427083 0.185185
0 0.0583333 0.523148 0.0333333 0.142593
1 0.630729 0.236111 0.0489583 0.0759259
1 0.0921875 0.308333 0.0697917 0.087037
1 0.627083 0.314815 0.0625 0.1
1 0.796354 0.477778 0.109375 0.151852
1 0.736458 0.688889 0.147917 0.240741
