1 0.930729 0.152778 0.0385417 0.0462963
1 0.222917 0.227778 0.0416667 0.0518519
1 0.630208 0.087963 0.0229167 0.0388889
1 0.590104 0.0555556 0.015625 0.0259259
1 0.841146 0.151852 0.0364583 0.0444444
1 0.293229 0.177778 0.0260417 0.0444444
0 0.874479 0.226852 0.0197917 0.0574074
0 0.865104 0.216667 0.015625 0.0592593
1 0.941667 0.197222 0.05625 0.05
1 0.278125 0.188889 0.0270833 0.0444444
1 0.6125 0.0814815 0.01875 0.0296296
1 0.990104 0.257407 0.0197917 0.0518519
0 0.921875 0.241667 0.0208333 0.0833333
0 0.899479 0.200926 0.0114583 0.0648148
1 0.948958 0.164815 0.06875 0.0592593
1 0.505729 0.0648148 0.015625 0.0259259
1 0.856771 0.163889 0.0552083 0.0537037
1 0.236979 0.218519 0.0427083 0.0518519
0 0.882812 0.237963 0.015625 0.0425926
1 0.584375 0.101852 0.0208333 0.0333333
1 0.0630208 0.367593 0.0322917 0.0759259
1 0.986458 0.152778 0.0270833 0.0574074
0 0.983854 0.381481 0.021875 0.122222
0 0.0760417 0.49537 0.0291667 0.135185
1 0.621875 0.123148 0.025 0.0388889
1 0.261979 0.201852 0.0322917 0.0518519
1 0.156771 0.226852 0.0489583 0.0611111
1 0.125521 0.301852 0.053125 0.0703704
0 0.147917 0.386111 0.0270833 0.105556
1 0.434896 0.172222 0.0322917 0.0518519
1 0.0890625 0.333333 0.071875 0.0851852
1 0.970312 0.230556 0.059375 0.0648148
0 0.0536458 0.549074 0.034375 0.142593
1 0.721354 0.237963 0.0510417 0.0722222
1 0.66875 0.160185 0.0416667 0.05
1 0.196875 0.277778 0.0645833 0.0666667
