1 0.473958 0.107407 0.0208333 0.0296296
1 0.546354 0.0787037 0.015625 0.0351852
1 0.703646 0.149074 0.028125 0.0351852
1 0.770833 0.174074 0.0333333 0.0407407
1 0.683333 0.184259 0.03125 0.0388889
1 0.7 0.225 0.0375 0.0537037
1 0.758854 0.236111 0.046875 0.0574074
1 0.925521 0.315741 0.0677083 0.0722222
1 0.638542 0.198148 0.0333333 0.0592593
1 0.5 0.227778 0.0375 0.0592593
1 0.490625 0.15463 0.025 0.0425926
1 0.402604 0.215741 0.0385417 0.0685185
1 0.341667 0.225 0.0416667 0.05
1 0.653125 0.303704 0.0458333 0.0703704
1 0.75625 0.358333 0.0645833 0.0981481
1 0.673437 0.427778 0.0677083 0.111111
1 0.88125 0.396296 0.075 0.0925926
1 0.0213542 0.742593 0.0427083 0.148148
1 0.915625 0.631481 0.116667 0.166667
1 0.786979 0.755556 0.121875 0.2
