1 0.857292 0.0472222 0.01875 0.0240741
1 0.895312 0.0240741 0.021875 0.0407407
1 0.86875 0.0814815 0.025 0.037037
1 0.9125 0.105556 0.0270833 0.0444444
1 0.913542 0.0657407 0.0208333 0.0351852
1 0.967708 0.213889 0.0416667 0.0611111
1 0.330208 0.316667 0.0895833 0.0925926
1 0.413542 0.224074 0.0520833 0.0666667
1 0.523438 0.205556 0.059375 0.0592593
1 0.716667 0.25 0.05625 0.0703704
1 0.501562 0.291667 0.071875 0.0907407
1 0.2625 0.310185 0.0916667 0.0981481
1 0.969271 0.4 0.0614583 0.114815
1 0.345833 0.360185 0.1 0.105556
1 0.707292 0.423148 0.0833333 0.138889
1 0.851042 0.371296 0.0666667 0.109259
1 0.907812 0.835185 0.134375 0.314815
