1 0.992188 0.238889 0.015625 0.0481481
1 0.952604 0.142593 0.0739583 0.0592593
1 0.292188 0.156481 0.0302083 0.0462963
1 0.942708 0.186111 0.0625 0.0648148
0 0.0463542 0.494444 0.0177083 0.0814815
1 0.267188 0.175926 0.0385417 0.0444444
1 0.497917 0.0740741 0.01875 0.0296296
1 0.0651042 0.34537 0.0322917 0.0759259
1 0.530208 0.05 0.0229167 0.037037
1 0.620313 0.105556 0.0302083 0.062963
1 0.604167 0.0592593 0.0208333 0.037037
1 0.571354 0.0537037 0.0197917 0.0296296
0 0.276563 0.207407 0.015625 0.0740741
0 0.306771 0.188889 0.0135417 0.0592593
1 0.241667 0.194444 0.0395833 0.0518519
1 0.602083 0.137037 0.0333333 0.0481481
1 0.971354 0.208333 0.0572917 0.0685185
1 0.205729 0.214815 0.0572917 0.0592593
0 0.0807292 0.469444 0.028125 0.138889
1 0.158854 0.205556 0.0489583 0.062963
1 0.127604 0.278704 0.053125 0.0722222
1 0.479688 0.156481 0.034375 0.0722222
0 0.0619792 0.531482 0.028125 0.12963
0 0.204167 0.372222 0.01875 0.1
1 0.0927083 0.310185 0.06875 0.0833333
1 0.451042 0.592593 0.10625 0.207407
1 0.372396 0.410185 0.0802083 0.131481
1 0.771354 0.922222 0.182292 0.148148
1 0.657812 0.488889 0.0947917 0.155556
