1 0.568229 0.200926 0.015625 0.0203704
0 0.896354 0.462963 0.0197917 0.0851852
0 0.903125 0.441667 0.0208333 0.0648148
1 0.633854 0.256481 0.0302083 0.0351852
1 0.976042 0.294444 0.0479167 0.0333333
0 0.101562 0.624074 0.0322917 0.107407
1 0.248437 0.343519 0.0447917 0.0537037
0 0.797396 0.40463 0.015625 0.0611111
0 0.83125 0.438889 0.0166667 0.0740741
0 0.907812 0.513889 0.0239583 0.0796296
0 0.922396 0.517593 0.0197917 0.087037
1 0.30625 0.34537 0.0479167 0.0537037
0 0.141146 0.560185 0.021875 0.12037
0 0.034375 0.708333 0.0291667 0.131481
0 0.851042 0.437037 0.01875 0.0962963
0 0.0651042 0.661111 0.0302083 0.133333
1 0.28125 0.305556 0.0354167 0.0592593
0 0.205208 0.497222 0.025 0.087037
0 0.163021 0.556481 0.021875 0.105556
0 0.128125 0.601852 0.0270833 0.114815
1 0.333854 0.272222 0.040625 0.0481481
0 0.230729 0.471296 0.0177083 0.0944444
0 0.256771 0.444444 0.0135417 0.0740741
1 0.473958 0.291667 0.025 0.0425926
1 0.501042 0.327778 0.0354167 0.0592593
1 0.419271 0.331481 0.0364583 0.0592593
1 0.425521 0.409259 0.0552083 0.0888889
