1 0.584896 0.0398148 0.0197917 0.0314815
1 0.0619792 0.280556 0.046875 0.0685185
0 0.269792 0.196296 0.01875 0.0592593
0 0.283333 0.198148 0.0125 0.0555556
1 0.63125 0.0814815 0.0229167 0.0296296
1 0.854167 0.150926 0.0583333 0.0611111
1 0.0635417 0.358333 0.0333333 0.0759259
1 0.569792 0.0638889 0.01875 0.0351852
1 0.293229 0.165741 0.0302083 0.0425926
1 0.61875 0.114815 0.0291667 0.0444444
0 0.113021 0.334259 0.0239583 0.0981481
1 0.239583 0.207407 0.0458333 0.0518519
1 0.938542 0.200926 0.0625 0.0648148
1 0.949479 0.155556 0.071875 0.062963
1 0.157813 0.219444 0.0510417 0.0611111
1 0.970833 0.223148 0.0583333 0.0759259
0 0.673437 0.70463 0.053125 0.190741
0 0.0786458 0.482407 0.0302083 0.138889
1 0.0848958 0.326852 0.0677083 0.0833333
1 0.638021 0.14537 0.0302083 0.05
1 0.125 0.291667 0.0541667 0.0722222
1 0.593229 0.169444 0.0364583 0.0574074
1 0.203125 0.226852 0.0583333 0.0611111
0 0.0541667 0.541667 0.0333333 0.138889
1 0.679688 0.221296 0.0447917 0.0722222
1 0.772396 0.486111 0.105208 0.153704
1 0.332292 0.455556 0.10625 0.188889
