1 0.806771 0.191667 0.115625 0.101852
1 0.277604 0.143519 0.0447917 0.0351852
1 0.158854 0.185185 0.0385417 0.0333333
1 0.520833 0.627778 0.09375 0.225926
1 0.354167 0.100926 0.0375 0.0425926
1 0.172917 0.178704 0.0625 0.0462963
1 0.833333 0.0453704 0.0416667 0.0537037
1 0.901042 0.0601852 0.0416667 0.0425926
1 0.736458 0.103704 0.0479167 0.0555556
1 0.0984375 0.212963 0.084375 0.0518519
1 0.321875 0.112963 0.0416667 0.0444444
1 0.0322917 0.236111 0.0645833 0.0574074
1 0.683333 0.127778 0.0520833 0.0518519
1 0.596875 0.134259 0.05 0.05
1 0.233333 0.161111 0.0541667 0.0444444
1 0.595833 0.350926 0.141667 0.124074
1 0.922917 0.166667 0.0729167 0.0925926
1 0.5625 0.182407 0.05625 0.0611111
1 0.497396 0.562963 0.142708 0.162963
0 0.882292 0.739815 0.0458333 0.190741
1 0.299479 0.403704 0.0927083 0.0851852
1 0.739062 0.343519 0.101042 0.112963
