1 0.736979 0.14537 0.0385417 0.0462963
1 0.561979 0.175 0.0822917 0.0611111
1 0.313021 0.137963 0.0385417 0.0425926
0 0.579687 0.237037 0.0177083 0.0666667
0 0.648958 0.24537 0.0145833 0.0722222
1 0.0546875 0.126852 0.015625 0.0240741
1 0.371875 0.148148 0.0416667 0.0407407
1 0.635938 0.187963 0.138542 0.0796296
1 0.0234375 0.151852 0.021875 0.0259259
1 0.816667 0.149074 0.0541667 0.0648148
1 0.2125 0.15463 0.0291667 0.0314815
1 0.414062 0.156481 0.0510417 0.0425926
1 0.589583 0.187037 0.0520833 0.0518519
1 0.885417 0.257407 0.135417 0.0925926
1 0.511979 0.1 0.071875 0.0407407
0 0.629167 0.235185 0.0166667 0.0777778
0 0.659896 0.251852 0.015625 0.0777778
1 0.0864583 0.15463 0.0208333 0.0240741
1 0.974479 0.148148 0.0489583 0.0888889
1 0.0197917 0.181481 0.025 0.0296296
1 0.0734375 0.264815 0.0427083 0.0666667
1 0.747396 0.22037 0.0864583 0.0740741
1 0.208333 0.431481 0.09375 0.12963
1 0.655729 0.381481 0.151042 0.114815
1 0.419271 0.297222 0.0927083 0.0981481
1 0.816667 0.841667 0.360417 0.316667
