1 0.682292 0.167593 0.03125 0.0425926
1 0.63125 0.151852 0.025 0.0333333
1 0.665625 0.137037 0.0208333 0.0407407
1 0.811458 0.214815 0.0416667 0.0518519
1 0.483854 0.162963 0.0302083 0.0555556
1 0.410937 0.209259 0.0364583 0.0518519
1 0.530729 0.160185 0.028125 0.0388889
1 0.758333 0.212963 0.0375 0.0666667
1 0.63125 0.192593 0.03125 0.0407407
1 0.702604 0.225 0.040625 0.0611111
1 0.223438 0.350926 0.0614583 0.112963
1 0.502604 0.272222 0.0427083 0.0703704
1 0.646875 0.237037 0.0354167 0.0518519
1 0.371354 0.257407 0.0427083 0.0592593
1 0.971354 0.925926 0.0572917 0.137037
1 0.848958 0.312037 0.0625 0.0759259
1 0.741667 0.310185 0.0520833 0.0759259
1 0.427604 0.275 0.0447917 0.0685185
1 0.460938 0.393519 0.0614583 0.127778
1 0.0963542 0.848148 0.180208 0.3
1 0.798437 0.425926 0.071875 0.103704
