1 0.892187 0.00740741 0.0197917 0.0148148
1 0.705729 0.0314815 0.0239583 0.0296296
1 0.665625 0.0685185 0.0354167 0.0481481
1 0.108854 0.519444 0.140625 0.194444
1 0.770833 0.0435185 0.0291667 0.0388889
1 0.605729 0.124074 0.0510417 0.0518519
1 0.732813 0.0324074 0.0322917 0.0388889
1 0.71875 0.0638889 0.0291667 0.0388889
1 0.46875 0.277778 0.0958333 0.133333
1 0.932813 0.0611111 0.0302083 0.0481481
1 0.608333 0.14537 0.05 0.0537037
1 0.715104 0.417593 0.103125 0.168519
1 0.70625 0.257407 0.0666667 0.0814815
1 0.434375 0.226852 0.0729167 0.0722222
