0 0.406771 0.158333 0.015625 0.0685185
1 0.570312 0.0453704 0.021875 0.0388889
1 0.323438 0.174074 0.0427083 0.062963
1 0.589583 0.0944444 0.0375 0.0407407
1 0.249479 0.261111 0.046875 0.0777778
0 0.10625 0.718518 0.0416667 0.196296
1 0.600521 0.0611111 0.0239583 0.0407407
0 0.0864583 0.759259 0.0520833 0.192593
1 0.749479 0.0592593 0.0322917 0.0444444
0 0.0484375 0.800926 0.0385417 0.216667
1 0.175 0.318519 0.0375 0.1
0 0.242708 0.481481 0.03125 0.140741
0 0.0213542 0.846296 0.0427083 0.240741
1 0.721354 0.087037 0.034375 0.0555556
1 0.633854 0.0925926 0.0322917 0.0555556
1 0.585417 0.137963 0.0395833 0.0537037
0 0.230729 0.530556 0.0322917 0.146296
0 0.121875 0.708333 0.0354167 0.17963
1 0.2625 0.235185 0.05625 0.0666667
0 0.259375 0.424074 0.025 0.133333
0 0.29375 0.411111 0.0270833 0.114815
1 0.649479 0.132407 0.0364583 0.0648148
1 0.360938 0.17963 0.0739583 0.0703704
0 0.194792 0.544444 0.0291667 0.162963
1 0.0317708 0.462963 0.0635417 0.107407
1 0.751042 0.147222 0.0458333 0.0685185
1 0.0786458 0.40463 0.0802083 0.0944444
1 0.135417 0.362963 0.0833333 0.111111
1 0.494271 0.201852 0.0677083 0.0703704
1 0.897917 0.237963 0.0770833 0.0944444
1 0.665104 0.275 0.0635417 0.105556
1 0.590625 0.192593 0.0520833 0.0814815
1 0.964583 0.336111 0.0708333 0.124074
