0 0.0692708 0.505556 0.0385417 0.0740741
0 0.693229 0.494444 0.0239583 0.0592593
1 0.00364583 0.52037 0.00729167 0.0407407
0 0.776042 0.44537 0.0125 0.0574074
0 0.734896 0.450926 0.0114583 0.0537037
0 0.0598958 0.50463 0.015625 0.0722222
0 0.0817708 0.50463 0.0177083 0.0796296
0 0.615104 0.476852 0.015625 0.0722222
0 0.6375 0.489815 0.0145833 0.0648148
1 0.0692708 0.955556 0.138542 0.0888889
1 0.127604 0.509259 0.0739583 0.0851852
1 0.251563 0.496296 0.0989583 0.0740741
1 0.960417 0.683333 0.0791667 0.1
1 0.090625 0.861111 0.18125 0.177778
1 0.280208 0.887037 0.19375 0.162963
