1 0.370833 0.136111 0.0395833 0.05
0 0.308854 0.533333 0.021875 0.111111
1 0.308854 0.198148 0.078125 0.062963
1 0.355729 0.157407 0.040625 0.0555556
1 0.244271 0.193519 0.0489583 0.0685185
1 0.774479 0.0833333 0.0302083 0.0481481
0 0.229167 0.731481 0.0395833 0.177778
0 0.326562 0.247222 0.0135417 0.0759259
0 0.176563 0.462037 0.0322917 0.0833333
1 0.572396 0.0574074 0.0239583 0.0407407
1 0.729167 0.062963 0.025 0.037037
0 0.295312 0.581481 0.0364583 0.151852
1 0.700521 0.0740741 0.028125 0.0444444
0 0.285937 0.726852 0.0364583 0.175926
0 0.0432292 0.901852 0.065625 0.140741
1 0.0197917 0.794444 0.0395833 0.2
1 0.56875 0.0888889 0.0291667 0.0444444
0 0.203125 0.901852 0.0395833 0.196296
1 0.753646 0.108333 0.0364583 0.0537037
0 0.167708 0.913889 0.05 0.172222
1 0.242708 0.272222 0.0520833 0.0851852
1 0.222396 0.306481 0.0697917 0.0981481
1 0.629687 0.0935185 0.028125 0.0462963
1 0.0802083 0.467593 0.0895833 0.135185
1 0.847396 0.244444 0.0677083 0.1
1 0.822917 0.176852 0.0541667 0.0685185
1 0.128125 0.402778 0.0895833 0.124074
1 0.0369792 0.537963 0.0739583 0.175926
1 0.616146 0.247222 0.0572917 0.087037
1 0.955729 0.226852 0.0697917 0.0833333
1 0.180729 0.351852 0.0802083 0.111111
1 0.623958 0.67037 0.125 0.237037
