0 0.0726563 0.32963 0.0328125 0.127778
0 0.00755208 0.489815 0.0151042 0.185185
0 0.0278646 0.323611 0.0411458 0.162037
0 0.457552 0.139352 0.0213542 0.0916667
0 0.541927 0.104167 0.0244792 0.117593
0 0.882031 0.175 0.0255208 0.116667
0 0.663281 0.147222 0.0348958 0.133333
0 0.909115 0.2125 0.0296875 0.136111
0 0.0372396 0.555556 0.0630208 0.201852
0 0.565365 0.0958333 0.0223958 0.112037
0 0.515365 0.106944 0.0213542 0.115741
0 0.857552 0.194444 0.0328125 0.144444
0 0.94375 0.461574 0.0385417 0.197222
0 0.945312 0.223611 0.0291667 0.143519
0 0.622396 0.0490741 0.0229167 0.0981481
0 0.605469 0.108796 0.0255208 0.130556
0 0.333073 0.186574 0.0223958 0.132407
0 0.875781 0.495833 0.0515625 0.165741
0 0.557813 0.190278 0.0322917 0.137963
0 0.78099 0.868056 0.0515625 0.263889
0 0.438802 0.186111 0.0276042 0.137037
0 0.355729 0.189352 0.0364583 0.147222
0 0.64401 0.909722 0.0515625 0.175
0 0.790885 0.151852 0.0286458 0.144444
0 0.419792 0.575926 0.053125 0.211111
0 0.88125 0.681481 0.0614583 0.262963
0 0.715104 0.914352 0.0729167 0.165741
