0 0.891406 0.075463 0.0213542 0.119444
0 0.626562 0.0537037 0.0229167 0.107407
0 0.439323 0.103704 0.0192708 0.114815
0 0.0257812 0.327315 0.0432292 0.156481
0 0.0729167 0.331019 0.0333333 0.134259
0 0.745573 0.125926 0.0286458 0.127778
0 0.460677 0.137037 0.0276042 0.138889
0 0.857031 0.0634259 0.0223958 0.123148
0 0.158594 0.365278 0.0328125 0.215741
0 0.713281 0.0796296 0.0276042 0.133333
0 0.947396 0.563889 0.0427083 0.2
0 0.586458 0.129167 0.0270833 0.14537
0 0.93151 0.411111 0.0390625 0.17963
0 0.638021 0.155556 0.040625 0.142593
0 0.696875 0.709722 0.05625 0.241667
0 0.354948 0.320833 0.0338542 0.169444
0 0.025 0.686111 0.05 0.285185
0 0.739844 0.315741 0.0307292 0.157407
0 0.770312 0.302778 0.0354167 0.17037
0 0.652865 0.291204 0.0348958 0.156481
0 0.684375 0.301389 0.0364583 0.182407
0 0.622917 0.497222 0.040625 0.22037
0 0.39401 0.42963 0.0380208 0.2
