0 0.0723958 0.331481 0.0322917 0.133333
0 0.0242187 0.326852 0.0442708 0.157407
0 0.683333 0.0189815 0.015625 0.037963
0 0.936198 0.437963 0.0338542 0.159259
0 0.554688 0.0615741 0.025 0.113889
0 0.566927 0.0666667 0.0223958 0.111111
0 0.742969 0.0282407 0.0203125 0.0564815
0 0.916146 0.434259 0.0322917 0.175926
0 0.797396 0.4375 0.0416667 0.187963
0 0.392969 0.183333 0.0286458 0.0944444
0 0.340625 0.218519 0.0302083 0.12037
0 0.165625 0.308796 0.0447917 0.193519
0 0.879687 0.430093 0.0395833 0.186111
0 0.601042 0.0578704 0.0208333 0.113889
0 0.753906 0.421296 0.0348958 0.188889
0 0.354167 0.667593 0.0583333 0.257407
