0 0.0731771 0.330093 0.0328125 0.128704
0 0.520573 0.0611111 0.0203125 0.087037
0 0.0252604 0.294444 0.0473958 0.222222
0 0.877604 0.0222222 0.0135417 0.0425926
0 0.827604 0.190741 0.03125 0.107407
0 0.546615 0.0875 0.0276042 0.126852
0 0.968229 0.266204 0.0260417 0.100926
0 0.466406 0.358796 0.0390625 0.175
0 0.5 0.145833 0.0260417 0.137963
0 0.522917 0.151852 0.03125 0.133333
0 0.566406 0.0486111 0.0223958 0.0972222
0 0.33724 0.194907 0.0359375 0.149074
0 0.839583 0.383796 0.0395833 0.189815
0 0.941667 0.324537 0.0375 0.171296
0 0.448698 0.159722 0.0338542 0.134259
