0 0.03125 0.326389 0.0354167 0.15463
0 0.015625 0.570833 0.0302083 0.173148
0 0.0723958 0.328241 0.0302083 0.125
0 0.869531 0.10463 0.0348958 0.124074
0 0.476823 0.158796 0.0296875 0.134259
0 0.827604 0.114815 0.0270833 0.111111
0 0.417969 0.15787 0.0203125 0.113889
0 0.726042 0.125463 0.0270833 0.136111
0 0.598698 0.0865741 0.0286458 0.121296
0 0.685677 0.11713 0.0296875 0.137963
0 0.891927 0.250926 0.0317708 0.148148
0 0.447396 0.181481 0.0291667 0.151852
0 0.207031 0.324074 0.0421875 0.159259
0 0.1125 0.367593 0.0322917 0.166667
0 0.286198 0.24537 0.0328125 0.140741
0 0.744531 0.275 0.0359375 0.17037
0 0.579427 0.647685 0.0588542 0.247222
