0 0.899219 0.870833 0.0307292 0.106481
0 0.703646 0.0134259 0.015625 0.0268519
0 0.778906 0.0342593 0.0223958 0.0685185
0 0.0729167 0.314352 0.0322917 0.0972222
0 0.028125 0.326852 0.0416667 0.151852
1 0.367969 0.301389 0.108854 0.169444
0 0.919271 0.701852 0.0375 0.140741
0 0.0260417 0.959722 0.0510417 0.0805556
0 0.510156 0.121759 0.0276042 0.136111
0 0.792188 0.0689815 0.0385417 0.125
0 0.230208 0.263889 0.034375 0.155556
0 0.0705729 0.426389 0.0348958 0.180556
0 0.550521 0.0467593 0.0260417 0.0935185
0 0.59401 0.0458333 0.0223958 0.0916667
0 0.434115 0.891204 0.0755208 0.213889
0 0.44375 0.252315 0.0354167 0.156481
0 0.413281 0.55787 0.0609375 0.226852
0 0.882812 0.8 0.0614583 0.224074
0 0.483854 0.25787 0.0270833 0.162037
0 0.876562 0.150926 0.0322917 0.146296
