0 0.0927083 0.465278 0.0145833 0.0712963
0 0.594792 0.515278 0.0479167 0.0824074
0 0.154948 0.454167 0.0109375 0.0435185
0 0.665885 0.501852 0.0255208 0.148148
0 0.45599 0.493056 0.0296875 0.075
0 0.483073 0.494444 0.0296875 0.087037
0 0.35599 0.468056 0.0151042 0.0787037
0 0.654167 0.503704 0.0385417 0.155556
0 0.683594 0.501389 0.0286458 0.14537
0 0.258073 0.476852 0.0223958 0.103704
0 0.417188 0.488889 0.0239583 0.112963
0 0.554167 0.517593 0.0395833 0.174074
0 0.388542 0.485648 0.025 0.117593
