0 0.815365 0.512037 0.0661458 0.112963
0 0.849479 0.474074 0.0229167 0.138889
0 0.559375 0.518056 0.0416667 0.0842593
0 0.461719 0.472222 0.0203125 0.0648148
0 0.664062 0.502778 0.0375 0.174074
0 0.353906 0.468981 0.0119792 0.0787037
0 0.815365 0.491667 0.0234375 0.0888889
0 0.685938 0.505093 0.034375 0.14537
0 0.0890625 0.448611 0.0177083 0.0694444
0 0.946354 0.575463 0.0822917 0.123148
1 0.31276 0.476389 0.0265625 0.0435185
0 0.365625 0.475926 0.01875 0.0685185
0 0.510156 0.530093 0.0463542 0.243519
0 0.608073 0.530556 0.0401042 0.172222
0 0.648438 0.506481 0.046875 0.192593
0 0.335938 0.502778 0.034375 0.142593
