0 0.827344 0.466667 0.0182292 0.062963
0 0.848177 0.515278 0.0588542 0.0787037
0 0.0927083 0.455556 0.015625 0.0888889
0 0.154687 0.453704 0.0125 0.0425926
0 0.45651 0.491667 0.0307292 0.0777778
0 0.483854 0.493056 0.0302083 0.0861111
0 0.952083 0.577778 0.0875 0.122222
0 0.857292 0.485185 0.028125 0.135185
0 0.35599 0.467593 0.0151042 0.0796296
0 0.392188 0.487963 0.0239583 0.114815
0 0.11901 0.458796 0.0130208 0.0657407
0 0.652865 0.50463 0.0380208 0.151852
0 0.682813 0.500463 0.0302083 0.149074
0 0.266667 0.474074 0.0229167 0.1
0 0.422917 0.485648 0.0208333 0.117593
0 0.571615 0.515741 0.0348958 0.194444
