0 0.0731771 0.330093 0.0307292 0.128704
0 0.0276042 0.322222 0.0416667 0.164815
0 0.567969 0.0458333 0.0234375 0.0916667
0 0.879167 0.165741 0.0333333 0.116667
0 0.622917 0.0837963 0.03125 0.132407
0 0.836198 0.149537 0.0255208 0.121296
0 0.493229 0.118981 0.0270833 0.130556
0 0.957292 0.259722 0.0364583 0.115741
0 0.560156 0.37037 0.0432292 0.177778
0 0.64375 0.128704 0.046875 0.140741
0 0.759115 0.143519 0.0307292 0.146296
0 0.56276 0.243981 0.0432292 0.125
0 0.730469 0.131944 0.0265625 0.137963
0 0.538021 0.730093 0.05625 0.263889
0 0.118229 0.598148 0.053125 0.238889
0 0.608594 0.445833 0.0598958 0.208333
