1 0.36875 0.300926 0.109375 0.172222
0 0.071875 0.328241 0.0302083 0.128704
0 0.634896 0.0106481 0.0104167 0.0212963
0 0.00442708 0.353704 0.00885417 0.0981481
0 0.0257812 0.30787 0.0442708 0.197222
0 0.62526 0.215741 0.0328125 0.133333
0 0.458073 0.115278 0.0234375 0.121296
0 0.584635 0.0393519 0.0213542 0.0787037
0 0.752865 0.326852 0.0265625 0.114815
0 0.858854 0.161111 0.0291667 0.140741
0 0.885677 0.161574 0.0265625 0.147222
0 0.197656 0.3 0.0348958 0.164815
0 0.841406 0.390741 0.0463542 0.17037
0 0.465365 0.556944 0.0453125 0.215741
0 0.501042 0.355556 0.0333333 0.172222
0 0.545052 0.717593 0.0598958 0.248148
0 0.133073 0.396296 0.0526042 0.198148
0 0.619531 0.495833 0.0453125 0.221296
0 0.482552 0.690278 0.0463542 0.24537
