0 0.63125 0.0689815 0.0302083 0.125
0 0.733073 0.0458333 0.0203125 0.0898148
0 0.0294271 0.325 0.0401042 0.159259
0 0.395833 0.155093 0.0302083 0.128704
0 0.617448 0.132407 0.0296875 0.137037
0 0.815625 0.473611 0.05 0.178704
0 0.433333 0.198611 0.0302083 0.143519
0 0.24974 0.248611 0.0348958 0.147222
0 0.969531 0.239815 0.0317708 0.153704
0 0.602865 0.348148 0.0494792 0.124074
0 0.502344 0.186111 0.0276042 0.127778
0 0.778125 0.439352 0.04375 0.199074
0 0.511719 0.291204 0.0307292 0.173148
0 0.542969 0.264815 0.0348958 0.162963
0 0.585938 0.468981 0.0416667 0.202778
0 0.21276 0.362963 0.0526042 0.192593
0 0.617969 0.495833 0.0390625 0.219444
0 0.664583 0.489352 0.0395833 0.193519
0 0.296094 0.521759 0.0473958 0.232407
