0 0.851042 0.541667 0.0333333 0.118519
0 0.414323 0.173611 0.0265625 0.087963
0 0.867188 0.412037 0.028125 0.101852
0 0.702604 0.0476852 0.0229167 0.0953704
0 0.882552 0.417593 0.0255208 0.111111
0 0.0190104 0.467593 0.0338542 0.124074
0 0.826042 0.153241 0.03125 0.128704
0 0.519531 0.0907407 0.0223958 0.109259
0 0.851302 0.378704 0.0453125 0.2
0 0.0380208 0.524074 0.0364583 0.188889
0 0.457292 0.156481 0.0333333 0.12963
0 0.592969 0.0402778 0.0213542 0.0805556
0 0.0742188 0.613889 0.0526042 0.22963
0 0.925 0.588426 0.05 0.221296
0 0.326042 0.556944 0.0552083 0.250926
0 0.29401 0.286574 0.0359375 0.156481
0 0.265365 0.546296 0.0390625 0.222222
0 0.577604 0.171759 0.0333333 0.128704
0 0.447396 0.441204 0.040625 0.175
0 0.859115 0.728241 0.0578125 0.24537
