0 0.685938 0.0300926 0.0177083 0.0601852
0 0.653125 0.0287037 0.0208333 0.0574074
0 0.0726563 0.328704 0.0328125 0.125926
0 0.571094 0.0736111 0.0255208 0.113889
0 0.865104 0.0518519 0.025 0.103704
0 0.492708 0.0958333 0.0270833 0.132407
0 0.0273438 0.320833 0.0442708 0.169444
0 0.146875 0.375 0.040625 0.124074
0 0.454427 0.238426 0.0338542 0.14537
0 0.732813 0.0675926 0.0260417 0.111111
0 0.764583 0.0865741 0.025 0.126852
0 0.315365 0.231944 0.0328125 0.134259
0 0.165365 0.333333 0.0317708 0.155556
0 0.377083 0.181019 0.0260417 0.126852
0 0.794531 0.0898148 0.0223958 0.124074
0 0.480208 0.294444 0.0416667 0.185185
0 0.527604 0.253704 0.0364583 0.153704
0 0.310156 0.430093 0.0494792 0.187963
0 0.83125 0.518981 0.0479167 0.197222
0 0.601562 0.37963 0.0375 0.194444
