0 0.613802 0.0726852 0.0203125 0.102778
0 0.0283854 0.319444 0.0432292 0.17037
0 0.591667 0.087963 0.025 0.12963
0 0.50026 0.0953704 0.0255208 0.122222
0 0.691667 0.25463 0.0322917 0.188889
0 0.826823 0.0773148 0.0234375 0.134259
0 0.43125 0.125463 0.0270833 0.126852
0 0.869531 0.205093 0.0286458 0.125
0 0.704687 0.280093 0.0416667 0.180556
0 0.561719 0.158796 0.0265625 0.139815
0 0.948698 0.248148 0.0411458 0.138889
0 0.36276 0.525 0.0442708 0.211111
0 0.340625 0.369444 0.046875 0.174074
0 0.659375 0.227778 0.028125 0.155556
0 0.672396 0.468519 0.0510417 0.198148
