0 0.721875 0.145199 0.015625 0.0562061
0 0.578906 0.139344 0.0640625 0.0819672
1 0.782031 0.156909 0.0640625 0.0374707
0 0.0117188 0.213115 0.0234375 0.112412
1 0.264062 0.0831382 0.04375 0.0257611
1 0.530469 0.0983607 0.0484375 0.0374707
1 0.644531 0.0948478 0.0328125 0.0210773
1 0.604688 0.0913349 0.0375 0.0234192
0 0.158594 0.122951 0.0296875 0.0725995
1 0.394531 0.0948478 0.0359375 0.030445
1 0.971875 0.181499 0.05625 0.0819672
1 0.276563 0.0831382 0.021875 0.0257611
1 0.948438 0.159251 0.059375 0.0749414
0 0.739062 0.147541 0.021875 0.0515222
0 0.629687 0.166276 0.040625 0.088993
0 0.601562 0.140515 0.028125 0.0843091
1 0.564062 0.129977 0.053125 0.0725995
1 0.472656 0.101874 0.0484375 0.0398126
1 0.648438 0.141686 0.06875 0.0538642
0 0.56875 0.159251 0.03125 0.103044
1 0.885156 0.193208 0.0796875 0.147541
0 0.835156 0.194379 0.0328125 0.154567
0 0.521875 0.155738 0.021875 0.105386
0 0.234375 0.18267 0.05 0.131148
0 0.4875 0.15808 0.03125 0.119438
0 0.103906 0.173302 0.0453125 0.159251
0 0.382031 0.180328 0.0421875 0.149883
0 0.15 0.18267 0.05 0.145199
0 0.0523437 0.186183 0.0328125 0.175644
0 0.347656 0.179157 0.0421875 0.156909
0 0.196094 0.177986 0.0390625 0.154567
