0 0.434115 0.121759 0.0213542 0.0990741
0 0.85 0.0861111 0.0239583 0.109259
0 0.520573 0.0851852 0.0182292 0.103704
0 0.421875 0.196759 0.0302083 0.126852
0 0.746354 0.0759259 0.0260417 0.118519
1 0.367708 0.299074 0.111458 0.174074
0 0.539583 0.0865741 0.0260417 0.123148
0 0.475781 0.410648 0.0369792 0.200926
0 0.576302 0.180556 0.0244792 0.12963
0 0.103906 0.393519 0.0463542 0.183333
0 0.954948 0.239815 0.0390625 0.17037
0 0.807813 0.605556 0.0520833 0.174074
0 0.0567708 0.371296 0.0395833 0.194444
0 0.42474 0.398611 0.0369792 0.191667
0 0.182292 0.405556 0.0395833 0.166667
0 0.497656 0.239352 0.0348958 0.149074
0 0.15625 0.384722 0.0354167 0.169444
0 0.58125 0.325926 0.0395833 0.157407
0 0.271354 0.413889 0.053125 0.2
0 0.923437 0.481944 0.0604167 0.20463
