0 0.882812 0.109259 0.021875 0.112963
0 0.0776042 0.349537 0.0385417 0.169444
0 0.890625 0.0856481 0.0322917 0.171296
0 0.335938 0.232407 0.034375 0.124074
0 0.890885 0.0337963 0.0317708 0.0675926
0 0.309115 0.231944 0.0328125 0.167593
0 0.134115 0.384259 0.0359375 0.188889
0 0.511719 0.0861111 0.0234375 0.118519
0 0.50599 0.731944 0.0473958 0.24537
0 0.167708 0.392593 0.04375 0.196296
0 0.225781 0.289352 0.0380208 0.160185
0 0.0770833 0.502315 0.0489583 0.212037
0 0.847396 0.861111 0.0614583 0.255556
0 0.833594 0.0768519 0.0296875 0.140741
0 0.6625 0.0337963 0.025 0.0675926
0 0.706771 0.416667 0.0416667 0.192593
0 0.115365 0.509722 0.0432292 0.212037
0 0.402083 0.498148 0.0510417 0.2
0 0.364062 0.481944 0.04375 0.20463
0 0.755729 0.84537 0.06875 0.275926
0 0.73151 0.178241 0.0328125 0.143519
