0 0.29401 0.235648 0.0286458 0.132407
0 0.945833 0.29537 0.0375 0.153704
0 0.391927 0.8875 0.0536458 0.223148
0 0.198698 0.319444 0.0307292 0.164815
0 0.354167 0.19213 0.0302083 0.132407
0 0.392708 0.185648 0.03125 0.10463
0 0.898698 0.502778 0.0338542 0.194444
0 0.663542 0.025463 0.0197917 0.0509259
0 0.845573 0.491667 0.0348958 0.183333
0 0.688281 0.0259259 0.0213542 0.0518519
0 0.920313 0.430556 0.0385417 0.183333
0 0.125 0.41713 0.0458333 0.208333
0 0.614062 0.0347222 0.0260417 0.0694444
0 0.358854 0.341667 0.0333333 0.17963
0 0.311719 0.351389 0.0526042 0.189815
0 0.905469 0.291204 0.0338542 0.171296
0 0.882031 0.225926 0.0380208 0.157407
0 0.195052 0.757407 0.0911458 0.259259
0 0.229427 0.371296 0.0401042 0.17037
0 0.8125 0.556944 0.0520833 0.228704
