0 0.00442708 0.354167 0.00885417 0.0972222
0 0.0252604 0.296296 0.0453125 0.216667
0 0.580729 0.135185 0.0364583 0.125926
0 0.576823 0.0532407 0.0286458 0.106481
0 0.33125 0.971296 0.0479167 0.0555556
0 0.958594 0.224537 0.0380208 0.176852
0 0.369531 0.32963 0.0296875 0.162963
0 0.710156 0.228704 0.0296875 0.127778
0 0.592969 0.213426 0.0328125 0.160185
0 0.416667 0.336111 0.0333333 0.168519
0 0.208073 0.284722 0.0369792 0.15463
0 0.669271 0.342593 0.0364583 0.172222
0 0.617708 0.651389 0.0479167 0.226852
0 0.915104 0.368519 0.04375 0.183333
0 0.704687 0.352315 0.0364583 0.178704
0 0.816146 0.736574 0.0552083 0.275
