0 0.177083 0.314815 0.0625 0.157407
0 0.0734375 0.328241 0.03125 0.125
0 0.59349 0.0541667 0.0203125 0.0787037
0 0.0247396 0.300463 0.0463542 0.208333
0 0.767969 0.037963 0.0213542 0.0759259
0 0.576563 0.0759259 0.0322917 0.144444
0 0.801562 0.0398148 0.0291667 0.0796296
0 0.420573 0.131019 0.0234375 0.123148
0 0.439323 0.1375 0.0255208 0.130556
0 0.783594 0.514352 0.0536458 0.212037
0 0.547396 0.0833333 0.025 0.133333
0 0.917188 0.42963 0.0458333 0.190741
0 0.86849 0.300926 0.0348958 0.187037
0 0.865104 0.937963 0.04375 0.12037
0 0.617969 0.618056 0.0526042 0.239815
