0 0.0723958 0.330093 0.0291667 0.132407
0 0.0265625 0.321759 0.0427083 0.167593
0 0.585156 0.0643518 0.0213542 0.108333
0 0.371094 0.20787 0.0255208 0.0972222
0 0.925781 0.196759 0.0307292 0.15463
0 0.330469 0.221759 0.0265625 0.14537
0 0.855729 0.173611 0.0302083 0.130556
0 0.625521 0.0712963 0.0239583 0.107407
0 0.354167 0.201389 0.028125 0.130556
0 0.309115 0.228704 0.0307292 0.166667
0 0.895833 0.241204 0.0302083 0.147222
0 0.6125 0.201852 0.0322917 0.151852
0 0.432292 0.141667 0.0260417 0.114815
0 0.24375 0.256481 0.0302083 0.138889
0 0.808073 0.158796 0.0328125 0.132407
0 0.738802 0.171759 0.0286458 0.125
0 0.655729 0.199537 0.0333333 0.160185
0 0.239323 0.423148 0.0463542 0.192593
0 0.514063 0.176852 0.0385417 0.144444
