0 0.496094 0.139815 0.0255208 0.105556
0 0.96875 0.270833 0.0197917 0.087963
0 0.547135 0.0532407 0.0213542 0.106481
0 0.620833 0.0722222 0.0229167 0.118519
0 0.567448 0.0699074 0.0234375 0.110185
0 0.647917 0.0796296 0.0260417 0.124074
0 0.692969 0.0819444 0.0203125 0.117593
0 0.378125 0.187963 0.0333333 0.112963
0 0.448958 0.152778 0.0333333 0.138889
0 0.426562 0.125 0.0260417 0.12963
0 0.585156 0.127315 0.0348958 0.123148
0 0.536979 0.158796 0.028125 0.128704
0 0.323958 0.427778 0.040625 0.185185
0 0.904167 0.457407 0.0427083 0.222222
0 0.468229 0.586111 0.0572917 0.205556
0 0.0341146 0.4875 0.0463542 0.182407
0 0.707031 0.443519 0.0526042 0.211111
0 0.622135 0.497222 0.0421875 0.218519
0 0.815104 0.931944 0.075 0.136111
