0 0.388281 0.451852 0.0130208 0.0388889
0 0.440365 0.487963 0.0567708 0.127778
0 0.585677 0.513889 0.0390625 0.0888889
0 0.857292 0.477778 0.0239583 0.140741
0 0.485938 0.491667 0.0208333 0.0833333
0 0.950781 0.571759 0.0848958 0.137963
0 0.650521 0.506944 0.0385417 0.149074
0 0.354688 0.468056 0.015625 0.0805556
0 0.301042 0.482407 0.028125 0.12037
0 0.424219 0.491667 0.0244792 0.135185
0 0.45625 0.490741 0.0260417 0.131481
0 0.786198 0.531018 0.0765625 0.219444
0 0.696094 0.528241 0.0442708 0.230556
