0 0.00963542 0.510185 0.0192708 0.185185
0 0.688542 0.0893519 0.0208333 0.113889
0 0.479167 0.148611 0.025 0.112037
0 0.352344 0.202315 0.0317708 0.130556
0 0.43099 0.164352 0.0265625 0.134259
0 0.62474 0.0611111 0.0223958 0.116667
0 0.651823 0.0708333 0.0265625 0.121296
0 0.557813 0.113426 0.034375 0.125
0 0.407813 0.134722 0.0270833 0.130556
0 0.543229 0.458796 0.05 0.184259
0 0.51276 0.19213 0.0328125 0.132407
0 0.351042 0.39537 0.0427083 0.183333
0 0.801302 0.959259 0.0609375 0.0814815
0 0.621875 0.497685 0.0447917 0.219444
0 0.891146 0.4875 0.0447917 0.237963
0 0.69401 0.477778 0.0526042 0.224074
