0 0.380469 0.197222 0.0359375 0.114815
0 0.490625 0.0550926 0.0208333 0.0601852
0 0.471615 0.106481 0.0213542 0.135185
0 0.633073 0.0101852 0.00885417 0.0203704
0 0.389323 0.187037 0.0213542 0.0925926
0 0.488021 0.113889 0.0260417 0.124074
0 0.898958 0.275 0.034375 0.153704
0 0.514583 0.0814815 0.0208333 0.103704
0 0.433333 0.143519 0.034375 0.138889
0 0.361979 0.515741 0.0427083 0.207407
0 0.403125 0.137037 0.025 0.142593
0 0.845573 0.0439815 0.0234375 0.087963
0 0.8375 0.168519 0.0322917 0.125926
0 0.36875 0.196296 0.0270833 0.125926
0 0.136979 0.387963 0.040625 0.177778
0 0.53724 0.113426 0.0307292 0.125
0 0.241667 0.316667 0.0479167 0.181481
0 0.609896 0.602778 0.0479167 0.253704
0 0.90599 0.423148 0.0442708 0.190741
0 0.43151 0.896296 0.0609375 0.201852
