0 0.992188 0.894444 0.015625 0.192593
0 0.608333 0.0328704 0.0229167 0.0657407
0 0.813021 0.173148 0.034375 0.125926
0 0.895833 0.404167 0.0416667 0.186111
0 0.545573 0.0768519 0.0244792 0.101852
0 0.816667 0.454167 0.05 0.210185
0 0.425 0.176852 0.0333333 0.12037
0 0.215365 0.613426 0.0484375 0.230556
0 0.601042 0.150926 0.03125 0.12963
0 0.0158854 0.425 0.0276042 0.17037
0 0.9 0.660648 0.0520833 0.226852
0 0.271354 0.634722 0.0697917 0.275
0 0.811458 0.840741 0.0572917 0.283333
0 0.40026 0.481944 0.0401042 0.182407
0 0.255469 0.324074 0.0369792 0.166667
