0 0.836198 0.050463 0.0234375 0.0712963
0 0.686198 0.012963 0.00989583 0.0259259
0 0.594792 0.0449074 0.0197917 0.087963
0 0.416667 0.153704 0.0270833 0.127778
0 0.957812 0.280556 0.0427083 0.103704
0 0.82526 0.122222 0.0421875 0.146296
0 0.533073 0.0527778 0.0244792 0.101852
0 0.00989583 0.63287 0.0197917 0.184259
0 0.789062 0.0810185 0.028125 0.113889
0 0.0335938 0.437037 0.0484375 0.209259
0 0.154427 0.33287 0.0317708 0.158333
0 0.497917 0.249537 0.0322917 0.137963
0 0.688542 0.328704 0.034375 0.162963
0 0.345573 0.45787 0.0473958 0.178704
0 0.747656 0.280556 0.0369792 0.17037
0 0.307813 0.440741 0.040625 0.201852
0 0.657292 0.303241 0.0354167 0.173148
