0 0.6125 0.0314815 0.0197917 0.062963
0 0.491406 0.112037 0.0276042 0.153704
0 0.96276 0.26713 0.0317708 0.100926
0 0.533594 0.0981481 0.0244792 0.133333
0 0.454948 0.118981 0.0276042 0.141667
0 0.565885 0.075463 0.0223958 0.112037
0 0.74974 0.1625 0.0338542 0.126852
0 0.656771 0.0532407 0.0260417 0.106481
0 0.719271 0.0458333 0.01875 0.0916667
0 0.639063 0.123148 0.028125 0.135185
0 0.0828125 0.385185 0.0427083 0.225926
0 0.603646 0.120833 0.028125 0.125
0 0.204167 0.34213 0.0364583 0.160185
0 0.771354 0.277315 0.04375 0.178704
0 0.10625 0.619907 0.0572917 0.213889
0 0.623177 0.498148 0.0421875 0.22037
0 0.725781 0.743519 0.0588542 0.311111
0 0.88151 0.730556 0.0619792 0.242593
