0 0.194531 0.793056 0.0796875 0.173148
0 0.225781 0.276389 0.0234375 0.158333
0 0.93125 0.553241 0.0677083 0.223148
0 0.342708 0.16713 0.0333333 0.123148
0 0.329948 0.226852 0.0317708 0.151852
0 0.301562 0.228241 0.0354167 0.156481
0 0.436979 0.159722 0.0260417 0.152778
0 0.850521 0.137963 0.03125 0.122222
0 0.414844 0.141667 0.0276042 0.133333
0 0.246354 0.291667 0.0302083 0.151852
0 0.948698 0.533796 0.0359375 0.206481
0 0.222917 0.74537 0.0510417 0.25
0 0.914844 0.587963 0.0411458 0.212963
0 0.807813 0.0851852 0.0270833 0.118519
0 0.919792 0.199537 0.034375 0.147222
0 0.594792 0.0671296 0.03125 0.119444
0 0.271354 0.30787 0.0395833 0.169444
0 0.747656 0.281944 0.0338542 0.180556
0 0.579948 0.661574 0.0494792 0.241667
0 0.852083 0.563889 0.05625 0.212963
0 0.0869792 0.475 0.0604167 0.222222
0 0.322917 0.807407 0.0614583 0.27037
0 0.383854 0.860185 0.0729167 0.27963
