0 0.0296875 0.326852 0.0375 0.155556
0 0.404427 0.669444 0.0953125 0.242593
0 0.0734375 0.330556 0.034375 0.12963
0 0.515885 0.206019 0.0328125 0.149074
0 0.50625 0.263426 0.034375 0.191667
0 0.73776 0.025 0.0171875 0.05
0 0.870573 0.14213 0.0276042 0.132407
0 0.392448 0.186111 0.0296875 0.0907407
0 0.134115 0.346296 0.0442708 0.166667
0 0.304167 0.606944 0.0385417 0.215741
0 0.972396 0.201389 0.0302083 0.14537
0 0.184635 0.37963 0.0359375 0.175926
0 0.457292 0.148611 0.0302083 0.136111
0 0.423438 0.706944 0.0541667 0.234259
0 0.376823 0.641204 0.0453125 0.208333
0 0.234115 0.28287 0.0328125 0.171296
0 0.93724 0.281944 0.0369792 0.184259
0 0.814583 0.815278 0.059375 0.269444
0 0.879167 0.856944 0.0604167 0.286111
0 0.615885 0.497685 0.0442708 0.219444
