0 0.0291667 0.325926 0.0364583 0.155556
1 0.368229 0.300463 0.110417 0.171296
0 0.871354 0.037037 0.0208333 0.0740741
0 0.873698 0.148611 0.0276042 0.130556
0 0.776823 0.062963 0.0223958 0.116667
0 0.852865 0.0694444 0.0223958 0.116667
0 0.258073 0.561111 0.0421875 0.22963
0 0.826563 0.0703704 0.028125 0.124074
0 0.510156 0.974074 0.0421875 0.05
0 0.603125 0.108333 0.025 0.118519
0 0.879687 0.414815 0.040625 0.175926
0 0.629687 0.10787 0.021875 0.121296
0 0.13099 0.373611 0.0369792 0.175
0 0.579167 0.188889 0.0270833 0.148148
0 0.28099 0.308796 0.0369792 0.162037
0 0.197917 0.332407 0.03125 0.194444
0 0.880208 0.684259 0.0520833 0.237037
0 0.797396 0.693519 0.0614583 0.218519
0 0.745833 0.910648 0.0635417 0.173148
