0 0.498437 0.110185 0.0260417 0.116667
0 0.508854 0.121296 0.0239583 0.125926
0 0.0255208 0.301389 0.0458333 0.208333
0 0.560156 0.0462963 0.0244792 0.0925926
0 0.66224 0.0416667 0.0244792 0.0833333
0 0.423438 0.173611 0.03125 0.115741
0 0.639583 0.0449074 0.0229167 0.0898148
0 0.330208 0.196759 0.0291667 0.134259
0 0.659115 0.124537 0.0234375 0.128704
0 0.364062 0.198148 0.025 0.114815
0 0.741927 0.16713 0.0338542 0.134259
0 0.602083 0.0412037 0.025 0.0824074
0 0.440625 0.305556 0.0333333 0.164815
0 0.623438 0.474537 0.040625 0.175
0 0.326042 0.348611 0.0416667 0.180556
0 0.265365 0.315278 0.0411458 0.178704
0 0.610156 0.628241 0.0619792 0.252778
0 0.827083 0.621296 0.0510417 0.261111
