0 0.685417 0.0291667 0.0208333 0.0583333
0 0.717969 0.439815 0.0328125 0.107407
0 0.0046875 0.354167 0.009375 0.0935185
0 0.991927 0.893519 0.0161458 0.192593
0 0.0736979 0.331019 0.0348958 0.130556
0 0.0255208 0.298611 0.046875 0.215741
0 0.0221354 0.735648 0.0442708 0.241667
0 0.309635 0.254167 0.0307292 0.156481
0 0.297135 0.408796 0.0536458 0.206481
0 0.726302 0.0601852 0.0244792 0.12037
0 0.728646 0.456019 0.040625 0.184259
0 0.816406 0.496759 0.0453125 0.20463
0 0.901563 0.793981 0.0541667 0.263889
0 0.779948 0.714352 0.0442708 0.236111
0 0.824479 0.735648 0.0739583 0.160185
0 0.407813 0.897685 0.0583333 0.202778
0 0.433073 0.641204 0.0421875 0.234259
0 0.901302 0.29213 0.0380208 0.180556
0 0.828385 0.887963 0.0807292 0.22037
0 0.35 0.892593 0.0729167 0.211111
