0 0.335156 0.198611 0.0234375 0.125
0 0.721354 0.0375 0.0145833 0.075
0 0.378385 0.180556 0.0317708 0.15
0 0.0273438 0.497685 0.0369792 0.197222
0 0.590625 0.025463 0.0208333 0.0509259
0 0.492969 0.0981481 0.0276042 0.144444
0 0.729427 0.0425926 0.0244792 0.0851852
0 0.579167 0.124074 0.0239583 0.131481
0 0.0635417 0.590278 0.040625 0.225
0 0.379167 0.860185 0.0635417 0.27963
0 0.103125 0.403704 0.046875 0.162963
0 0.283073 0.383796 0.0328125 0.167593
0 0.635156 0.037963 0.0244792 0.0759259
0 0.870052 0.0421296 0.0255208 0.0842593
0 0.564062 0.151852 0.0260417 0.138889
0 0.923177 0.475926 0.0453125 0.205556
0 0.263281 0.41713 0.0432292 0.193519
0 0.0864583 0.677315 0.0666667 0.223148
0 0.817187 0.108796 0.0291667 0.130556
0 0.18724 0.367593 0.0432292 0.172222
0 0.538281 0.160648 0.0307292 0.150926
0 0.753646 0.0439815 0.0208333 0.087963
0 0.324219 0.816667 0.0536458 0.285185
0 0.747656 0.797685 0.0619792 0.236111
0 0.395833 0.588889 0.0447917 0.22037
