0 0.899219 0.0273148 0.0171875 0.0546296
0 0.025 0.298148 0.0479167 0.214815
0 0.510417 0.0652778 0.021875 0.102778
0 0.902083 0.518981 0.0541667 0.171296
0 0.292448 0.206944 0.0348958 0.106481
0 0.316927 0.25463 0.0307292 0.133333
0 0.769531 0.138426 0.0286458 0.134259
0 0.349219 0.178241 0.0307292 0.147222
0 0.652604 0.0768519 0.0260417 0.103704
0 0.952865 0.275 0.0505208 0.164815
0 0.409896 0.130556 0.0197917 0.12037
0 0.285937 0.300926 0.0395833 0.162963
0 0.673698 0.0898148 0.0234375 0.107407
0 0.447396 0.300926 0.0395833 0.17963
0 0.267188 0.408796 0.0458333 0.167593
0 0.905729 0.675463 0.0666667 0.278704
0 0.215625 0.266204 0.03125 0.149074
0 0.653906 0.190278 0.0411458 0.160185
0 0.429167 0.893981 0.0541667 0.212037
0 0.366406 0.88287 0.0598958 0.234259
0 0.616406 0.496759 0.0380208 0.215741
