0 0.300781 0.24213 0.0317708 0.0953704
0 0.446094 0.102778 0.0234375 0.112963
0 0.553385 0.0532407 0.0265625 0.106481
0 0.806771 0.0805556 0.025 0.0574074
0 0.0731771 0.32963 0.0328125 0.125926
0 0.0270833 0.323148 0.0416667 0.161111
0 0.611979 0.0509259 0.021875 0.101852
0 0.321094 0.221759 0.0328125 0.119444
0 0.589583 0.05 0.0239583 0.1
0 0.435417 0.144444 0.0239583 0.114815
0 0.307813 0.353241 0.0322917 0.191667
0 0.64401 0.0509259 0.0203125 0.101852
0 0.520573 0.116667 0.0265625 0.12963
0 0.671094 0.0518519 0.0244792 0.103704
0 0.76849 0.116204 0.0296875 0.130556
0 0.806771 0.147222 0.0291667 0.118519
0 0.830729 0.149537 0.028125 0.128704
0 0.146354 0.336111 0.05 0.185185
0 0.879167 0.860185 0.0635417 0.238889
0 0.459375 0.358796 0.0364583 0.175
0 0.435156 0.308796 0.0338542 0.162037
0 0.888802 0.376852 0.0390625 0.172222
0 0.346615 0.439352 0.0536458 0.208333
0 0.243229 0.301389 0.034375 0.187963
0 0.704167 0.263426 0.0333333 0.167593
