0 0.593229 0.0361111 0.028125 0.0722222
0 0.0270833 0.318056 0.04375 0.173148
0 0.853125 0.140278 0.0270833 0.113889
0 0.640625 0.0555556 0.025 0.111111
0 0.749219 0.1 0.0265625 0.125926
0 0.883854 0.164352 0.0302083 0.134259
0 0.551823 0.148148 0.0296875 0.138889
0 0.938281 0.323611 0.0380208 0.15463
0 0.784635 0.1125 0.0286458 0.137963
0 0.440885 0.15463 0.0276042 0.133333
0 0.627604 0.318519 0.0333333 0.166667
0 0.614844 0.225 0.0317708 0.161111
0 0.551302 0.548611 0.0567708 0.24537
0 0.458594 0.864815 0.0598958 0.268519
0 0.226302 0.489352 0.0432292 0.210185
