0 0.453125 0.492593 0.0322917 0.0796296
0 0.0958333 0.465278 0.025 0.062037
0 0.809635 0.526389 0.0640625 0.0805556
0 0.923958 0.530093 0.0364583 0.125
0 0.684375 0.511111 0.0322917 0.125926
0 0.482812 0.508333 0.0302083 0.146296
0 0.586719 0.512963 0.0390625 0.0944444
0 0.354427 0.474074 0.0171875 0.0888889
0 0.951042 0.558796 0.0895833 0.139815
0 0.813281 0.511111 0.0317708 0.0925926
0 0.644792 0.50787 0.0385417 0.14537
0 0.10625 0.461574 0.0197917 0.0675926
0 0.264323 0.480093 0.0213542 0.0935185
0 0.506771 0.504167 0.0239583 0.156481
0 0.918229 0.50463 0.0260417 0.0907407
0 0.538281 0.498148 0.0338542 0.155556
0 0.380469 0.515741 0.0390625 0.183333
