0 0.521615 0.087963 0.0213542 0.114815
0 0.604427 0.0717593 0.0244792 0.125
0 0.0132813 0.525463 0.0255208 0.167593
0 0.78151 0.0643518 0.0276042 0.113889
0 0.138542 0.369444 0.0520833 0.166667
0 0.714323 0.218519 0.0265625 0.146296
0 0.666406 0.126852 0.0317708 0.142593
0 0.859115 0.11713 0.0265625 0.126852
0 0.739323 0.251852 0.0348958 0.157407
0 0.361719 0.17037 0.0255208 0.125926
0 0.785156 0.241204 0.0286458 0.156481
0 0.830208 0.109259 0.0291667 0.135185
0 0.0471354 0.63287 0.0557292 0.232407
0 0.584115 0.236111 0.0411458 0.153704
0 0.934635 0.314815 0.0380208 0.161111
0 0.236458 0.52037 0.0510417 0.22963
0 0.127604 0.552315 0.05 0.200926
0 0.484115 0.233796 0.0307292 0.160185
0 0.547396 0.869444 0.075 0.257407
0 0.282813 0.600926 0.0447917 0.248148
0 0.616146 0.496759 0.0375 0.221296
