0 0.621875 0.469792 0.021875 0.0520833
0 0.610937 0.639583 0.0625 0.375
0 0.480469 0.527083 0.0390625 0.0916667
0 0.845312 0.469792 0.053125 0.0770833
0 0.948438 0.694792 0.103125 0.602083
0 0.396094 0.613542 0.0609375 0.310417
0 0.176563 0.583333 0.0625 0.245833
0 0.808594 0.501042 0.0734375 0.210417
0 0.13125 0.617708 0.096875 0.30625
0 0.3625 0.652083 0.1 0.375
0 0.660937 0.648958 0.1 0.43125
0 0.871094 0.690625 0.170312 0.61875
0 0.278125 0.667708 0.090625 0.364583
0 0.557031 0.658333 0.139062 0.5625
