0 0.991927 0.891204 0.0161458 0.187963
0 0.744271 0.0601852 0.025 0.105556
0 0.0299479 0.323148 0.0401042 0.164815
0 0.432292 0.115278 0.0197917 0.112037
0 0.450521 0.131019 0.0239583 0.119444
0 0.582031 0.0574074 0.0223958 0.105556
0 0.604427 0.0550926 0.0234375 0.110185
0 0.817708 0.087963 0.028125 0.062963
0 0.638021 0.0569444 0.0208333 0.113889
0 0.508073 0.124074 0.0255208 0.127778
0 0.666146 0.0555556 0.021875 0.111111
0 0.443229 0.385185 0.0354167 0.166667
0 0.175 0.316667 0.0385417 0.181481
0 0.819792 0.156481 0.028125 0.12963
0 0.9 0.363426 0.0354167 0.173148
0 0.85026 0.155093 0.0296875 0.132407
0 0.282031 0.374537 0.0432292 0.186111
0 0.778385 0.127315 0.0317708 0.130556
0 0.460156 0.285185 0.0442708 0.15
0 0.873698 0.818519 0.0609375 0.259259
0 0.310677 0.47037 0.0463542 0.214815
0 0.220313 0.319444 0.053125 0.196296
0 0.715625 0.246759 0.0333333 0.167593
