0 0.352865 0.154167 0.0276042 0.0805556
0 0.0255208 0.310185 0.0458333 0.190741
0 0.991927 0.893056 0.0161458 0.19537
0 0.441406 0.118519 0.0307292 0.111111
0 0.602865 0.222222 0.0255208 0.142593
0 0.702083 0.0472222 0.0260417 0.0944444
0 0.722135 0.0472222 0.0192708 0.0925926
0 0.658594 0.0402778 0.0265625 0.0805556
0 0.364844 0.208333 0.0401042 0.12963
0 0.935417 0.380093 0.04375 0.182407
0 0.321875 0.190278 0.0229167 0.134259
0 0.588542 0.24213 0.0375 0.167593
0 0.884896 0.347222 0.040625 0.17963
0 0.426042 0.272222 0.0270833 0.140741
0 0.88125 0.823148 0.0625 0.27963
0 0.0851562 0.361574 0.0432292 0.171296
0 0.698698 0.252778 0.0380208 0.161111
0 0.808073 0.767593 0.0588542 0.25
0 0.538542 0.199537 0.034375 0.158333
0 0.254687 0.260648 0.0333333 0.169444
0 0.564323 0.642593 0.0432292 0.212963
0 0.504167 0.628704 0.0510417 0.22963
0 0.616406 0.498148 0.0369792 0.216667
0 0.131771 0.674074 0.05 0.261111
