0 0.277604 0.302315 0.0260417 0.147222
0 0.54974 0.0430556 0.0213542 0.0861111
0 0.957292 0.42037 0.028125 0.162963
0 0.705469 0.0310185 0.0213542 0.062037
0 0.459635 0.0925926 0.0244792 0.125926
0 0.6125 0.122685 0.028125 0.126852
0 0.88125 0.0476852 0.0229167 0.0953704
0 0.905208 0.386111 0.040625 0.12963
0 0.635417 0.128241 0.025 0.119444
0 0.303385 0.225 0.0234375 0.135185
0 0.672396 0.153241 0.0260417 0.123148
0 0.801823 0.0833333 0.0286458 0.122222
0 0.428125 0.134722 0.0333333 0.137963
0 0.267708 0.35 0.0416667 0.185185
0 0.70651 0.174074 0.0328125 0.144444
0 0.242708 0.275 0.0354167 0.174074
0 0.12526 0.524074 0.0401042 0.187037
0 0.364583 0.385648 0.0458333 0.20463
0 0.883594 0.518519 0.0557292 0.231481
0 0.619531 0.494907 0.0359375 0.217593
0 0.296615 0.868981 0.0692708 0.262037
