0 0.657812 0.508796 0.025 0.139815
0 0.644531 0.509722 0.0432292 0.137963
0 0.484375 0.462037 0.015625 0.0388889
0 0.330208 0.483796 0.021875 0.0564815
0 0.381771 0.481944 0.0166667 0.0583333
0 0.559635 0.515741 0.0401042 0.0851852
0 0.814583 0.499537 0.025 0.106481
0 0.455208 0.488889 0.025 0.103704
0 0.125781 0.462963 0.0130208 0.0611111
0 0.105208 0.461574 0.0177083 0.0694444
0 0.161458 0.465278 0.0197917 0.0731481
0 0.585156 0.512037 0.0380208 0.0907407
0 0.36224 0.471296 0.0171875 0.0722222
0 0.714583 0.553241 0.05 0.256481
0 0.865885 0.584259 0.0598958 0.312963
