0 0.84974 0.0171296 0.0161458 0.0342593
0 0.00442708 0.351389 0.00885417 0.0990741
0 0.53151 0.0953704 0.0213542 0.125926
0 0.295573 0.231481 0.0442708 0.131481
0 0.0291667 0.324074 0.0385417 0.161111
0 0.671354 0.0361111 0.025 0.0722222
0 0.895573 0.482407 0.0359375 0.107407
0 0.308594 0.226852 0.0244792 0.127778
0 0.0742188 0.32963 0.0328125 0.12963
0 0.813281 0.0402778 0.0255208 0.0805556
0 0.918229 0.397685 0.040625 0.15463
0 0.908854 0.317593 0.0395833 0.124074
0 0.54375 0.11713 0.0364583 0.152778
0 0.73724 0.0569444 0.0234375 0.113889
0 0.771354 0.0587963 0.0260417 0.117593
0 0.508594 0.121296 0.0307292 0.137037
0 0.0333333 0.503704 0.0520833 0.183333
0 0.765365 0.408333 0.0411458 0.201852
0 0.663802 0.440741 0.0484375 0.198148
0 0.117969 0.396759 0.0328125 0.163889
