0 0.63776 0.0277778 0.0182292 0.0555556
0 0.0731771 0.331019 0.0338542 0.128704
0 0.0252604 0.294907 0.0473958 0.221296
0 0.123438 0.497685 0.040625 0.187963
0 0.57526 0.276389 0.0348958 0.163889
0 0.451823 0.151389 0.0276042 0.119444
0 0.159896 0.374537 0.0385417 0.19537
0 0.884896 0.0777778 0.0322917 0.127778
0 0.625 0.283333 0.0385417 0.166667
0 0.758594 0.0638889 0.0255208 0.118519
0 0.392188 0.126852 0.021875 0.142593
0 0.489583 0.161111 0.03125 0.142593
0 0.253385 0.27037 0.0380208 0.148148
0 0.371615 0.744444 0.0546875 0.237037
0 0.621875 0.498611 0.0427083 0.221296
0 0.928125 0.306019 0.0416667 0.199074
