0 0.00442708 0.353704 0.00885417 0.1
0 0.991927 0.893519 0.0161458 0.192593
0 0.588281 0.074537 0.0255208 0.137963
0 0.671875 0.0393519 0.0260417 0.0787037
0 0.53125 0.1 0.0260417 0.125926
0 0.496615 0.128704 0.0276042 0.131481
0 0.703125 0.0578704 0.0197917 0.110185
0 0.6125 0.0953704 0.025 0.125926
0 0.639323 0.102315 0.0255208 0.125
0 0.43151 0.153704 0.0328125 0.140741
0 0.128906 0.412963 0.0390625 0.162963
0 0.66901 0.140741 0.0390625 0.12963
0 0.236979 0.509259 0.0489583 0.196296
0 0.936979 0.384259 0.0375 0.212963
0 0.743229 0.349074 0.046875 0.185185
0 0.622396 0.497685 0.0427083 0.221296
0 0.853646 0.851389 0.0666667 0.260185
0 0.657552 0.877778 0.0713542 0.242593
