0 0.608073 0.11713 0.0505208 0.125
0 0.59375 0.104167 0.0302083 0.087963
0 0.866406 0.0462963 0.0234375 0.0925926
0 0.594531 0.152778 0.0317708 0.187037
0 0.88125 0.136574 0.0291667 0.126852
0 0.847135 0.0819444 0.0255208 0.123148
0 0.81875 0.0819444 0.0260417 0.119444
0 0.30026 0.289352 0.0317708 0.152778
0 0.103906 0.394907 0.0453125 0.186111
0 0.515625 0.962963 0.0625 0.0740741
0 0.788802 0.0587963 0.0244792 0.113889
0 0.785937 0.715278 0.0552083 0.187963
0 0.624219 0.115278 0.0203125 0.128704
0 0.282292 0.534259 0.0427083 0.222222
0 0.178646 0.355556 0.0479167 0.190741
0 0.872135 0.446759 0.0380208 0.189815
0 0.88151 0.727778 0.0536458 0.240741
0 0.776823 0.880556 0.0651042 0.233333
