0 0.50651 0.123611 0.0276042 0.125
0 0.970573 0.268519 0.0192708 0.087037
0 0.991927 0.894907 0.0161458 0.19537
0 0.631771 0.0921296 0.0479167 0.130556
0 0.445573 0.118519 0.0223958 0.127778
0 0.534375 0.0638889 0.0229167 0.114815
0 0.464583 0.144907 0.0239583 0.134259
0 0.571354 0.0569444 0.0229167 0.0990741
0 0.696354 0.0717593 0.0197917 0.119444
0 0.395052 0.172222 0.0276042 0.105556
0 0.645312 0.087037 0.0270833 0.122222
0 0.614323 0.131019 0.0390625 0.121296
0 0.553125 0.129167 0.0291667 0.132407
0 0.301562 0.455556 0.046875 0.187037
0 0.71875 0.411574 0.05 0.212037
0 0.375 0.736574 0.0729167 0.234259
0 0.0643229 0.461574 0.0421875 0.184259
0 0.610417 0.941204 0.075 0.113889
0 0.621875 0.497222 0.04375 0.218519
0 0.914583 0.436574 0.04375 0.226852
0 0.832292 0.907407 0.0708333 0.185185
