0 0.00494792 0.352315 0.00989583 0.100926
0 0.991667 0.894907 0.0166667 0.193519
0 0.0257812 0.299074 0.0463542 0.212963
0 0.0729167 0.328704 0.0333333 0.125926
0 0.745313 0.0199074 0.015625 0.0398148
0 0.94375 0.162037 0.034375 0.0833333
0 0.163802 0.316204 0.0359375 0.147222
0 0.441667 0.160648 0.0302083 0.147222
0 0.667448 0.974074 0.0463542 0.0518519
0 0.392708 0.186574 0.0291667 0.0898148
0 0.258594 0.2625 0.0348958 0.162037
0 0.977604 0.189352 0.021875 0.132407
0 0.871875 0.154167 0.028125 0.137963
0 0.947656 0.262037 0.0359375 0.181481
0 0.533073 0.181481 0.0296875 0.131481
0 0.459896 0.695833 0.046875 0.237963
0 0.160156 0.404167 0.0401042 0.171296
0 0.282552 0.649074 0.0401042 0.231481
0 0.48151 0.283796 0.0348958 0.180556
0 0.810156 0.8375 0.0609375 0.280556
0 0.415625 0.633333 0.0447917 0.22037
0 0.876042 0.868981 0.0645833 0.260185
0 0.620052 0.495833 0.0473958 0.217593
