0 0.972396 0.215741 0.0302083 0.125926
0 0.992188 0.89213 0.015625 0.189815
0 0.445312 0.149074 0.0291667 0.15
0 0.855729 0.144907 0.0260417 0.119444
0 0.421354 0.123611 0.0270833 0.134259
0 0.576823 0.0851852 0.0307292 0.127778
0 0.350521 0.216204 0.034375 0.102778
0 0.884115 0.075 0.0265625 0.12037
0 0.597135 0.0912037 0.0286458 0.121296
0 0.0505208 0.455556 0.0510417 0.187037
0 0.826302 0.4125 0.0380208 0.176852
0 0.780729 0.891667 0.0802083 0.214815
0 0.853125 0.461574 0.0364583 0.199074
0 0.857552 0.901389 0.0703125 0.19537
0 0.50026 0.242593 0.0494792 0.146296
0 0.90625 0.489352 0.0572917 0.237963
0 0.423698 0.816204 0.0713542 0.252778
