0 0.364583 0.190278 0.0229167 0.119444
0 0.825 0.118519 0.0270833 0.103704
0 0.345313 0.222222 0.0322917 0.0962963
0 0.573958 0.0611111 0.025 0.111111
0 0.969792 0.269444 0.021875 0.0925926
0 0.208073 0.29213 0.0421875 0.162037
0 0.597135 0.062963 0.0223958 0.107407
0 0.465365 0.117593 0.0244792 0.12963
0 0.421615 0.120833 0.0265625 0.117593
0 0.629167 0.0601852 0.0239583 0.114815
0 0.658333 0.0583333 0.0229167 0.116667
0 0.83099 0.159259 0.0317708 0.144444
0 0.501302 0.133333 0.0307292 0.131481
0 0.864323 0.162963 0.0255208 0.135185
0 0.189323 0.327315 0.0432292 0.221296
0 0.909375 0.343981 0.0364583 0.169444
0 0.472135 0.273148 0.0380208 0.155556
0 0.43151 0.401852 0.0390625 0.177778
0 0.78776 0.130556 0.0328125 0.12963
0 0.288021 0.499537 0.053125 0.219444
0 0.249219 0.400926 0.0369792 0.194444
0 0.727865 0.233333 0.0348958 0.161111
0 0.866667 0.768519 0.0625 0.251852
