0 0.289062 0.276389 0.0270833 0.15463
0 0.0994792 0.3875 0.03125 0.176852
0 0.699479 0.0462963 0.0197917 0.0925926
0 0.39375 0.187963 0.034375 0.0888889
0 0.401042 0.453704 0.034375 0.192593
0 0.34349 0.175463 0.0307292 0.143519
0 0.575 0.209722 0.0375 0.169444
0 0.513281 0.0828704 0.0223958 0.125
0 0.142188 0.480093 0.04375 0.191667
0 0.225521 0.755093 0.0552083 0.237963
0 0.432552 0.284722 0.0328125 0.162037
0 0.911719 0.71713 0.0578125 0.265741
0 0.185937 0.678241 0.0354167 0.215741
0 0.877083 0.373148 0.040625 0.2
0 0.946615 0.269444 0.0369792 0.153704
0 0.863021 0.680556 0.0541667 0.244444
0 0.621354 0.495833 0.0427083 0.221296
