0 0.839583 0.0212963 0.0177083 0.0425926
0 0.720573 0.0268519 0.0182292 0.0537037
0 0.41875 0.0814815 0.015625 0.0833333
0 0.876562 0.0106481 0.0114583 0.0212963
0 0.592448 0.145833 0.0244792 0.125
0 0.561198 0.15 0.0276042 0.135185
0 0.851302 0.062037 0.0255208 0.112963
0 0.33724 0.456944 0.0401042 0.20463
0 0.805208 0.115741 0.0260417 0.125926
0 0.355729 0.210185 0.0395833 0.103704
0 0.883333 0.856481 0.0552083 0.246296
0 0.0216146 0.47037 0.0380208 0.201852
0 0.539844 0.922222 0.0692708 0.151852
0 0.829167 0.110185 0.025 0.127778
0 0.634896 0.133333 0.0260417 0.140741
0 0.83776 0.525 0.0421875 0.196296
0 0.0921875 0.420833 0.05 0.20463
0 0.736979 0.858333 0.0635417 0.244444
0 0.839583 0.74537 0.0583333 0.264815
