0 0.00442708 0.355556 0.00885417 0.0925926
0 0.0734375 0.331019 0.0333333 0.130556
0 0.684896 0.0268519 0.025 0.0537037
0 0.0260417 0.305093 0.0458333 0.202778
1 0.364844 0.299537 0.113021 0.149074
0 0.0575521 0.701852 0.0557292 0.242593
0 0.909896 0.763426 0.0552083 0.286111
0 0.720833 0.0675926 0.025 0.125926
0 0.322917 0.375926 0.0416667 0.194444
0 0.0208333 0.684722 0.0416667 0.20463
0 0.834115 0.731481 0.0609375 0.22037
0 0.804948 0.644444 0.0442708 0.181481
0 0.289062 0.276389 0.034375 0.163889
0 0.807292 0.84537 0.0770833 0.288889
0 0.722396 0.468981 0.04375 0.19537
0 0.843229 0.48287 0.05 0.20463
0 0.459896 0.600463 0.0447917 0.226852
0 0.886979 0.3125 0.0375 0.191667
0 0.38151 0.862963 0.0619792 0.268519
0 0.439844 0.866204 0.0671875 0.262037
