0 0.311198 0.265278 0.0317708 0.150926
0 0.2625 0.235185 0.0239583 0.12037
0 0.941927 0.188889 0.0244792 0.137037
0 0.196094 0.296296 0.0307292 0.15
0 0.0992187 0.441667 0.0473958 0.185185
0 0.923177 0.315278 0.0348958 0.158333
0 0.356771 0.521759 0.065625 0.186111
0 0.0528646 0.377315 0.0536458 0.200926
0 0.874479 0.269907 0.040625 0.147222
0 0.66224 0.0421296 0.0276042 0.0842593
0 0.807552 0.561111 0.0619792 0.159259
0 0.391406 0.28287 0.0307292 0.163889
0 0.611458 0.0435185 0.0322917 0.087037
0 0.858073 0.378704 0.0369792 0.198148
0 0.227083 0.302315 0.0364583 0.175
0 0.803385 0.691204 0.0588542 0.219444
0 0.933333 0.433796 0.0375 0.184259
0 0.275 0.336111 0.0385417 0.17037
0 0.454167 0.161111 0.0270833 0.131481
0 0.897135 0.383796 0.0380208 0.180556
0 0.430469 0.276389 0.0296875 0.163889
