0 0.992188 0.894444 0.015625 0.192593
0 0.00442708 0.353241 0.00885417 0.0953704
0 0.635938 0.0217593 0.0104167 0.0435185
0 0.0255208 0.307407 0.0458333 0.198148
0 0.0723958 0.328241 0.0322917 0.126852
0 0.959375 0.32963 0.034375 0.161111
0 0.457031 0.150926 0.0244792 0.103704
0 0.597396 0.0282407 0.015625 0.0564815
0 0.68776 0.0226852 0.0161458 0.0453704
0 0.665885 0.0212963 0.0161458 0.0425926
0 0.967969 0.201389 0.0359375 0.139815
0 0.53099 0.049537 0.0234375 0.0990741
0 0.615625 0.0472222 0.0260417 0.0944444
0 0.554427 0.0532407 0.0244792 0.10463
0 0.393229 0.184259 0.0322917 0.0944444
0 0.919271 0.578704 0.0614583 0.205556
0 0.325521 0.197222 0.0333333 0.151852
0 0.914062 0.368056 0.0447917 0.182407
0 0.174479 0.430556 0.04375 0.17037
0 0.871615 0.62037 0.0473958 0.237037
0 0.880729 0.889352 0.065625 0.215741
0 0.853906 0.356944 0.0421875 0.173148
0 0.673698 0.922685 0.0838542 0.15463
