0 0.071875 0.328241 0.028125 0.128704
0 0.867969 0.0921296 0.0223958 0.112037
0 0.0320312 0.327315 0.0317708 0.150926
0 0.889844 0.0930556 0.0213542 0.106481
0 0.664583 0.0481481 0.0229167 0.0962963
0 0.785937 0.050463 0.0229167 0.100926
0 0.819271 0.0578704 0.0270833 0.115741
0 0.689583 0.0486111 0.0197917 0.0972222
0 0.39401 0.181481 0.0296875 0.0962963
0 0.90599 0.257407 0.0359375 0.153704
0 0.0333333 0.875463 0.0666667 0.24537
0 0.710677 0.149537 0.0265625 0.139815
0 0.890625 0.453241 0.0427083 0.180556
0 0.752344 0.2375 0.0317708 0.149074
0 0.407552 0.794444 0.0786458 0.275926
0 0.9375 0.441204 0.034375 0.202778
0 0.320573 0.230093 0.0296875 0.143519
0 0.404167 0.335648 0.0333333 0.176852
0 0.08125 0.486574 0.0552083 0.202778
0 0.86276 0.769444 0.0651042 0.259259
