0 0.0289063 0.323148 0.0390625 0.162963
0 0.0729167 0.330093 0.03125 0.128704
0 0.677604 0.0157407 0.0135417 0.0314815
1 0.36849 0.299537 0.109896 0.178704
0 0.731771 0.960648 0.065625 0.0787037
0 0.959635 0.226852 0.0348958 0.0814815
0 0.611719 0.0342593 0.0223958 0.0685185
0 0.539062 0.0476852 0.0229167 0.0953704
0 0.734635 0.0402778 0.0213542 0.0805556
0 0.703125 0.0787037 0.028125 0.118519
0 0.252604 0.267593 0.0333333 0.138889
0 0.7375 0.284259 0.0416667 0.146296
0 0.216146 0.325926 0.0416667 0.17963
0 0.885156 0.67963 0.0494792 0.231481
0 0.113802 0.544444 0.0432292 0.212963
0 0.0903646 0.685648 0.0411458 0.210185
0 0.28724 0.293981 0.0369792 0.169444
0 0.654948 0.830093 0.0765625 0.321296
