0 0.400521 0.139352 0.021875 0.0953704
0 0.66224 0.0356481 0.0255208 0.0712963
0 0.0286458 0.322222 0.0416667 0.17037
0 0.769792 0.0439815 0.0291667 0.087963
0 0.914583 0.600926 0.0354167 0.112963
0 0.885156 0.0342593 0.0203125 0.0685185
0 0.510938 0.0759259 0.025 0.12037
0 0.911719 0.620833 0.0463542 0.225
0 0.491667 0.217593 0.0322917 0.162963
0 0.0375 0.888889 0.075 0.212963
0 0.711719 0.0675926 0.0328125 0.125926
0 0.759115 0.434722 0.0401042 0.197222
0 0.666667 0.226852 0.0302083 0.144444
0 0.511719 0.275926 0.0317708 0.166667
0 0.545052 0.401389 0.0328125 0.176852
0 0.164062 0.356481 0.0375 0.172222
0 0.809635 0.527778 0.0567708 0.203704
0 0.723437 0.441667 0.0385417 0.187037
0 0.574219 0.418519 0.0380208 0.198148
0 0.623177 0.496296 0.0401042 0.218519
0 0.852604 0.767593 0.071875 0.266667
0 0.0958333 0.443981 0.0697917 0.19537
0 0.576302 0.700926 0.0661458 0.261111
