0 0.0299479 0.320833 0.0411458 0.167593
0 0.633073 0.119907 0.0307292 0.139815
0 0.609896 0.400926 0.034375 0.101852
0 0.742448 0.0509259 0.0192708 0.101852
0 0.45 0.19537 0.0302083 0.148148
0 0.229167 0.267593 0.0239583 0.144444
0 0.583594 0.405556 0.0359375 0.187037
0 0.753125 0.461111 0.0395833 0.207407
0 0.79401 0.486111 0.0411458 0.188889
0 0.964844 0.246296 0.0390625 0.142593
0 0.515365 0.172222 0.0255208 0.116667
0 0.495573 0.30463 0.0380208 0.161111
0 0.945052 0.485185 0.0421875 0.22037
0 0.532552 0.271296 0.0369792 0.151852
0 0.677865 0.471759 0.0421875 0.191667
0 0.619271 0.499537 0.0385417 0.208333
0 0.194792 0.375926 0.040625 0.196296
0 0.322656 0.495833 0.0494792 0.217593
