0 0.0273438 0.315278 0.0453125 0.180556
0 0.0729167 0.329167 0.0333333 0.128704
0 0.661458 0.0166667 0.0166667 0.0333333
0 0.478125 0.0967593 0.0208333 0.0990741
0 0.561719 0.0328704 0.0192708 0.0657407
0 0.874479 0.0921296 0.0291667 0.110185
0 0.508594 0.109722 0.0255208 0.117593
0 0.401563 0.179167 0.0270833 0.0935185
0 0.0192708 0.506019 0.0354167 0.210185
0 0.235677 0.390741 0.0286458 0.116667
0 0.971354 0.229167 0.0291667 0.169444
0 0.7125 0.1125 0.025 0.119444
0 0.161719 0.346296 0.0348958 0.166667
0 0.524479 0.651852 0.0489583 0.22037
0 0.60599 0.344907 0.0421875 0.173148
0 0.621875 0.493056 0.0416667 0.228704
0 0.557292 0.333796 0.0354167 0.171296
