0 0.0299479 0.323148 0.0390625 0.164815
0 0.964063 0.267593 0.0302083 0.0981481
0 0.939583 0.226389 0.03125 0.121296
0 0.154427 0.322685 0.0359375 0.150926
0 0.929427 0.349537 0.0442708 0.186111
0 0.621875 0.188889 0.028125 0.155556
0 0.595573 0.0430556 0.0234375 0.0861111
0 0.0252604 0.575463 0.0453125 0.217593
0 0.55 0.162963 0.0333333 0.148148
0 0.329948 0.366667 0.0338542 0.168519
0 0.682292 0.266204 0.0291667 0.139815
0 0.902344 0.413426 0.0494792 0.186111
0 0.371354 0.374537 0.0333333 0.180556
0 0.63724 0.391204 0.0390625 0.184259
0 0.641667 0.613426 0.04375 0.215741
0 0.676823 0.404167 0.0390625 0.193519
0 0.802083 0.639352 0.0583333 0.239815
