0 0.747396 0.391667 0.0364583 0.107407
0 0.0046875 0.353704 0.009375 0.0962963
0 0.0260417 0.308333 0.0447917 0.196296
0 0.0736979 0.330093 0.0338542 0.128704
0 0.629687 0.0152778 0.0166667 0.0305556
0 0.670833 0.0467593 0.0229167 0.0935185
0 0.400521 0.175 0.0270833 0.111111
0 0.758594 0.0398148 0.0234375 0.0759259
0 0.619792 0.562037 0.053125 0.211111
0 0.752344 0.405556 0.0411458 0.192593
0 0.775781 0.943981 0.0723958 0.106481
0 0.654688 0.930093 0.0510417 0.139815
0 0.120573 0.546759 0.0598958 0.24537
0 0.858073 0.948611 0.0494792 0.0990741
0 0.917188 0.213426 0.0364583 0.160185
0 0.266667 0.873611 0.0541667 0.252778
