0 0.00442708 0.356481 0.00885417 0.0888889
0 0.0244792 0.29537 0.0458333 0.218519
0 0.690625 0.0444444 0.0260417 0.0888889
0 0.411979 0.134722 0.0239583 0.125
0 0.407292 0.376852 0.0354167 0.190741
0 0.699219 0.96713 0.0598958 0.0657407
0 0.826042 0.10463 0.021875 0.116667
0 0.551562 0.185648 0.025 0.143519
0 0.439844 0.171296 0.0296875 0.133333
0 0.517187 0.194444 0.0302083 0.137037
0 0.808073 0.168981 0.0390625 0.141667
0 0.776302 0.165278 0.0348958 0.136111
0 0.673698 0.0851852 0.0244792 0.127778
0 0.565885 0.863426 0.0494792 0.252778
0 0.761458 0.650463 0.046875 0.223148
0 0.821094 0.950926 0.0640625 0.0981481
0 0.914062 0.571759 0.0510417 0.234259
