0 0.782031 0.238426 0.0265625 0.0842593
0 0.561979 0.037037 0.0208333 0.0740741
0 0.340104 0.205093 0.0270833 0.132407
0 0.965104 0.258333 0.0322917 0.124074
0 0.31224 0.193519 0.0317708 0.148148
0 0.110677 0.353241 0.0401042 0.175
0 0.0914062 0.488426 0.0484375 0.199074
0 0.663281 0.149074 0.0265625 0.118519
0 0.0557292 0.468056 0.0427083 0.228704
0 0.284375 0.291667 0.0364583 0.157407
0 0.240625 0.259722 0.0427083 0.165741
0 0.530729 0.190741 0.0333333 0.137037
0 0.835156 0.159722 0.0296875 0.139815
0 0.504167 0.180556 0.0302083 0.140741
0 0.917188 0.301852 0.03125 0.17037
0 0.920573 0.646296 0.0526042 0.227778
0 0.583854 0.4875 0.05 0.197222
0 0.81901 0.649537 0.0619792 0.202778
