0 0.520833 0.0583333 0.0197917 0.107407
0 0.277344 0.77037 0.0505208 0.17037
0 0.483594 0.354167 0.0286458 0.123148
0 0.584375 0.0407407 0.01875 0.0814815
0 0.75599 0.136574 0.0286458 0.117593
0 0.0208333 0.49537 0.040625 0.196296
0 0.561719 0.0689815 0.0223958 0.10463
0 0.611719 0.499537 0.0411458 0.215741
0 0.709375 0.514352 0.0489583 0.173148
0 0.629167 0.209259 0.0302083 0.138889
0 0.249219 0.273148 0.0244792 0.164815
0 0.520052 0.478241 0.0411458 0.200926
0 0.56849 0.485185 0.0453125 0.212963
