0 0.0265625 0.309259 0.0458333 0.190741
1 0.369792 0.300463 0.109375 0.173148
0 0.553646 0.0199074 0.0104167 0.0398148
0 0.703125 0.0152778 0.0197917 0.0305556
0 0.721354 0.0171296 0.0114583 0.0342593
0 0.78724 0.0203704 0.0161458 0.0407407
0 0.658333 0.0865741 0.0239583 0.112037
0 0.627865 0.0175926 0.0203125 0.0351852
0 0.483073 0.124074 0.0255208 0.131481
0 0.753646 0.348611 0.0395833 0.162037
0 0.0830729 0.430556 0.0484375 0.190741
0 0.878646 0.152778 0.03125 0.15
0 0.404687 0.633333 0.0677083 0.22037
