0 0.0276042 0.318056 0.0427083 0.176852
0 0.929427 0.212037 0.0265625 0.162963
0 0.959375 0.282407 0.0395833 0.107407
0 0.944531 0.602315 0.0369792 0.125
0 0.899479 0.0925926 0.0239583 0.137037
0 0.484896 0.0939815 0.028125 0.110185
0 0.851042 0.699537 0.0541667 0.156481
0 0.790885 0.685648 0.0567708 0.152778
0 0.0208333 0.615278 0.0416667 0.232407
0 0.536458 0.0638889 0.025 0.109259
0 0.365365 0.156481 0.0276042 0.15
0 0.904688 0.281944 0.0385417 0.180556
0 0.454948 0.153241 0.0348958 0.147222
0 0.852865 0.8625 0.0588542 0.228704
0 0.21849 0.38287 0.0380208 0.175
0 0.0565104 0.620833 0.0453125 0.225
0 0.172135 0.375 0.0401042 0.174074
0 0.786198 0.843056 0.0619792 0.262037
