0 0.0755208 0.411574 0.0354167 0.180556
0 0.14375 0.396759 0.0333333 0.178704
0 0.180469 0.759259 0.0526042 0.244444
0 0.394271 0.186574 0.0333333 0.0935185
0 0.30625 0.259722 0.0302083 0.150926
0 0.422396 0.430556 0.0302083 0.181481
0 0.692708 0.0513889 0.0229167 0.102778
0 0.414062 0.283796 0.0354167 0.136111
0 0.529167 0.0717593 0.021875 0.117593
0 0.0203125 0.58287 0.040625 0.213889
0 0.165885 0.449537 0.0390625 0.180556
0 0.588802 0.196296 0.0338542 0.161111
0 0.93776 0.287963 0.0369792 0.157407
0 0.141146 0.697222 0.0375 0.224074
0 0.87526 0.661111 0.0546875 0.242593
0 0.864583 0.398611 0.0395833 0.208333
0 0.919271 0.69213 0.059375 0.262037
0 0.621875 0.494444 0.0416667 0.22037
