0 0.357292 0.133333 0.0270833 0.0851852
0 0.459115 0.124074 0.0255208 0.125926
0 0.351823 0.20463 0.0369792 0.148148
0 0.446094 0.157407 0.0255208 0.133333
0 0.427344 0.144444 0.0276042 0.153704
0 0.725 0.32037 0.0395833 0.17037
0 0.317969 0.20787 0.0244792 0.149074
0 0.922917 0.552315 0.0427083 0.202778
0 0.952865 0.498611 0.0328125 0.176852
0 0.848177 0.144907 0.0328125 0.125
0 0.248958 0.693519 0.0458333 0.227778
0 0.21276 0.287963 0.0380208 0.153704
0 0.924219 0.209722 0.0359375 0.156481
0 0.814323 0.0787037 0.0276042 0.118519
0 0.58776 0.0731481 0.0276042 0.118519
0 0.290625 0.293056 0.028125 0.162037
0 0.860937 0.543056 0.0520833 0.219444
0 0.126823 0.444444 0.0421875 0.201852
0 0.264583 0.282407 0.03125 0.164815
0 0.556771 0.704167 0.05 0.258333
0 0.378646 0.890278 0.075 0.217593
0 0.308333 0.8625 0.0645833 0.275
