0 0.608854 0.0324074 0.021875 0.0648148
0 0.436198 0.118981 0.0244792 0.130556
0 0.788021 0.0925926 0.0270833 0.0925926
0 0.700781 0.440278 0.0380208 0.167593
0 0.0252604 0.29537 0.0473958 0.218519
0 0.502865 0.321759 0.0442708 0.149074
0 0.410156 0.316204 0.0380208 0.169444
0 0.575521 0.35463 0.0364583 0.172222
0 0.739323 0.560185 0.0380208 0.22037
0 0.849479 0.397685 0.0489583 0.184259
0 0.683854 0.523148 0.0510417 0.15
0 0.59349 0.177315 0.0276042 0.147222
0 0.248177 0.29537 0.0328125 0.168519
0 0.38724 0.518056 0.0390625 0.208333
0 0.429167 0.539815 0.0583333 0.22963
0 0.902865 0.530556 0.0567708 0.22963
0 0.622917 0.496296 0.0427083 0.218519
0 0.736458 0.891667 0.0604167 0.214815
0 0.829167 0.9 0.065625 0.198148
