0 0.729167 0.988426 0.025 0.0212963
0 0.738802 0.0472222 0.0307292 0.0944444
0 0.477344 0.099537 0.0255208 0.134259
0 0.91276 0.728241 0.0453125 0.221296
0 0.628385 0.280556 0.0338542 0.146296
0 0.310417 0.261574 0.0354167 0.15463
0 0.0515625 0.432407 0.0458333 0.192593
0 0.450781 0.260185 0.0338542 0.168519
0 0.623958 0.493056 0.0395833 0.213889
0 0.320573 0.516667 0.0588542 0.157407
0 0.639844 0.552778 0.0442708 0.211111
0 0.755208 0.511111 0.04375 0.212963
0 0.829687 0.456481 0.053125 0.194444
0 0.555729 0.22037 0.028125 0.159259
0 0.717448 0.506019 0.0369792 0.19537
0 0.471354 0.456481 0.0333333 0.188889
0 0.501302 0.469907 0.0411458 0.20463
0 0.867188 0.635648 0.0625 0.25463
