0 0.953646 0.337963 0.04375 0.151852
0 0.764323 0.0662037 0.0463542 0.112037
0 0.454427 0.126852 0.0296875 0.137037
0 0.54974 0.0439815 0.0234375 0.087963
0 0.411979 0.144444 0.0260417 0.118519
0 0.844792 0.0699074 0.028125 0.119444
0 0.434375 0.15787 0.0291667 0.150926
0 0.071875 0.388889 0.040625 0.127778
0 0.238542 0.283796 0.0322917 0.150926
0 0.0984375 0.556944 0.0552083 0.225
0 0.507812 0.221296 0.0375 0.190741
0 0.595052 0.0546296 0.0255208 0.109259
0 0.726302 0.0518519 0.0213542 0.103704
0 0.0567708 0.481481 0.046875 0.203704
0 0.749219 0.0666667 0.0223958 0.112963
0 0.776042 0.0652778 0.0208333 0.113889
0 0.556771 0.208796 0.0302083 0.14537
0 0.107292 0.971296 0.0364583 0.0537037
0 0.235938 0.511111 0.05625 0.198148
0 0.538021 0.451852 0.0427083 0.211111
0 0.803385 0.606481 0.0484375 0.211111
