0 0.128385 0.292593 0.0265625 0.144444
0 0.00416667 0.356019 0.00833333 0.0898148
0 0.0286458 0.322222 0.0395833 0.164815
0 0.851823 0.0986111 0.0223958 0.110185
0 0.0731771 0.329167 0.0328125 0.126852
0 0.498177 0.0740741 0.0265625 0.12963
0 0.557292 0.037963 0.01875 0.0759259
0 0.521875 0.103241 0.0239583 0.117593
0 0.136719 0.370833 0.0338542 0.163889
0 0.278125 0.380556 0.03125 0.122222
0 0.376042 0.195833 0.03125 0.110185
0 0.599479 0.368056 0.0416667 0.193519
0 0.696875 0.127778 0.028125 0.124074
0 0.56276 0.625 0.0515625 0.207407
0 0.616667 0.493981 0.040625 0.228704
0 0.55 0.354167 0.0364583 0.175
