0 0.81901 0.490741 0.0317708 0.12963
1 0.370052 0.287963 0.110937 0.159259
0 0.0286458 0.325 0.0385417 0.161111
0 0.716667 0.115278 0.03125 0.102778
0 0.527083 0.112037 0.0270833 0.118519
0 0.558594 0.0537037 0.0234375 0.107407
0 0.752344 0.141204 0.0276042 0.0898148
0 0.189583 0.311574 0.0302083 0.160185
0 0.809115 0.516667 0.0515625 0.183333
0 0.657292 0.115741 0.0229167 0.133333
0 0.363802 0.163889 0.0265625 0.138889
0 0.133333 0.401389 0.0354167 0.20463
0 0.889063 0.314815 0.040625 0.164815
0 0.93776 0.387963 0.0421875 0.192593
0 0.748177 0.328241 0.0390625 0.175
0 0.461719 0.500926 0.0401042 0.203704
0 0.320573 0.425 0.0411458 0.216667
0 0.852344 0.671759 0.0526042 0.262037
0 0.789323 0.655556 0.0598958 0.244444
0 0.216406 0.658333 0.0484375 0.22963
0 0.259896 0.664352 0.0458333 0.239815
0 0.622135 0.497222 0.0401042 0.22037
