0 0.678906 0.50787 0.0317708 0.137963
0 0.709115 0.500926 0.0244792 0.087037
0 0.944531 0.475926 0.0317708 0.107407
0 0.338021 0.486574 0.0135417 0.0472222
0 0.584896 0.510648 0.0364583 0.0935185
0 0.479688 0.487963 0.0302083 0.0888889
0 0.452344 0.488889 0.0390625 0.0907407
0 0.976562 0.721759 0.046875 0.171296
0 0.350521 0.466667 0.0145833 0.0796296
0 0.0890625 0.458796 0.0177083 0.075
0 0.644792 0.506481 0.0395833 0.146296
0 0.93099 0.54537 0.0557292 0.255556
0 0.541406 0.5375 0.0567708 0.221296
