0 0.439323 0.733796 0.0442708 0.128704
0 0.922656 0.222222 0.0296875 0.15
0 0.0723958 0.330556 0.03125 0.12963
0 0.601823 0.12037 0.0296875 0.0925926
0 0.385156 0.194907 0.0265625 0.100926
0 0.49375 0.141204 0.028125 0.126852
0 0.728646 0.753704 0.046875 0.275926
0 0.0252604 0.296759 0.0484375 0.219444
0 0.946875 0.4625 0.0375 0.186111
0 0.465104 0.132407 0.0239583 0.140741
0 0.423958 0.126389 0.03125 0.150926
0 0.947656 0.260185 0.0380208 0.140741
0 0.900781 0.236111 0.0380208 0.161111
0 0.585417 0.0722222 0.025 0.127778
0 0.917708 0.591667 0.05 0.222222
0 0.522396 0.149074 0.025 0.140741
0 0.891406 0.396759 0.0401042 0.169444
0 0.828646 0.100926 0.0270833 0.133333
0 0.557552 0.141204 0.0255208 0.132407
0 0.813802 0.669907 0.0411458 0.249074
0 0.86901 0.531944 0.0505208 0.236111
0 0.776302 0.764815 0.0588542 0.262963
0 0.817187 0.918981 0.0697917 0.162037
0 0.2875 0.239815 0.0375 0.138889
0 0.434115 0.741667 0.0557292 0.257407
