0 0.0289063 0.326852 0.0380208 0.155556
0 0.623438 0.0212963 0.015625 0.0425926
0 0.854427 0.105093 0.0265625 0.119444
0 0.878906 0.108333 0.0244792 0.112963
0 0.948438 0.406019 0.0229167 0.176852
0 0.655729 0.0384259 0.0229167 0.0768519
0 0.678646 0.0412037 0.0229167 0.0824074
0 0.705729 0.0430556 0.0229167 0.0861111
0 0.897135 0.222685 0.0338542 0.147222
0 0.809635 0.0726852 0.0296875 0.128704
0 0.688021 0.172222 0.0322917 0.148148
0 0.774479 0.0611111 0.025 0.12037
0 0.904948 0.406944 0.0411458 0.171296
0 0.365365 0.194444 0.0276042 0.127778
0 0.707292 0.262037 0.03125 0.153704
0 0.44401 0.18287 0.0276042 0.152778
0 0.0229167 0.550463 0.0458333 0.197222
0 0.459896 0.689352 0.0760417 0.250926
0 0.355729 0.379167 0.0354167 0.187963
0 0.833073 0.854167 0.0692708 0.278704
