0 0.957552 0.438426 0.0296875 0.167593
0 0.0752604 0.633796 0.0411458 0.178704
0 0.61875 0.0476852 0.0260417 0.0953704
0 0.0145833 0.471759 0.0291667 0.199074
0 0.947656 0.210185 0.0328125 0.144444
0 0.676302 0.263889 0.0317708 0.137037
0 0.908594 0.399537 0.0380208 0.212037
0 0.442969 0.120833 0.0244792 0.136111
0 0.924479 0.425 0.0427083 0.212963
0 0.0174479 0.893981 0.0348958 0.202778
0 0.0880208 0.652315 0.0416667 0.24537
0 0.28724 0.268519 0.0296875 0.148148
0 0.744531 0.049537 0.0244792 0.0990741
0 0.279948 0.449074 0.0359375 0.168519
0 0.817187 0.168981 0.0354167 0.141667
0 0.197917 0.870833 0.0635417 0.258333
0 0.238542 0.258796 0.0322917 0.167593
0 0.872135 0.397685 0.0411458 0.187963
0 0.622656 0.499074 0.0401042 0.218519
