0 0.0541667 0.764352 0.0947917 0.334259
0 0.661719 0.074537 0.0244792 0.115741
0 0.946354 0.596296 0.0416667 0.214815
0 0.559635 0.0472222 0.0255208 0.0944444
0 0.364323 0.201852 0.0265625 0.112963
0 0.0195312 0.43287 0.0390625 0.162037
0 0.264583 0.240278 0.0364583 0.162037
0 0.222135 0.363426 0.0411458 0.184259
0 0.348177 0.37037 0.0380208 0.177778
0 0.0989583 0.488426 0.040625 0.199074
0 0.467187 0.360648 0.0302083 0.175
0 0.622396 0.155556 0.0427083 0.153704
0 0.918229 0.591667 0.0479167 0.222222
0 0.816927 0.484259 0.0473958 0.227778
0 0.433333 0.198148 0.0333333 0.142593
0 0.917708 0.333796 0.0375 0.167593
0 0.621094 0.49537 0.0442708 0.218519
