0 0.639323 0.0203704 0.0182292 0.0407407
0 0.0726563 0.330556 0.0296875 0.12963
0 0.850521 0.164352 0.0302083 0.130556
0 0.0257812 0.311574 0.0442708 0.189815
0 0.339323 0.206019 0.0307292 0.141667
0 0.610156 0.0837963 0.0255208 0.117593
0 0.873177 0.234259 0.0317708 0.144444
0 0.35625 0.217593 0.0291667 0.0981481
0 0.815365 0.146296 0.0307292 0.131481
0 0.932552 0.216204 0.0432292 0.15463
0 0.317448 0.237963 0.0286458 0.138889
0 0.599479 0.213889 0.0333333 0.157407
0 0.453125 0.126852 0.0208333 0.12037
0 0.258854 0.240278 0.028125 0.137963
0 0.266406 0.401389 0.0421875 0.184259
0 0.294271 0.238889 0.03125 0.164815
0 0.728125 0.182407 0.0333333 0.127778
0 0.501302 0.19213 0.0338542 0.143519
0 0.643229 0.211111 0.0333333 0.162963
