0 0.0257812 0.300926 0.0463542 0.211111
0 0.40651 0.159259 0.0244792 0.0740741
0 0.991667 0.89537 0.0166667 0.196296
0 0.482031 0.0796296 0.0234375 0.122222
0 0.0947917 0.45787 0.0375 0.191667
0 0.30599 0.240278 0.0286458 0.14537
0 0.393229 0.187037 0.03125 0.0851852
0 0.877344 0.182407 0.0276042 0.144444
0 0.95651 0.223148 0.0359375 0.155556
0 0.436719 0.316204 0.0432292 0.186111
0 0.91875 0.215278 0.034375 0.134259
0 0.814844 0.881019 0.0536458 0.236111
0 0.754167 0.922222 0.0572917 0.15
0 0.221875 0.279167 0.0333333 0.158333
0 0.557813 0.154167 0.0302083 0.130556
0 0.534635 0.686111 0.0484375 0.248148
0 0.240625 0.72963 0.04375 0.244444
0 0.861458 0.902778 0.071875 0.194444
0 0.691667 0.916667 0.0604167 0.161111
0 0.477344 0.601852 0.0380208 0.209259
0 0.619792 0.495833 0.046875 0.219444
