0 0.730208 0.0421296 0.0208333 0.0842593
0 0.991927 0.893519 0.0161458 0.192593
0 0.553125 0.17963 0.0364583 0.138889
0 0.421875 0.125 0.0302083 0.116667
0 0.590625 0.234722 0.0239583 0.149074
0 0.373437 0.199074 0.040625 0.12963
0 0.653125 0.0462963 0.0270833 0.0925926
0 0.572917 0.256944 0.0354167 0.156481
0 0.308333 0.197685 0.034375 0.143519
0 0.915365 0.395833 0.0453125 0.178704
0 0.586458 0.610185 0.0458333 0.216667
0 0.25026 0.275926 0.0380208 0.172222
0 0.68724 0.272685 0.0338542 0.162037
0 0.870573 0.363426 0.0442708 0.187963
0 0.442448 0.25 0.0296875 0.140741
0 0.876302 0.868519 0.0692708 0.255556
0 0.84401 0.732407 0.0484375 0.251852
0 0.06875 0.382407 0.0479167 0.175926
0 0.616667 0.498148 0.0364583 0.214815
0 0.17474 0.638889 0.0598958 0.25
0 0.52474 0.593518 0.0515625 0.22037
